0.999437 0.005579 -0.033073 -0.366519 -0.006065 0.999875 -0.014616 -0.218205 0.032987 0.014809 0.999346 6.557814
0.999431 0.005567 -0.033280 -0.392235 -0.006055 0.999875 -0.014602 -0.233421 0.033194 0.014795 0.999339 7.013615
0.999424 0.005554 -0.033493 -0.418902 -0.006045 0.999875 -0.014587 -0.249181 0.033408 0.014781 0.999332 7.485699
0.999416 0.005540 -0.033713 -0.446536 -0.006034 0.999876 -0.014569 -0.265494 0.033628 0.014764 0.999325 7.974274
0.999409 0.005527 -0.033937 -0.475150 -0.006024 0.999876 -0.014549 -0.282366 0.033852 0.014745 0.999318 8.479540
0.999401 0.005513 -0.034165 -0.504759 -0.006012 0.999876 -0.014528 -0.299802 0.034081 0.014725 0.999311 9.001688
0.999393 0.005499 -0.034398 -0.535378 -0.006001 0.999877 -0.014505 -0.317810 0.034314 0.014702 0.999303 9.540900
0.999385 0.005485 -0.034634 -0.567019 -0.005990 0.999877 -0.014480 -0.336394 0.034551 0.014678 0.999295 10.097351
0.999377 0.005472 -0.034875 -0.599696 -0.005979 0.999878 -0.014454 -0.355560 0.034792 0.014654 0.999287 10.671202
0.999368 0.005458 -0.035119 -0.633422 -0.005967 0.999878 -0.014427 -0.375313 0.035036 0.014628 0.999279 11.262608
0.999360 0.005444 -0.035368 -0.668211 -0.005956 0.999879 -0.014399 -0.395660 0.035285 0.014601 0.999271 11.871713
0.999351 0.005430 -0.035620 -0.704074 -0.005946 0.999879 -0.014370 -0.416603 0.035538 0.014573 0.999262 12.498651
0.999342 0.005417 -0.035877 -0.741024 -0.005935 0.999880 -0.014340 -0.438149 0.035795 0.014544 0.999253 13.143543
0.999332 0.005405 -0.036138 -0.779073 -0.005925 0.999880 -0.014310 -0.460302 0.036056 0.014514 0.999244 13.806504
0.999323 0.005393 -0.036403 -0.818232 -0.005916 0.999881 -0.014279 -0.483066 0.036321 0.014484 0.999235 14.487633
0.999313 0.005383 -0.036672 -0.858513 -0.005909 0.999881 -0.014247 -0.506445 0.036591 0.014454 0.999226 15.187021
0.999303 0.005374 -0.036945 -0.899926 -0.005903 0.999882 -0.014216 -0.530443 0.036864 0.014424 0.999216 15.904748
0.999293 0.005367 -0.037222 -0.942482 -0.005898 0.999882 -0.014184 -0.555065 0.037142 0.014393 0.999206 16.640880
0.999282 0.005361 -0.037503 -0.986190 -0.005896 0.999882 -0.014152 -0.580312 0.037423 0.014363 0.999196 17.395472
0.999271 0.005358 -0.037787 -1.031059 -0.005895 0.999883 -0.014120 -0.606186 0.037707 0.014332 0.999186 18.168567
0.999261 0.005356 -0.038074 -1.077096 -0.005897 0.999883 -0.014087 -0.632690 0.037994 0.014301 0.999176 18.960194
0.999249 0.005357 -0.038363 -1.124308 -0.005900 0.999884 -0.014054 -0.659824 0.038284 0.014270 0.999165 19.770370
0.999238 0.005360 -0.038654 -1.172702 -0.005906 0.999884 -0.014021 -0.687588 0.038575 0.014239 0.999154 20.599099
0.999227 0.005365 -0.038946 -1.222281 -0.005914 0.999885 -0.013989 -0.715981 0.038866 0.014208 0.999143 21.446375
0.999215 0.005373 -0.039237 -1.273048 -0.005925 0.999885 -0.013956 -0.745005 0.039158 0.014178 0.999132 22.312175
0.999204 0.005382 -0.039527 -1.325007 -0.005937 0.999885 -0.013924 -0.774657 0.039448 0.014147 0.999121 23.196466
0.999188 0.005391 -0.039918 -1.371397 -0.005949 0.999886 -0.013885 -0.800905 0.039839 0.014111 0.999106 23.977176
0.999173 0.005402 -0.040310 -1.418488 -0.005964 0.999886 -0.013846 -0.827486 0.040230 0.014075 0.999091 24.767485
0.999157 0.005415 -0.040700 -1.466257 -0.005981 0.999887 -0.013806 -0.854386 0.040621 0.014038 0.999076 25.566950
0.999141 0.005430 -0.041086 -1.514676 -0.006000 0.999887 -0.013765 -0.881590 0.041007 0.014000 0.999061 26.375117
0.999125 0.005447 -0.041464 -1.563717 -0.006021 0.999888 -0.013724 -0.909082 0.041385 0.013962 0.999046 27.191530
0.999110 0.005466 -0.041832 -1.613351 -0.006043 0.999888 -0.013681 -0.936847 0.041752 0.013922 0.999031 28.015723
0.999095 0.005487 -0.042184 -1.663543 -0.006067 0.999889 -0.013637 -0.964869 0.042104 0.013881 0.999017 28.847225
0.999081 0.005509 -0.042517 -1.714259 -0.006092 0.999889 -0.013592 -0.993131 0.042437 0.013838 0.999003 29.685556
0.999067 0.005533 -0.042827 -1.765461 -0.006119 0.999890 -0.013545 -1.021619 0.042747 0.013794 0.998991 30.530230
0.999055 0.005559 -0.043108 -1.817108 -0.006146 0.999890 -0.013496 -1.050314 0.043029 0.013748 0.998979 31.380754
0.999044 0.005586 -0.043356 -1.869157 -0.006174 0.999891 -0.013446 -1.079202 0.043277 0.013701 0.998969 32.236628
0.999035 0.005615 -0.043566 -1.921560 -0.006204 0.999891 -0.013395 -1.108263 0.043486 0.013652 0.998961 33.097343
0.999027 0.005646 -0.043731 -1.974269 -0.006235 0.999892 -0.013342 -1.137483 0.043651 0.013602 0.998954 33.962384
0.999022 0.005679 -0.043845 -2.027231 -0.006267 0.999892 -0.013288 -1.166844 0.043765 0.013550 0.998950 34.831229
0.999019 0.005715 -0.043903 -2.080390 -0.006302 0.999893 -0.013234 -1.196329 0.043823 0.013498 0.998948 35.703347
0.999019 0.005754 -0.043898 -2.133686 -0.006338 0.999893 -0.013179 -1.225922 0.043817 0.013445 0.998949 36.578199
0.999023 0.005795 -0.043823 -2.187056 -0.006376 0.999894 -0.013125 -1.255605 0.043742 0.013391 0.998953 37.455240
0.999029 0.005840 -0.043671 -2.240431 -0.006417 0.999894 -0.013071 -1.285363 0.043590 0.013338 0.998960 38.333916
0.999039 0.005889 -0.043436 -2.293743 -0.006460 0.999894 -0.013017 -1.315177 0.043354 0.013285 0.998971 39.213668
0.999053 0.005941 -0.043109 -2.346917 -0.006505 0.999895 -0.012964 -1.345033 0.043028 0.013232 0.998986 40.093927
0.999071 0.005996 -0.042684 -2.399874 -0.006553 0.999895 -0.012912 -1.374911 0.042602 0.013179 0.999005 40.974119
0.999093 0.006055 -0.042152 -2.452532 -0.006603 0.999895 -0.012861 -1.404794 0.042070 0.013128 0.999028 41.853664
0.999120 0.006118 -0.041505 -2.504806 -0.006655 0.999896 -0.012812 -1.434666 0.041423 0.013077 0.999056 42.731977
0.999151 0.006183 -0.040736 -2.556607 -0.006708 0.999896 -0.012764 -1.464508 0.040653 0.013027 0.999088 43.608465
0.999187 0.006252 -0.039834 -2.607840 -0.006764 0.999896 -0.012719 -1.494302 0.039751 0.012978 0.999125 44.482532
0.999227 0.006325 -0.038792 -2.658409 -0.006821 0.999896 -0.012676 -1.524031 0.038708 0.012931 0.999167 45.353577
0.999273 0.006400 -0.037596 -2.708327 -0.006880 0.999896 -0.012637 -1.553746 0.037511 0.012886 0.999213 46.223066
0.999322 0.006479 -0.036238 -2.757498 -0.006939 0.999897 -0.012601 -1.583435 0.036152 0.012844 0.999264 47.090566
0.999376 0.006560 -0.034708 -2.805823 -0.007000 0.999896 -0.012570 -1.613085 0.034621 0.012805 0.999318 47.955644
0.999433 0.006644 -0.032996 -2.853199 -0.007061 0.999896 -0.012544 -1.642687 0.032909 0.012770 0.999377 48.817875
0.999494 0.006731 -0.031093 -2.899518 -0.007123 0.999896 -0.012523 -1.672227 0.031005 0.012738 0.999438 49.676835
0.999556 0.006820 -0.028988 -2.944669 -0.007185 0.999896 -0.012509 -1.701695 0.028900 0.012711 0.999501 50.532110
0.999620 0.006911 -0.026671 -2.988536 -0.007246 0.999896 -0.012500 -1.731081 0.026581 0.012688 0.999566 51.383288
0.999684 0.007004 -0.024130 -3.030999 -0.007307 0.999895 -0.012497 -1.760372 0.024040 0.012669 0.999631 52.229964
0.999747 0.007099 -0.021354 -3.071933 -0.007367 0.999895 -0.012501 -1.789559 0.021263 0.012655 0.999694 53.071743
0.999806 0.007195 -0.018331 -3.111210 -0.007425 0.999894 -0.012512 -1.818629 0.018239 0.012646 0.999754 53.908233
0.999860 0.007292 -0.015049 -3.148696 -0.007481 0.999894 -0.012530 -1.847574 0.014956 0.012641 0.999808 54.739054
0.999907 0.007390 -0.011495 -3.184252 -0.007534 0.999893 -0.012556 -1.876381 0.011401 0.012641 0.999855 55.563834
0.999943 0.007488 -0.007655 -3.217736 -0.007584 0.999892 -0.012589 -1.905041 0.007560 0.012647 0.999891 56.382209
0.999965 0.007585 -0.003517 -3.248998 -0.007629 0.999891 -0.012630 -1.933543 0.003421 0.012657 0.999914 57.193827
0.999970 0.007682 0.000933 -3.277887 -0.007670 0.999890 -0.012679 -1.961876 -0.001031 0.012672 0.999919 57.998344
0.999953 0.007778 0.005711 -3.304245 -0.007705 0.999889 -0.012737 -1.990029 -0.005809 0.012692 0.999903 58.795428
0.999910 0.007872 0.010829 -3.327909 -0.007733 0.999888 -0.012803 -2.017995 -0.010929 0.012718 0.999859 59.584760
0.999835 0.007963 0.016304 -3.348714 -0.007754 0.999887 -0.012878 -2.045764 -0.016405 0.012750 0.999784 60.366031
0.999722 0.008052 0.022151 -3.366487 -0.007766 0.999886 -0.012964 -2.073330 -0.022252 0.012788 0.999671 61.138947
0.999564 0.008138 0.028384 -3.381055 -0.007770 0.999885 -0.013059 -2.100686 -0.028487 0.012833 0.999512 61.903226
0.999353 0.008220 0.035019 -3.392236 -0.007764 0.999883 -0.013165 -2.127825 -0.035123 0.012884 0.999300 62.658600
0.999080 0.008298 0.042071 -3.399846 -0.007746 0.999882 -0.013281 -2.154743 -0.042176 0.012943 0.999026 63.404813
0.998736 0.008372 0.049556 -3.403698 -0.007716 0.999880 -0.013409 -2.181435 -0.049662 0.013010 0.998681 64.141623
0.998311 0.008440 0.057488 -3.403600 -0.007673 0.999879 -0.013549 -2.207896 -0.057595 0.013085 0.998254 64.868803
0.997791 0.008503 0.065882 -3.399357 -0.007616 0.999877 -0.013700 -2.234123 -0.065991 0.013168 0.997733 65.586138
0.997165 0.008561 0.074752 -3.390773 -0.007545 0.999875 -0.013865 -2.260112 -0.074861 0.013261 0.997106 66.293428
0.996419 0.008613 0.084111 -3.377646 -0.007457 0.999874 -0.014042 -2.285861 -0.084221 0.013365 0.996357 66.990487
0.995537 0.008659 0.093972 -3.359775 -0.007353 0.999872 -0.014233 -2.311369 -0.094083 0.013479 0.995473 67.677136
0.994503 0.008699 0.104347 -3.336955 -0.007231 0.999870 -0.014439 -2.336633 -0.104459 0.013605 0.994436 68.353204
0.993298 0.008733 0.115248 -3.308980 -0.007090 0.999867 -0.014659 -2.361652 -0.115361 0.013744 0.993229 69.018529
0.991904 0.008761 0.126684 -3.275643 -0.006929 0.999865 -0.014895 -2.386426 -0.126798 0.013897 0.991831 69.672955
0.990300 0.008783 0.138665 -3.236737 -0.006747 0.999863 -0.015146 -2.410955 -0.138779 0.014064 0.990224 70.316338
0.988465 0.008799 0.151196 -3.192056 -0.006543 0.999860 -0.015414 -2.435240 -0.151310 0.014247 0.988384 70.948541
0.986374 0.008809 0.164283 -3.141393 -0.006315 0.999857 -0.015697 -2.459281 -0.164397 0.014445 0.986288 71.569437
0.984004 0.008813 0.177928 -3.084541 -0.006063 0.999854 -0.015995 -2.483081 -0.178043 0.014660 0.983913 72.178911
0.981329 0.008811 0.192134 -3.021298 -0.005785 0.999850 -0.016309 -2.506640 -0.192249 0.014893 0.981233 72.776855
0.978323 0.008804 0.206898 -2.951459 -0.005479 0.999847 -0.016638 -2.529963 -0.207013 0.015144 0.978221 73.363174
0.974958 0.008790 0.222216 -2.874825 -0.005144 0.999843 -0.016982 -2.553050 -0.222330 0.015413 0.974850 73.937784
0.971205 0.008771 0.238082 -2.791197 -0.004779 0.999838 -0.017340 -2.575907 -0.238196 0.015703 0.971090 74.500614
0.967037 0.008746 0.254486 -2.700380 -0.004382 0.999834 -0.017710 -2.598536 -0.254599 0.016011 0.966914 75.051601
0.962423 0.008716 0.271416 -2.602183 -0.003952 0.999828 -0.018093 -2.620940 -0.271527 0.016340 0.962292 75.590700
0.957334 0.008681 0.288854 -2.496415 -0.003488 0.999823 -0.018487 -2.643125 -0.288963 0.016690 0.957195 76.117873
0.951741 0.008642 0.306781 -2.382890 -0.002989 0.999817 -0.018890 -2.665095 -0.306889 0.017061 0.951593 76.633095
0.945615 0.008598 0.325175 -2.261427 -0.002454 0.999811 -0.019302 -2.686855 -0.325279 0.017455 0.945457 77.136356
0.938928 0.008552 0.344006 -2.131846 -0.001881 0.999804 -0.019722 -2.708411 -0.344108 0.017870 0.938760 77.627655
0.931655 0.008505 0.363246 -1.993972 -0.001272 0.999796 -0.020147 -2.729769 -0.363343 0.018308 0.931476 78.107005
0.923769 0.008457 0.382857 -1.847635 -0.000625 0.999788 -0.020576 -2.750937 -0.382950 0.018768 0.923578 78.574428
0.915248 0.008410 0.402802 -1.692668 0.000059 0.999779 -0.021007 -2.771921 -0.402890 0.019251 0.915046 79.029959
0.906073 0.008364 0.423038 -1.528907 0.000781 0.999770 -0.021439 -2.792730 -0.423120 0.019756 0.905858 79.473642
0.896227 0.008321 0.443517 -1.356195 0.001540 0.999760 -0.021870 -2.813370 -0.443593 0.020283 0.895999 79.905532
0.885696 0.008282 0.464191 -1.174378 0.002337 0.999749 -0.022297 -2.833850 -0.464259 0.020833 0.885455 80.325696
0.874473 0.008248 0.485005 -0.983308 0.003170 0.999737 -0.022718 -2.854179 -0.485065 0.021403 0.874216 80.734209
0.862551 0.008220 0.505903 -0.782841 0.004038 0.999724 -0.023130 -2.874365 -0.505954 0.021994 0.862280 81.131158
0.849933 0.008199 0.526828 -0.572842 0.004941 0.999711 -0.023531 -2.894418 -0.526868 0.022603 0.849646 81.516638
0.836623 0.008185 0.547718 -0.353180 0.005877 0.999697 -0.023918 -2.914348 -0.547747 0.023229 0.836321 81.890752
0.822634 0.008181 0.568512 -0.123730 0.006845 0.999682 -0.024289 -2.934163 -0.568529 0.023872 0.822316 82.253614
0.807984 0.008186 0.589148 0.115623 0.007841 0.999666 -0.024643 -2.953874 -0.589153 0.024530 0.807649 82.605343
0.792693 0.008201 0.609565 0.364988 0.008865 0.999649 -0.024977 -2.973491 -0.609556 0.025203 0.792342 82.946069
0.776793 0.008229 0.629703 0.624467 0.009913 0.999631 -0.025292 -2.993024 -0.629678 0.025888 0.776425 83.275928
0.760316 0.008269 0.649501 0.894152 0.010983 0.999612 -0.025583 -3.012483 -0.649461 0.026585 0.759930 83.595061
0.743302 0.008323 0.668905 1.174128 0.012072 0.999593 -0.025852 -3.031880 -0.668847 0.027291 0.742899 83.903619
0.725794 0.008390 0.687861 1.464469 0.013177 0.999573 -0.026096 -3.051225 -0.687785 0.028004 0.725374 84.201755
0.707842 0.008471 0.706320 1.765242 0.014296 0.999551 -0.026314 -3.070531 -0.706226 0.028724 0.707404 84.489631
0.689496 0.008566 0.724238 2.076500 0.015425 0.999530 -0.026507 -3.089809 -0.724125 0.029448 0.689040 84.767411
0.670812 0.008676 0.741577 2.398287 0.016561 0.999507 -0.026675 -3.109071 -0.741442 0.030175 0.670338 85.035266
0.651845 0.008801 0.758301 2.730638 0.017702 0.999484 -0.026816 -3.128330 -0.758145 0.030903 0.651353 85.293371
0.632655 0.008940 0.774382 3.073571 0.018843 0.999460 -0.026932 -3.147598 -0.774205 0.031630 0.632145 85.541906
0.613299 0.009092 0.789798 3.427099 0.019982 0.999435 -0.027022 -3.166886 -0.789598 0.032354 0.612771 85.781054
0.593837 0.009258 0.804532 3.791216 0.021116 0.999410 -0.027087 -3.186206 -0.804308 0.033073 0.593291 86.011002
0.574327 0.009437 0.818572 4.165909 0.022241 0.999385 -0.027127 -3.205572 -0.818324 0.033785 0.573763 86.231942
0.554825 0.009629 0.831911 4.551148 0.023354 0.999359 -0.027143 -3.224994 -0.831639 0.034489 0.554244 86.444068
0.535386 0.009833 0.844550 4.946891 0.024453 0.999333 -0.027137 -3.244484 -0.844253 0.035181 0.534788 86.647577
0.516063 0.010049 0.856492 5.353084 0.025535 0.999306 -0.027110 -3.264055 -0.856170 0.035861 0.515448 86.842671
0.496905 0.010275 0.867744 5.769661 0.026596 0.999280 -0.027062 -3.283716 -0.867397 0.036526 0.496274 87.029552
0.477959 0.010511 0.878319 6.196542 0.027634 0.999254 -0.026996 -3.303480 -0.877947 0.037175 0.477312 87.208427
0.459268 0.010755 0.888233 6.633632 0.028648 0.999227 -0.026912 -3.323358 -0.887836 0.037806 0.458605 87.379502
0.440873 0.011008 0.897502 7.080827 0.029635 0.999201 -0.026812 -3.343359 -0.897080 0.038418 0.440195 87.542990
0.422810 0.011266 0.906148 7.538009 0.030593 0.999175 -0.026698 -3.363495 -0.905702 0.039010 0.422117 87.699104
0.405113 0.011531 0.914194 8.005048 0.031521 0.999150 -0.026570 -3.383775 -0.913723 0.039580 0.404406 87.848058
0.387813 0.011799 0.921663 8.481802 0.032418 0.999125 -0.026431 -3.404208 -0.921168 0.040128 0.387091 87.990070
0.370935 0.012069 0.928581 8.968118 0.033282 0.999100 -0.026281 -3.424804 -0.928062 0.040653 0.370199 88.125358
0.354504 0.012342 0.934973 9.463830 0.034113 0.999077 -0.026122 -3.445570 -0.934432 0.041155 0.353755 88.254142
0.338540 0.012614 0.940867 9.968765 0.034910 0.999053 -0.025956 -3.466514 -0.940304 0.041633 0.337780 88.376645
0.323063 0.012887 0.946290 10.482734 0.035673 0.999031 -0.025784 -3.487643 -0.945705 0.042086 0.322290 88.493089
0.308086 0.013158 0.951267 11.005542 0.036401 0.999009 -0.025608 -3.508962 -0.950662 0.042516 0.307302 88.603697
0.293623 0.013427 0.955827 11.536982 0.037094 0.998988 -0.025429 -3.530477 -0.955201 0.042922 0.292828 88.708693
0.279684 0.013693 0.959995 12.076837 0.037753 0.998968 -0.025248 -3.552193 -0.959350 0.043304 0.278878 88.808301
0.266276 0.013956 0.963796 12.624881 0.038377 0.998949 -0.025067 -3.574115 -0.963133 0.043662 0.265460 88.902746
0.253406 0.014213 0.967256 13.180876 0.038966 0.998931 -0.024887 -3.596245 -0.966575 0.043996 0.252581 88.992249
0.241078 0.014464 0.970398 13.744578 0.039521 0.998913 -0.024708 -3.618587 -0.969701 0.044308 0.240244 89.077034
0.229294 0.014710 0.973246 14.315731 0.040043 0.998897 -0.024531 -3.641143 -0.972533 0.044596 0.228452 89.157323
0.218056 0.014948 0.975822 14.894070 0.040531 0.998881 -0.024358 -3.663914 -0.975094 0.044862 0.217206 89.233338
0.207363 0.015179 0.978146 15.479321 0.040986 0.998867 -0.024189 -3.686902 -0.977405 0.045106 0.206506 89.305298
0.197215 0.015402 0.980239 16.071200 0.041408 0.998853 -0.024026 -3.710106 -0.979485 0.045328 0.196351 89.373425
0.187609 0.015617 0.982120 16.669415 0.041799 0.998841 -0.023867 -3.733525 -0.981354 0.045529 0.186738 89.437937
0.178542 0.015822 0.983805 17.273666 0.042158 0.998829 -0.023714 -3.757159 -0.983029 0.045709 0.177666 89.499051
0.170013 0.016017 0.985312 17.883643 0.042487 0.998819 -0.023568 -3.781004 -0.984525 0.045870 0.169132 89.556987
0.162018 0.016202 0.986655 18.499029 0.042786 0.998810 -0.023428 -3.805059 -0.985860 0.046011 0.161132 89.611962
0.154554 0.016377 0.987849 19.119498 0.043056 0.998801 -0.023295 -3.829320 -0.987046 0.046133 0.153663 89.664196
0.147617 0.016542 0.988906 19.744715 0.043297 0.998794 -0.023170 -3.853783 -0.988096 0.046237 0.146723 89.713907
0.141205 0.016696 0.989840 20.374341 0.043508 0.998787 -0.023054 -3.878446 -0.989024 0.046321 0.140308 89.761316
0.135316 0.016840 0.990659 21.008027 0.043691 0.998782 -0.022946 -3.903303 -0.989839 0.046388 0.134415 89.806641
0.129946 0.016975 0.991376 21.645422 0.043846 0.998777 -0.022849 -3.928350 -0.990551 0.046437 0.129043 89.850104
0.125094 0.017099 0.991998 22.286165 0.043974 0.998773 -0.022762 -3.953580 -0.991170 0.046470 0.124189 89.891926
0.120759 0.017215 0.992533 22.929892 0.044075 0.998771 -0.022686 -3.978988 -0.991703 0.046486 0.119852 89.932333
0.116940 0.017322 0.992988 23.576236 0.044149 0.998769 -0.022622 -4.004569 -0.992157 0.046485 0.116031 89.971549
0.113636 0.017420 0.993370 24.224824 0.044196 0.998768 -0.022570 -4.030315 -0.992539 0.046468 0.112726 90.009803
0.110847 0.017510 0.993683 24.875280 0.044216 0.998768 -0.022532 -4.056221 -0.992853 0.046434 0.109936 90.047325
0.108576 0.017591 0.993933 25.527227 0.044209 0.998769 -0.022506 -4.082279 -0.993105 0.046384 0.107664 90.084346
0.106822 0.017663 0.994121 26.180285 0.044175 0.998771 -0.022493 -4.108485 -0.993296 0.046318 0.105910 90.121101
0.105589 0.017728 0.994252 26.834073 0.044114 0.998773 -0.022494 -4.134829 -0.993431 0.046236 0.104677 90.157828
0.104879 0.017786 0.994326 27.488209 0.044026 0.998777 -0.022509 -4.161306 -0.993510 0.046137 0.103968 90.194766
0.104696 0.017836 0.994344 28.142311 0.043911 0.998781 -0.022539 -4.187908 -0.993534 0.046022 0.103785 90.232158
0.105044 0.017878 0.994307 28.796001 0.043768 0.998786 -0.022583 -4.214627 -0.993504 0.045891 0.104134 90.270250
0.105927 0.017915 0.994212 29.448901 0.043598 0.998793 -0.022642 -4.241456 -0.993418 0.045744 0.105018 90.309289
0.107352 0.017944 0.994059 30.100636 0.043400 0.998799 -0.022717 -4.268387 -0.993273 0.045581 0.106444 90.349527
0.109323 0.017968 0.993844 30.750836 0.043174 0.998807 -0.022807 -4.295413 -0.993068 0.045401 0.108417 90.391216
0.111846 0.017985 0.993563 31.399136 0.042919 0.998816 -0.022912 -4.322524 -0.992798 0.045206 0.110942 90.434612
0.114929 0.017997 0.993211 32.045174 0.042637 0.998825 -0.023033 -4.349714 -0.992458 0.044994 0.114026 90.479973
0.118577 0.018004 0.992782 32.688597 0.042326 0.998835 -0.023169 -4.376973 -0.992042 0.044768 0.117676 90.527557
0.122797 0.018005 0.992269 33.329056 0.041987 0.998846 -0.023320 -4.404294 -0.991543 0.044526 0.121899 90.577626
0.127595 0.018001 0.991663 33.966209 0.041619 0.998857 -0.023486 -4.431667 -0.990953 0.044269 0.126700 90.630442
0.132980 0.017992 0.990955 34.599722 0.041223 0.998870 -0.023667 -4.459084 -0.990261 0.043998 0.132088 90.686270
0.138955 0.017978 0.990135 35.229268 0.040800 0.998882 -0.023863 -4.486537 -0.989458 0.043713 0.138067 90.745375
0.145528 0.017960 0.989191 35.854527 0.040348 0.998896 -0.024073 -4.514017 -0.988531 0.043415 0.144643 90.808025
0.152703 0.017939 0.988109 36.475189 0.039869 0.998909 -0.024296 -4.541517 -0.987468 0.043105 0.151822 90.874487
0.160485 0.017914 0.986876 37.090950 0.039362 0.998924 -0.024533 -4.569027 -0.986253 0.042782 0.159607 90.945029
0.168876 0.017886 0.985475 37.701517 0.038827 0.998939 -0.024784 -4.596539 -0.984872 0.042448 0.168002 91.019918
0.177878 0.017856 0.983890 38.306605 0.038264 0.998954 -0.025047 -4.624047 -0.983308 0.042103 0.177009 91.099422
0.187493 0.017825 0.982104 38.905941 0.037673 0.998969 -0.025323 -4.651541 -0.981543 0.041747 0.186628 91.183807
0.197717 0.017794 0.980098 39.499258 0.037054 0.998985 -0.025612 -4.679016 -0.979559 0.041380 0.196857 91.273338
0.208549 0.017763 0.977851 40.086304 0.036405 0.999001 -0.025911 -4.706464 -0.977334 0.041002 0.207694 91.368280
0.219982 0.017733 0.975343 40.666836 0.035726 0.999018 -0.026222 -4.733879 -0.974849 0.040613 0.219133 91.468892
0.232011 0.017706 0.972552 41.240623 0.035017 0.999034 -0.026541 -4.761255 -0.972083 0.040213 0.231167 91.575433
0.244624 0.017680 0.969457 41.807446 0.034276 0.999051 -0.026869 -4.788588 -0.969012 0.039802 0.243786 91.688157
0.257811 0.017658 0.966034 42.367099 0.033504 0.999068 -0.027203 -4.815871 -0.965614 0.039379 0.256980 91.807318
0.271557 0.017640 0.962261 42.919388 0.032700 0.999086 -0.027543 -4.843101 -0.961867 0.038945 0.270732 91.933162
0.285846 0.017627 0.958114 43.464133 0.031863 0.999103 -0.027887 -4.870274 -0.957746 0.038500 0.285028 92.065934
0.300656 0.017620 0.953570 44.001167 0.030993 0.999121 -0.028234 -4.897385 -0.953229 0.038043 0.299846 92.205873
0.315966 0.017622 0.948607 44.530339 0.030090 0.999138 -0.028583 -4.924432 -0.948293 0.037575 0.315163 92.353217
0.331749 0.017632 0.943203 45.051512 0.029154 0.999156 -0.028932 -4.951411 -0.942917 0.037096 0.330955 92.508194
0.347977 0.017653 0.937337 45.564563 0.028184 0.999174 -0.029280 -4.978322 -0.937079 0.036607 0.347192 92.671030
0.364618 0.017685 0.930989 46.069388 0.027181 0.999191 -0.029626 -5.005163 -0.930760 0.036108 0.363843 92.841945
0.381637 0.017729 0.924142 46.565895 0.026146 0.999209 -0.029967 -5.031935 -0.923943 0.035600 0.380871 93.021152
0.398995 0.017787 0.916781 47.054007 0.025080 0.999226 -0.030302 -5.058637 -0.916610 0.035083 0.398240 93.208861
0.416651 0.017860 0.908891 47.533665 0.023983 0.999243 -0.030630 -5.085272 -0.908750 0.034560 0.415907 93.405273
0.434562 0.017948 0.900463 48.004821 0.022855 0.999260 -0.030947 -5.111842 -0.900352 0.034029 0.433830 93.610583
0.452680 0.018052 0.891490 48.467446 0.021699 0.999276 -0.031253 -5.138349 -0.891409 0.033492 0.451961 93.824981
0.470958 0.018173 0.881968 48.921523 0.020516 0.999292 -0.031546 -5.164796 -0.881917 0.032951 0.470252 94.048646
0.489344 0.018312 0.871898 49.367051 0.019307 0.999307 -0.031823 -5.191186 -0.871877 0.032407 0.488652 94.281751
0.507787 0.018467 0.861284 49.804042 0.018076 0.999322 -0.032084 -5.217523 -0.861293 0.031861 0.507109 94.524461
0.526234 0.018640 0.850135 50.232522 0.016825 0.999336 -0.032325 -5.243812 -0.850173 0.031314 0.525571 94.776931
0.544632 0.018829 0.838464 50.652529 0.015555 0.999349 -0.032547 -5.270055 -0.838531 0.030769 0.543984 95.039310
0.562927 0.019036 0.826288 51.064114 0.014271 0.999362 -0.032745 -5.296259 -0.826384 0.030225 0.562296 95.311735
0.581067 0.019259 0.813628 51.467342 0.012973 0.999374 -0.032921 -5.322427 -0.813752 0.029684 0.580453 95.594333
0.599001 0.019498 0.800511 51.862285 0.011666 0.999385 -0.033071 -5.348565 -0.800663 0.029149 0.598405 95.887223
0.616681 0.019751 0.786965 52.249031 0.010353 0.999395 -0.033196 -5.374677 -0.787145 0.028619 0.616104 96.190512
0.634060 0.020019 0.773025 52.627677 0.009037 0.999405 -0.033294 -5.400769 -0.773231 0.028096 0.633501 96.504295
0.651093 0.020300 0.758726 52.998328 0.007721 0.999413 -0.033366 -5.426845 -0.758958 0.027583 0.650555 96.828659
0.667742 0.020595 0.744108 53.361101 0.006409 0.999421 -0.033412 -5.452910 -0.744365 0.027080 0.667224 97.163677
0.683969 0.020900 0.729211 53.716121 0.005104 0.999428 -0.033432 -5.478971 -0.729493 0.026588 0.683471 97.509412
0.699742 0.021217 0.714080 54.063523 0.003808 0.999434 -0.033427 -5.505031 -0.714385 0.026110 0.699265 97.865915
0.715033 0.021544 0.698759 54.403445 0.002525 0.999439 -0.033398 -5.531096 -0.699086 0.025645 0.714577 98.233228
0.729817 0.021878 0.683293 54.736038 0.001257 0.999443 -0.033343 -5.557173 -0.683642 0.025193 0.729383 98.611378
0.744074 0.022220 0.667727 55.061456 0.000006 0.999447 -0.033266 -5.583265 -0.668097 0.024756 0.743662 99.000383
0.757790 0.022568 0.652108 55.379858 -0.001225 0.999449 -0.033166 -5.609378 -0.652498 0.024334 0.757400 99.400247
0.770952 0.022921 0.636480 55.691410 -0.002434 0.999451 -0.033044 -5.635516 -0.636888 0.023927 0.770585 99.810964
0.783555 0.023278 0.620887 55.996282 -0.003619 0.999452 -0.032904 -5.661685 -0.621312 0.023535 0.783210 100.232514
0.795593 0.023638 0.605370 56.294647 -0.004779 0.999452 -0.032746 -5.687889 -0.605812 0.023160 0.795271 100.664869
0.807069 0.024001 0.589969 56.586682 -0.005912 0.999452 -0.032572 -5.714133 -0.590428 0.022800 0.806768 101.107987
0.817985 0.024364 0.574724 56.872569 -0.007017 0.999451 -0.032383 -5.740422 -0.575197 0.022457 0.817707 101.561815
0.828347 0.024729 0.559669 57.152491 -0.008093 0.999449 -0.032182 -5.766760 -0.560156 0.022129 0.828091 102.026292
0.838166 0.025093 0.544838 57.426634 -0.009140 0.999447 -0.031970 -5.793154 -0.545339 0.021816 0.837932 102.501343
0.847452 0.025457 0.530261 57.695188 -0.010158 0.999444 -0.031748 -5.819605 -0.530775 0.021519 0.847240 102.986883
0.856220 0.025820 0.515966 57.958342 -0.011146 0.999441 -0.031519 -5.846121 -0.516492 0.021236 0.856029 103.482816
0.864484 0.026183 0.501978 58.216290 -0.012105 0.999437 -0.031283 -5.872703 -0.502515 0.020967 0.864314 103.989039
0.872261 0.026544 0.488320 58.469225 -0.013035 0.999433 -0.031042 -5.899358 -0.488867 0.020711 0.872113 104.505436
0.879570 0.026903 0.475009 58.717339 -0.013937 0.999428 -0.030797 -5.926088 -0.475566 0.020468 0.879442 105.031884
0.886428 0.027260 0.462063 58.960828 -0.014811 0.999424 -0.030549 -5.952897 -0.462629 0.020236 0.886321 105.568251
0.892856 0.027614 0.449494 59.199885 -0.015656 0.999418 -0.030300 -5.979789 -0.450069 0.020016 0.892769 106.114397
0.898874 0.027966 0.437314 59.434703 -0.016474 0.999413 -0.030049 -6.006768 -0.437898 0.019806 0.898807 106.670175
0.904501 0.028313 0.425530 59.665472 -0.017264 0.999407 -0.029800 -6.033836 -0.426121 0.019607 0.904454 107.235429
0.909759 0.028657 0.414147 59.892380 -0.018027 0.999401 -0.029552 -6.060995 -0.414746 0.019419 0.909730 107.809998
0.914666 0.028995 0.403169 60.115611 -0.018763 0.999394 -0.029307 -6.088248 -0.403775 0.019242 0.914656 108.393717
0.919244 0.029329 0.392595 60.335346 -0.019473 0.999388 -0.029067 -6.115597 -0.393207 0.019074 0.919252 108.986413
0.923511 0.029659 0.382424 60.551760 -0.020156 0.999381 -0.028830 -6.143043 -0.383042 0.018917 0.923537 109.587909
0.927487 0.029983 0.372651 60.765023 -0.020816 0.999374 -0.028600 -6.170587 -0.373276 0.018769 0.927531 110.198023
0.931190 0.030302 0.363272 60.975301 -0.021451 0.999367 -0.028375 -6.198233 -0.363902 0.018630 0.931251 110.816570
0.934639 0.030615 0.354278 61.182751 -0.022062 0.999360 -0.028156 -6.225979 -0.354913 0.018500 0.934716 111.443360
0.937850 0.030921 0.345660 61.387525 -0.022650 0.999353 -0.027944 -6.253827 -0.346300 0.018378 0.937944 112.078201
0.940841 0.031222 0.337408 61.589765 -0.023216 0.999346 -0.027738 -6.281776 -0.338053 0.018264 0.940950 112.720897
0.943626 0.031515 0.329509 61.789607 -0.023759 0.999338 -0.027539 -6.309827 -0.330159 0.018157 0.943751 113.371252
0.946222 0.031801 0.321952 61.987175 -0.024282 0.999331 -0.027345 -6.337975 -0.322606 0.018056 0.946361 114.029068
0.948641 0.032081 0.314723 62.182588 -0.024786 0.999324 -0.027155 -6.366220 -0.315381 0.017960 0.948795 114.694143
0.950898 0.032353 0.307808 62.375952 -0.025270 0.999317 -0.026971 -6.394555 -0.308470 0.017868 0.951066 115.366278
0.953005 0.032618 0.301193 62.567370 -0.025736 0.999310 -0.026792 -6.422978 -0.301859 0.017781 0.953187 116.045267
0.954973 0.032876 0.294865 62.756930 -0.026183 0.999303 -0.026618 -6.451482 -0.295535 0.017699 0.955168 116.730906
0.956813 0.033127 0.288809 62.944715 -0.026614 0.999296 -0.026449 -6.480063 -0.289482 0.017621 0.957021 117.422992
0.958536 0.033371 0.283011 63.130799 -0.027028 0.999289 -0.026285 -6.508714 -0.283687 0.017546 0.958756 118.121322
0.960150 0.033607 0.277458 63.315244 -0.027428 0.999282 -0.026125 -6.537431 -0.278137 0.017474 0.960383 118.825691
0.961664 0.033838 0.272135 63.498107 -0.027812 0.999276 -0.025969 -6.566205 -0.272816 0.017405 0.961909 119.535897
0.963086 0.034062 0.267029 63.679436 -0.028184 0.999269 -0.025816 -6.595030 -0.267713 0.017337 0.963343 120.251739
0.964424 0.034282 0.262128 63.859270 -0.028544 0.999263 -0.025667 -6.623901 -0.262815 0.017271 0.964692 120.973017
0.965684 0.034496 0.257419 64.037643 -0.028892 0.999257 -0.025520 -6.652810 -0.258108 0.017207 0.965963 121.699531
0.966872 0.034705 0.252890 64.214581 -0.029229 0.999251 -0.025377 -6.681749 -0.253581 0.017145 0.967162 122.431086
0.967995 0.034909 0.248530 64.390101 -0.029557 0.999244 -0.025237 -6.710713 -0.249223 0.017083 0.968295 123.167488
0.969057 0.035109 0.244327 64.564217 -0.029875 0.999238 -0.025099 -6.739694 -0.245022 0.017023 0.969368 123.908547
0.970064 0.035305 0.240270 64.736934 -0.030184 0.999233 -0.024963 -6.768684 -0.240967 0.016964 0.970385 124.654074
0.971020 0.035497 0.236348 64.908252 -0.030485 0.999227 -0.024830 -6.797677 -0.237047 0.016905 0.971351 125.403887
0.971929 0.035685 0.232552 65.078163 -0.030778 0.999221 -0.024697 -6.826665 -0.233252 0.016846 0.972270 126.157805
0.972796 0.035869 0.228871 65.246658 -0.031064 0.999215 -0.024565 -6.855641 -0.229572 0.016787 0.973147 126.915652
0.973624 0.036049 0.225295 65.413719 -0.031342 0.999210 -0.024433 -6.884597 -0.225997 0.016728 0.973984 127.677255
0.974416 0.036225 0.221815 65.579324 -0.031615 0.999205 -0.024302 -6.913526 -0.222519 0.016668 0.974786 128.442446
0.975176 0.036398 0.218421 65.743446 -0.031881 0.999199 -0.024171 -6.942419 -0.219126 0.016608 0.975555 129.211060
0.975906 0.036567 0.215106 65.906056 -0.032141 0.999194 -0.024041 -6.971270 -0.215811 0.016548 0.976295 129.982938
0.976610 0.036734 0.211858 66.067119 -0.032396 0.999189 -0.023912 -7.000070 -0.212565 0.016490 0.977008 130.757924
0.977290 0.036897 0.208671 66.226598 -0.032645 0.999184 -0.023784 -7.028814 -0.209378 0.016432 0.977697 131.535870
0.977948 0.037057 0.205535 66.384449 -0.032889 0.999179 -0.023656 -7.057495 -0.206243 0.016375 0.978364 132.316630
0.978587 0.037214 0.202442 66.540630 -0.033129 0.999174 -0.023528 -7.086106 -0.203151 0.016317 0.979012 133.100066
0.979209 0.037368 0.199384 66.695090 -0.033366 0.999169 -0.023399 -7.114641 -0.200093 0.016259 0.979642 133.886043
0.979815 0.037521 0.196353 66.847781 -0.033598 0.999165 -0.023269 -7.143092 -0.197062 0.016202 0.980257 134.674431
0.980408 0.037670 0.193342 66.998647 -0.033828 0.999160 -0.023138 -7.171452 -0.194051 0.016144 0.980859 135.465106
0.980989 0.037817 0.190343 67.147634 -0.034053 0.999155 -0.023005 -7.199716 -0.191052 0.016086 0.981448 136.257948
0.981560 0.037961 0.187349 67.294683 -0.034276 0.999151 -0.022871 -7.227877 -0.188058 0.016028 0.982027 137.052843
0.982121 0.038101 0.184353 67.439734 -0.034494 0.999146 -0.022734 -7.255929 -0.185062 0.015969 0.982597 137.849680
0.982675 0.038238 0.181349 67.582727 -0.034709 0.999142 -0.022596 -7.283866 -0.182058 0.015910 0.983159 138.648354
0.983222 0.038371 0.178332 67.723599 -0.034919 0.999138 -0.022455 -7.311681 -0.179039 0.015851 0.983714 139.448761
0.983763 0.038499 0.175294 67.862287 -0.035125 0.999134 -0.022312 -7.339368 -0.176002 0.015793 0.984263 140.250804
0.984299 0.038623 0.172233 67.998727 -0.035326 0.999130 -0.022168 -7.366922 -0.172939 0.015735 0.984807 141.054389
0.984830 0.038742 0.169142 68.132854 -0.035523 0.999126 -0.022021 -7.394337 -0.169848 0.015679 0.985346 141.859426
0.985357 0.038857 0.166018 68.264604 -0.035714 0.999123 -0.021873 -7.421608 -0.166722 0.015623 0.985880 142.665828
0.985880 0.038966 0.162857 68.393911 -0.035901 0.999119 -0.021722 -7.448729 -0.163560 0.015568 0.986410 143.473514
0.986399 0.039071 0.159657 68.520714 -0.036083 0.999116 -0.021568 -7.475695 -0.160358 0.015514 0.986937 144.282405
0.986915 0.039170 0.156414 68.644947 -0.036260 0.999113 -0.021412 -7.502503 -0.157114 0.015460 0.987459 145.092425
0.987426 0.039264 0.153127 68.766552 -0.036432 0.999110 -0.021254 -7.529147 -0.153826 0.015408 0.987978 145.903501
0.987934 0.039351 0.149795 68.885467 -0.036598 0.999107 -0.021094 -7.555623 -0.150492 0.015357 0.988492 146.715564
0.988437 0.039433 0.146417 69.001634 -0.036758 0.999105 -0.020932 -7.581927 -0.147112 0.015308 0.989001 147.528548
0.988935 0.039508 0.142993 69.114999 -0.036911 0.999103 -0.020769 -7.608056 -0.143686 0.015261 0.989506 148.342388
0.989427 0.039577 0.139525 69.225505 -0.037058 0.999101 -0.020605 -7.634008 -0.140215 0.015216 0.990004 149.157025
0.989914 0.039640 0.136012 69.333104 -0.037199 0.999099 -0.020439 -7.659778 -0.136700 0.015173 0.990496 149.972401
0.990393 0.039697 0.132458 69.437748 -0.037334 0.999097 -0.020272 -7.685365 -0.133144 0.015132 0.990981 150.788457
0.990865 0.039747 0.128866 69.539393 -0.037463 0.999096 -0.020105 -7.710767 -0.129548 0.015094 0.991458 151.605138
0.991328 0.039792 0.125238 69.638000 -0.037585 0.999094 -0.019939 -7.735986 -0.125918 0.015059 0.991926 152.422387
0.991782 0.039831 0.121578 69.733534 -0.037701 0.999093 -0.019774 -7.761020 -0.122255 0.015028 0.992385 153.240150
0.992226 0.039864 0.117890 69.825966 -0.037810 0.999092 -0.019611 -7.785871 -0.118564 0.015001 0.992833 154.058371
0.992659 0.039892 0.114178 69.915267 -0.037914 0.999092 -0.019449 -7.810542 -0.114850 0.014977 0.993270 154.877000
0.993080 0.039915 0.110446 70.001418 -0.038012 0.999091 -0.019287 -7.835033 -0.111116 0.014955 0.993695 155.695985
0.993489 0.039934 0.106700 70.084400 -0.038105 0.999091 -0.019126 -7.859348 -0.107367 0.014936 0.994107 156.515272
0.993885 0.039948 0.102944 70.164202 -0.038192 0.999090 -0.018967 -7.883488 -0.103608 0.014920 0.994506 157.334809
0.994267 0.039958 0.099183 70.240818 -0.038275 0.999090 -0.018811 -7.907456 -0.099845 0.014907 0.994891 158.154544
0.994634 0.039963 0.095422 70.314244 -0.038352 0.999090 -0.018659 -7.931255 -0.096081 0.014899 0.995262 158.974424
0.994988 0.039964 0.091665 70.384485 -0.038424 0.999090 -0.018510 -7.954888 -0.092321 0.014895 0.995618 159.794397
0.995326 0.039961 0.087917 70.451546 -0.038490 0.999090 -0.018365 -7.978359 -0.088571 0.014895 0.995959 160.614411
0.995649 0.039952 0.084183 70.515439 -0.038550 0.999090 -0.018224 -8.001670 -0.084834 0.014899 0.996284 161.434412
0.995957 0.039939 0.080467 70.576178 -0.038604 0.999091 -0.018087 -8.024825 -0.081116 0.014908 0.996593 162.254348
0.996249 0.039922 0.076773 70.633783 -0.038652 0.999091 -0.017956 -8.047827 -0.077420 0.014921 0.996887 163.074163
0.996526 0.039900 0.073107 70.688276 -0.038695 0.999092 -0.017829 -8.070681 -0.073752 0.014939 0.997165 163.893804
0.996787 0.039874 0.069471 70.739684 -0.038732 0.999093 -0.017708 -8.093388 -0.070114 0.014961 0.997427 164.713213
0.997032 0.039844 0.065870 70.788037 -0.038764 0.999094 -0.017593 -8.115953 -0.066512 0.014987 0.997673 165.532336
0.997263 0.039810 0.062309 70.833370 -0.038791 0.999094 -0.017482 -8.138380 -0.062948 0.015018 0.997904 166.351112
0.997478 0.039773 0.058791 70.875721 -0.038813 0.999095 -0.017378 -8.160671 -0.059429 0.015052 0.998119 167.169483
0.997678 0.039732 0.055319 70.915131 -0.038831 0.999096 -0.017279 -8.182832 -0.055956 0.015091 0.998319 167.987389
0.997863 0.039689 0.051898 70.951644 -0.038844 0.999097 -0.017187 -8.204864 -0.052534 0.015134 0.998504 168.804766
0.998035 0.039642 0.048531 70.985310 -0.038852 0.999099 -0.017100 -8.226774 -0.049166 0.015181 0.998675 169.621555
0.998192 0.039591 0.045222 71.016180 -0.038856 0.999100 -0.017018 -8.248563 -0.045855 0.015230 0.998832 170.437691
0.998336 0.039538 0.041974 71.044306 -0.038856 0.999101 -0.016941 -8.270236 -0.042606 0.015282 0.998975 171.253109
0.998467 0.039480 0.038790 71.069746 -0.038850 0.999103 -0.016869 -8.291796 -0.039421 0.015337 0.999105 172.067745
0.998586 0.039419 0.035673 71.092560 -0.038839 0.999104 -0.016803 -8.313247 -0.036304 0.015393 0.999222 172.881530
0.998693 0.039353 0.032627 71.112810 -0.038822 0.999106 -0.016742 -8.334592 -0.033257 0.015453 0.999327 173.694397
0.998788 0.039282 0.029653 71.130562 -0.038799 0.999108 -0.016686 -8.355834 -0.030282 0.015515 0.999421 174.506276
0.998873 0.039206 0.026756 71.145882 -0.038769 0.999110 -0.016636 -8.376977 -0.027384 0.015580 0.999504 175.317097
0.998948 0.039123 0.023936 71.158839 -0.038732 0.999112 -0.016591 -8.398025 -0.024564 0.015647 0.999576 176.126789
0.999013 0.039035 0.021197 71.169506 -0.038688 0.999114 -0.016553 -8.418981 -0.021824 0.015717 0.999638 176.935281
0.999070 0.038941 0.018539 71.177955 -0.038636 0.999117 -0.016521 -8.439849 -0.019166 0.015789 0.999692 177.742500
0.999118 0.038840 0.015966 71.184260 -0.038576 0.999119 -0.016495 -8.460633 -0.016593 0.015865 0.999736 178.548380
0.999159 0.038732 0.013479 71.188497 -0.038509 0.999122 -0.016475 -8.481338 -0.014105 0.015942 0.999773 179.352852
0.999193 0.038618 0.011078 71.190741 -0.038433 0.999126 -0.016461 -8.501968 -0.011704 0.016022 0.999803 180.155850
0.999220 0.038497 0.008766 71.191069 -0.038349 0.999129 -0.016452 -8.522528 -0.009391 0.016103 0.999826 180.957311
0.999242 0.038368 0.006542 71.189558 -0.038256 0.999133 -0.016447 -8.543021 -0.007167 0.016184 0.999843 181.757169
0.999259 0.038232 0.004407 71.186288 -0.038155 0.999136 -0.016446 -8.563453 -0.005032 0.016266 0.999855 182.555361
0.999272 0.038089 0.002362 71.181336 -0.038045 0.999141 -0.016449 -8.583827 -0.002986 0.016347 0.999862 183.351826
0.999280 0.037938 0.000406 71.174780 -0.037926 0.999145 -0.016455 -8.604150 -0.001030 0.016428 0.999865 184.146499
0.999285 0.037779 -0.001460 71.166701 -0.037798 0.999150 -0.016465 -8.624424 0.000837 0.016509 0.999863 184.939318
0.999287 0.037612 -0.003237 71.157175 -0.037660 0.999155 -0.016478 -8.644654 0.002615 0.016588 0.999859 185.730223
0.999287 0.037437 -0.004926 71.146283 -0.037514 0.999160 -0.016492 -8.664844 0.004305 0.016665 0.999852 186.519151
0.999284 0.037254 -0.006528 71.134100 -0.037358 0.999166 -0.016508 -8.684998 0.005908 0.016740 0.999842 187.306041
0.999281 0.037063 -0.008045 71.120706 -0.037192 0.999171 -0.016524 -8.705119 0.007426 0.016811 0.999831 188.090833
0.999275 0.036864 -0.009478 71.106176 -0.037017 0.999178 -0.016540 -8.725210 0.008861 0.016879 0.999818 188.873463
0.999269 0.036655 -0.010831 71.090587 -0.036832 0.999184 -0.016556 -8.745275 0.010216 0.016943 0.999804 189.653870
0.999263 0.036437 -0.012107 71.074012 -0.036635 0.999191 -0.016571 -8.765317 0.011493 0.017002 0.999789 190.431993
0.999256 0.036209 -0.013310 71.056521 -0.036428 0.999199 -0.016584 -8.785337 0.012699 0.017057 0.999774 191.207774
0.999248 0.035972 -0.014444 71.038182 -0.036210 0.999206 -0.016596 -8.805337 0.013836 0.017107 0.999758 191.981153
0.999241 0.035723 -0.015515 71.019059 -0.035980 0.999215 -0.016605 -8.825319 0.014910 0.017151 0.999742 192.752076
0.999234 0.035465 -0.016529 70.999211 -0.035739 0.999223 -0.016611 -8.845282 0.015927 0.017189 0.999725 193.520487
0.999227 0.035196 -0.017492 70.978695 -0.035487 0.999232 -0.016615 -8.865227 0.016894 0.017223 0.999709 194.286332
0.999221 0.034916 -0.018412 70.957562 -0.035223 0.999241 -0.016616 -8.885154 0.017818 0.017251 0.999692 195.049559
0.999214 0.034625 -0.019295 70.935858 -0.034947 0.999251 -0.016614 -8.905063 0.018706 0.017276 0.999676 195.810113
0.999208 0.034322 -0.020151 70.913626 -0.034659 0.999261 -0.016611 -8.924953 0.019566 0.017296 0.999659 196.567944
0.999201 0.034008 -0.020986 70.890903 -0.034359 0.999272 -0.016604 -8.944824 0.020406 0.017312 0.999642 197.323001
