0.538612 -0.020245 0.842311 4.432684 0.057242 0.998281 -0.012610 -0.192992 -0.840607 0.055008 0.538845 4.667192
0.532059 -0.020222 0.846466 4.769996 0.057760 0.998253 -0.012458 -0.204903 -0.844735 0.055520 0.532297 4.951859
0.525266 -0.020194 0.850698 5.122975 0.058294 0.998224 -0.012297 -0.217062 -0.848939 0.056050 0.525510 5.242006
0.518264 -0.020162 0.854983 5.492037 0.058842 0.998194 -0.012128 -0.229462 -0.853194 0.056595 0.518514 5.537440
0.511079 -0.020126 0.859298 5.877600 0.059401 0.998163 -0.011952 -0.242095 -0.857479 0.057151 0.511335 5.837963
0.503734 -0.020084 0.863625 6.280081 0.059970 0.998131 -0.011767 -0.254952 -0.861775 0.057719 0.503997 6.143367
0.496251 -0.020038 0.867948 6.699895 0.060548 0.998098 -0.011576 -0.268025 -0.866065 0.058297 0.496521 6.453440
0.488647 -0.019986 0.872252 7.137458 0.061132 0.998065 -0.011378 -0.281303 -0.870337 0.058882 0.488924 6.767960
0.480940 -0.019930 0.876527 7.593182 0.061722 0.998031 -0.011173 -0.294778 -0.874579 0.059475 0.481223 7.086703
0.473142 -0.019869 0.880762 8.067481 0.062317 0.997996 -0.010963 -0.308439 -0.878779 0.060073 0.473432 7.409437
0.465269 -0.019802 0.884948 8.560766 0.062916 0.997961 -0.010748 -0.322278 -0.882930 0.060678 0.465567 7.735925
0.457333 -0.019731 0.889077 9.073447 0.063518 0.997925 -0.010527 -0.336282 -0.887024 0.061287 0.457637 8.065927
0.449344 -0.019654 0.893143 9.605933 0.064123 0.997889 -0.010301 -0.350443 -0.891055 0.061900 0.449656 8.399198
0.441313 -0.019573 0.897140 10.158630 0.064730 0.997852 -0.010071 -0.364748 -0.895015 0.062517 0.441632 8.735488
0.433250 -0.019487 0.901063 10.731942 0.065339 0.997815 -0.009837 -0.379189 -0.898902 0.063137 0.433576 9.074547
0.425163 -0.019395 0.904909 11.326273 0.065949 0.997777 -0.009600 -0.393753 -0.902711 0.063759 0.425496 9.416117
0.417060 -0.019298 0.908674 11.942023 0.066559 0.997739 -0.009359 -0.408430 -0.906439 0.064384 0.417401 9.759942
0.408948 -0.019196 0.912356 12.579590 0.067169 0.997700 -0.009115 -0.423210 -0.910082 0.065010 0.409297 10.105761
0.400835 -0.019089 0.915951 13.239370 0.067778 0.997661 -0.008869 -0.438082 -0.913640 0.065636 0.401192 10.453312
0.392727 -0.018976 0.919460 13.921756 0.068385 0.997622 -0.008620 -0.453034 -0.917109 0.066262 0.393090 10.802330
0.384627 -0.018858 0.922879 14.627138 0.068989 0.997582 -0.008369 -0.468058 -0.920490 0.066887 0.384998 11.152551
0.376543 -0.018733 0.926210 15.355905 0.069590 0.997543 -0.008115 -0.483142 -0.923782 0.067511 0.376921 11.503705
0.368477 -0.018604 0.929451 16.108441 0.070188 0.997503 -0.007860 -0.498276 -0.926983 0.068133 0.368863 11.855524
0.360435 -0.018468 0.932602 16.885129 0.070781 0.997463 -0.007603 -0.513451 -0.930095 0.068751 0.360828 12.207737
0.352419 -0.018327 0.935663 17.686348 0.071370 0.997423 -0.007345 -0.528656 -0.933117 0.069367 0.352819 12.560071
0.344433 -0.018180 0.938635 18.512476 0.071954 0.997383 -0.007086 -0.543882 -0.936050 0.069979 0.344839 12.912255
0.333027 -0.017963 0.942746 19.292135 0.072762 0.997327 -0.006700 -0.554987 -0.940106 0.070827 0.333444 13.162166
0.321520 -0.017734 0.946737 20.091492 0.073570 0.997270 -0.006305 -0.565833 -0.944041 0.071679 0.321946 13.405138
0.309931 -0.017491 0.950598 20.910590 0.074378 0.997213 -0.005901 -0.576405 -0.947845 0.072533 0.310368 13.640736
0.298278 -0.017237 0.954323 21.749459 0.075185 0.997155 -0.005489 -0.586685 -0.951513 0.073388 0.298726 13.868540
0.286580 -0.016970 0.957906 22.608116 0.075988 0.997096 -0.005069 -0.596661 -0.955038 0.074242 0.287037 14.088147
0.274852 -0.016692 0.961342 23.486564 0.076788 0.997037 -0.004642 -0.606316 -0.958415 0.075095 0.275319 14.299171
0.263107 -0.016404 0.964627 24.384791 0.077584 0.996977 -0.004208 -0.615638 -0.961642 0.075947 0.263584 14.501242
0.251360 -0.016104 0.967760 25.302775 0.078375 0.996917 -0.003767 -0.624615 -0.964715 0.076795 0.251847 14.694007
0.239622 -0.015794 0.970738 26.240480 0.079160 0.996856 -0.003322 -0.633233 -0.967634 0.077640 0.240119 14.877127
0.227905 -0.015473 0.973560 27.197857 0.079939 0.996796 -0.002871 -0.641482 -0.970396 0.078480 0.228412 15.050282
0.216219 -0.015143 0.976228 28.174847 0.080712 0.996735 -0.002416 -0.649353 -0.973003 0.079315 0.216735 15.213166
0.204572 -0.014802 0.978740 29.171377 0.081477 0.996673 -0.001956 -0.656835 -0.975455 0.080145 0.205097 15.365490
0.192973 -0.014453 0.981098 30.187363 0.082235 0.996612 -0.001494 -0.663920 -0.977752 0.080969 0.193507 15.506977
0.181428 -0.014094 0.983303 31.222710 0.082985 0.996550 -0.001028 -0.670601 -0.979897 0.081786 0.181972 15.637368
0.169944 -0.013726 0.985358 32.277310 0.083727 0.996489 -0.000559 -0.676872 -0.981890 0.082596 0.170497 15.756417
0.158527 -0.013350 0.987264 33.351047 0.084460 0.996427 -0.000088 -0.682725 -0.983736 0.083398 0.159088 15.863890
0.147179 -0.012966 0.989025 34.443791 0.085184 0.996365 0.000385 -0.688156 -0.985435 0.084193 0.147749 15.959569
0.135906 -0.012573 0.990642 35.555400 0.085900 0.996303 0.000861 -0.693160 -0.986991 0.084979 0.136484 16.043246
0.124709 -0.012173 0.992119 36.685725 0.086606 0.996242 0.001338 -0.697734 -0.988406 0.085756 0.125295 16.114726
0.113591 -0.011766 0.993458 37.834603 0.087302 0.996180 0.001816 -0.701873 -0.989685 0.086525 0.114184 16.173826
0.102552 -0.011351 0.994663 39.001860 0.087989 0.996119 0.002296 -0.705576 -0.990828 0.087284 0.103153 16.220371
0.091594 -0.010930 0.995736 40.187312 0.088666 0.996058 0.002777 -0.708841 -0.991841 0.088033 0.092202 16.254201
0.080715 -0.010501 0.996682 41.390766 0.089332 0.995997 0.003260 -0.711666 -0.992726 0.088773 0.081330 16.275161
0.069915 -0.010066 0.997502 42.612017 0.089989 0.995936 0.003743 -0.714050 -0.993486 0.089502 0.070537 16.283106
0.059193 -0.009623 0.998200 43.850849 0.090634 0.995875 0.004226 -0.715993 -0.994124 0.090221 0.059821 16.277901
0.048545 -0.009174 0.998779 45.107036 0.091269 0.995815 0.004710 -0.717495 -0.994642 0.090929 0.049180 16.259415
0.038141 -0.008724 0.999234 46.381231 0.091886 0.995756 0.005186 -0.718636 -0.995039 0.091617 0.038780 16.229634
0.027979 -0.008274 0.999574 47.673290 0.092483 0.995698 0.005653 -0.719423 -0.995321 0.092285 0.028624 16.188592
0.018062 -0.007824 0.999806 48.983068 0.093060 0.995642 0.006110 -0.719866 -0.995497 0.092932 0.018711 16.136335
0.008387 -0.007375 0.999938 50.310419 0.093619 0.995587 0.006557 -0.719972 -0.995573 0.093558 0.009040 16.072914
-0.001045 -0.006926 0.999975 51.655190 0.094158 0.995533 0.006994 -0.719751 -0.995557 0.094163 -0.000388 15.998391
-0.010236 -0.006480 0.999927 53.017228 0.094678 0.995480 0.007420 -0.719213 -0.995455 0.094747 -0.009576 15.912829
-0.019188 -0.006035 0.999798 54.396378 0.095178 0.995429 0.007836 -0.718368 -0.995275 0.095310 -0.018526 15.816301
-0.027903 -0.005593 0.999595 55.792480 0.095659 0.995380 0.008239 -0.717227 -0.995023 0.095850 -0.027239 15.708883
-0.036384 -0.005152 0.999325 57.205372 0.096120 0.995332 0.008631 -0.715801 -0.994705 0.096369 -0.035719 15.590656
-0.044634 -0.004715 0.998992 58.634890 0.096560 0.995286 0.009012 -0.714101 -0.994326 0.096865 -0.043968 15.461705
-0.052656 -0.004280 0.998604 60.080868 0.096981 0.995242 0.009380 -0.712141 -0.993892 0.097339 -0.051990 15.322115
-0.060454 -0.003849 0.998164 61.543136 0.097381 0.995200 0.009735 -0.709931 -0.993409 0.097790 -0.059788 15.171978
-0.068031 -0.003422 0.997677 63.021524 0.097760 0.995159 0.010079 -0.707485 -0.992882 0.098218 -0.067367 15.011384
-0.075392 -0.002998 0.997149 64.515856 0.098118 0.995120 0.010410 -0.704814 -0.992315 0.098623 -0.074730 14.840425
-0.082541 -0.002578 0.996584 66.025959 0.098456 0.995084 0.010729 -0.701933 -0.991712 0.099005 -0.081881 14.659196
-0.089482 -0.002163 0.995986 67.551655 0.098773 0.995049 0.011035 -0.698852 -0.991079 0.099364 -0.088825 14.467789
-0.096218 -0.001753 0.995359 69.092764 0.099070 0.995016 0.011329 -0.695585 -0.990418 0.099701 -0.095565 14.266298
-0.102754 -0.001348 0.994706 70.649106 0.099348 0.994985 0.011611 -0.692144 -0.989733 0.100015 -0.102105 14.054818
-0.109095 -0.000948 0.994031 72.220498 0.099605 0.994956 0.011881 -0.688540 -0.989028 0.100307 -0.108450 13.833440
-0.115242 -0.000554 0.993337 73.806756 0.099844 0.994929 0.012138 -0.684786 -0.988307 0.100577 -0.114602 13.602259
-0.121201 -0.000166 0.992628 75.407692 0.100064 0.994904 0.012384 -0.680893 -0.987572 0.100827 -0.120567 13.361366
-0.126974 0.000216 0.991906 77.023119 0.100265 0.994881 0.012619 -0.676874 -0.986825 0.101056 -0.126346 13.110853
-0.132566 0.000591 0.991174 78.652846 0.100449 0.994859 0.012841 -0.672738 -0.986071 0.101264 -0.131944 12.850812
-0.137979 0.000960 0.990435 80.296682 0.100615 0.994840 0.013053 -0.668497 -0.985311 0.101453 -0.137363 12.581332
-0.143216 0.001322 0.989691 81.954434 0.100763 0.994822 0.013252 -0.664163 -0.984549 0.101622 -0.142608 12.302505
-0.148280 0.001677 0.988944 83.625910 0.100895 0.994806 0.013441 -0.659747 -0.983785 0.101772 -0.147679 12.014418
-0.153181 0.002027 0.988196 85.310917 0.101010 0.994792 0.013618 -0.655258 -0.983022 0.101904 -0.152588 11.717161
-0.157929 0.002370 0.987448 87.009261 0.101110 0.994780 0.013784 -0.650708 -0.982260 0.102018 -0.157344 11.410814
-0.162535 0.002707 0.986699 88.720749 0.101194 0.994769 0.013940 -0.646106 -0.981500 0.102114 -0.161959 11.095447
-0.167007 0.003040 0.985951 90.445186 0.101264 0.994760 0.014086 -0.641463 -0.980742 0.102194 -0.166440 10.771125
-0.171356 0.003368 0.985203 92.182377 0.101319 0.994752 0.014222 -0.636787 -0.979986 0.102257 -0.170798 10.437901
-0.175589 0.003691 0.984457 93.932129 0.101360 0.994746 0.014349 -0.632088 -0.979232 0.102304 -0.175041 10.095823
-0.179717 0.004010 0.983710 95.694246 0.101387 0.994742 0.014467 -0.627374 -0.978480 0.102336 -0.179179 9.744929
-0.183748 0.004325 0.982964 97.468531 0.101401 0.994739 0.014578 -0.622653 -0.977729 0.102352 -0.183220 9.385250
-0.187689 0.004637 0.982217 99.254787 0.101402 0.994737 0.014681 -0.617933 -0.976980 0.102354 -0.187172 9.016809
-0.191550 0.004944 0.981470 101.052819 0.101390 0.994737 0.014777 -0.613220 -0.976232 0.102342 -0.191043 8.639622
-0.195337 0.005249 0.980722 102.862426 0.101366 0.994738 0.014866 -0.608522 -0.975484 0.102316 -0.194842 8.253696
-0.199059 0.005551 0.979972 104.683411 0.101331 0.994740 0.014948 -0.603845 -0.974735 0.102278 -0.198574 7.859034
-0.202721 0.005850 0.979219 106.515574 0.101285 0.994744 0.015025 -0.599194 -0.973984 0.102226 -0.202248 7.455631
-0.206331 0.006148 0.978463 108.358716 0.101229 0.994749 0.015096 -0.594575 -0.973232 0.102163 -0.205870 7.043476
-0.209895 0.006443 0.977703 110.212636 0.101162 0.994754 0.015162 -0.589992 -0.972476 0.102089 -0.209446 6.622555
-0.213419 0.006737 0.976938 112.077134 0.101086 0.994761 0.015223 -0.585451 -0.971717 0.102003 -0.212982 6.192845
-0.216908 0.007030 0.976167 113.952010 0.101000 0.994769 0.015279 -0.580955 -0.970953 0.101907 -0.216484 5.754321
-0.220368 0.007321 0.975389 115.837062 0.100907 0.994778 0.015331 -0.576509 -0.970183 0.101802 -0.219956 5.306954
-0.223804 0.007613 0.974605 117.732091 0.100805 0.994787 0.015378 -0.572116 -0.969407 0.101686 -0.223404 4.850709
-0.227219 0.007903 0.973812 119.636896 0.100695 0.994798 0.015422 -0.567780 -0.968624 0.101563 -0.226833 4.385549
-0.230620 0.008193 0.973009 121.551275 0.100579 0.994809 0.015462 -0.563503 -0.967832 0.101431 -0.230246 3.911433
-0.234008 0.008484 0.972198 123.475028 0.100457 0.994821 0.015499 -0.559288 -0.967031 0.101291 -0.233648 3.428320
-0.237388 0.008774 0.971375 125.407955 0.100329 0.994833 0.015533 -0.555138 -0.966220 0.101145 -0.237042 2.936163
-0.240762 0.009065 0.970542 127.349855 0.100197 0.994846 0.015564 -0.551054 -0.965398 0.100992 -0.240430 2.434917
-0.244135 0.009355 0.969696 129.300528 0.100059 0.994859 0.015593 -0.547038 -0.964565 0.100834 -0.243816 1.924534
-0.247506 0.009647 0.968838 131.259775 0.099917 0.994873 0.015620 -0.543092 -0.963720 0.100670 -0.247201 1.404964
-0.250880 0.009939 0.967967 133.227398 0.099772 0.994887 0.015644 -0.539218 -0.962863 0.100501 -0.250589 0.876159
-0.254258 0.010232 0.967082 135.203197 0.099624 0.994902 0.015666 -0.535416 -0.961992 0.100328 -0.253981 0.338068
-0.257641 0.010525 0.966183 137.186977 0.099473 0.994917 0.015687 -0.531688 -0.961107 0.100151 -0.257378 -0.209357
-0.261030 0.010820 0.965270 139.178540 0.099321 0.994932 0.015706 -0.528035 -0.960208 0.099971 -0.260782 -0.766166
-0.264427 0.011116 0.964342 141.177692 0.099167 0.994947 0.015724 -0.524458 -0.959294 0.099789 -0.264193 -1.332409
-0.267832 0.011412 0.963398 143.184239 0.099012 0.994962 0.015740 -0.520956 -0.958364 0.099604 -0.267613 -1.908132
-0.271246 0.011710 0.962439 145.197988 0.098857 0.994977 0.015755 -0.517530 -0.957420 0.099418 -0.271041 -2.493382
-0.274668 0.012008 0.961464 147.218751 0.098703 0.994992 0.015770 -0.514180 -0.956460 0.099231 -0.274478 -3.088204
-0.278099 0.012308 0.960474 149.246337 0.098549 0.995007 0.015784 -0.510903 -0.955484 0.099043 -0.277923 -3.692642
-0.281538 0.012608 0.959467 151.280560 0.098396 0.995022 0.015797 -0.507700 -0.954492 0.098856 -0.281377 -4.306735
-0.284984 0.012910 0.958445 153.321236 0.098246 0.995037 0.015809 -0.504570 -0.953484 0.098669 -0.284838 -4.930523
-0.288438 0.013213 0.957408 155.368183 0.098097 0.995051 0.015821 -0.501510 -0.952460 0.098482 -0.288306 -5.564041
-0.291898 0.013516 0.956354 157.421221 0.097951 0.995065 0.015833 -0.498520 -0.951421 0.098297 -0.291781 -6.207325
-0.295363 0.013821 0.955285 159.480172 0.097807 0.995079 0.015844 -0.495597 -0.950365 0.098113 -0.295262 -6.860406
-0.298834 0.014127 0.954200 161.544861 0.097666 0.995093 0.015855 -0.492740 -0.949294 0.097931 -0.298748 -7.523313
-0.302309 0.014433 0.953101 163.615117 0.097528 0.995106 0.015865 -0.489947 -0.948207 0.097750 -0.302238 -8.196073
-0.305788 0.014741 0.951986 165.690770 0.097392 0.995119 0.015874 -0.487216 -0.947105 0.097570 -0.305731 -8.878712
-0.309269 0.015050 0.950856 167.771653 0.097260 0.995132 0.015883 -0.484544 -0.945988 0.097392 -0.309227 -9.571252
-0.312751 0.015359 0.949711 169.857603 0.097130 0.995145 0.015892 -0.481931 -0.944856 0.097216 -0.312725 -10.273713
-0.316235 0.015670 0.948551 171.948459 0.097003 0.995157 0.015900 -0.479373 -0.943709 0.097041 -0.316224 -10.986115
-0.319719 0.015981 0.947378 174.044064 0.096879 0.995169 0.015908 -0.476868 -0.942547 0.096867 -0.319722 -11.708475
-0.323202 0.016292 0.946190 176.144264 0.096758 0.995181 0.015915 -0.474412 -0.941370 0.096696 -0.323221 -12.440809
-0.326684 0.016604 0.944988 178.248908 0.096640 0.995192 0.015922 -0.472002 -0.940180 0.096525 -0.326718 -13.183130
-0.330163 0.016916 0.943772 180.357846 0.096525 0.995203 0.015929 -0.469633 -0.938976 0.096357 -0.330213 -13.935451
-0.333641 0.017228 0.942543 182.470934 0.096412 0.995214 0.015937 -0.467302 -0.937757 0.096190 -0.333705 -14.697785
-0.337115 0.017540 0.941300 184.588031 0.096302 0.995224 0.015944 -0.465003 -0.936525 0.096024 -0.337194 -15.470142
-0.340585 0.017852 0.940044 186.708995 0.096195 0.995235 0.015952 -0.462731 -0.935280 0.095860 -0.340680 -16.252532
-0.344051 0.018163 0.938775 188.833692 0.096090 0.995245 0.015961 -0.460482 -0.934021 0.095698 -0.344161 -17.044964
-0.347513 0.018473 0.937493 190.961989 0.095988 0.995254 0.015970 -0.458248 -0.932749 0.095538 -0.347637 -17.847448
-0.350969 0.018783 0.936199 193.093756 0.095888 0.995264 0.015980 -0.456024 -0.931464 0.095379 -0.351108 -18.659992
-0.354420 0.019091 0.934892 195.228866 0.095792 0.995273 0.015991 -0.453803 -0.930167 0.095222 -0.354573 -19.482603
-0.357864 0.019399 0.933572 197.367197 0.095698 0.995282 0.016002 -0.451577 -0.928857 0.095067 -0.358032 -20.315290
-0.361301 0.019705 0.932241 199.508629 0.095607 0.995290 0.016015 -0.449340 -0.927535 0.094915 -0.361484 -21.158058
-0.364731 0.020011 0.930898 201.653046 0.095518 0.995299 0.016030 -0.447083 -0.926200 0.094764 -0.364928 -22.010916
-0.368154 0.020314 0.929543 203.800336 0.095432 0.995307 0.016046 -0.444798 -0.924854 0.094616 -0.368365 -22.873869
-0.371569 0.020616 0.928176 205.950390 0.095349 0.995314 0.016063 -0.442477 -0.923496 0.094469 -0.371794 -23.746924
-0.374976 0.020916 0.926799 208.103103 0.095268 0.995322 0.016083 -0.440110 -0.922127 0.094325 -0.375214 -24.630088
-0.378374 0.021213 0.925410 210.258372 0.095189 0.995329 0.016104 -0.437688 -0.920745 0.094182 -0.378626 -25.523368
-0.381764 0.021508 0.924010 212.416098 0.095112 0.995336 0.016128 -0.435200 -0.919353 0.094041 -0.382029 -26.426771
-0.385145 0.021800 0.922599 214.576185 0.095037 0.995343 0.016154 -0.432638 -0.917950 0.093903 -0.385423 -27.340305
-0.388517 0.022090 0.921177 216.738541 0.094963 0.995349 0.016184 -0.429989 -0.916535 0.093765 -0.388808 -28.263976
-0.391881 0.022375 0.919744 218.903076 0.094890 0.995356 0.016216 -0.427244 -0.915109 0.093629 -0.392184 -29.197794
-0.395236 0.022658 0.918300 221.069703 0.094818 0.995362 0.016251 -0.424391 -0.913673 0.093495 -0.395551 -30.141767
-0.398583 0.022936 0.916846 223.238337 0.094747 0.995368 0.016289 -0.421419 -0.912225 0.093361 -0.398910 -31.095904
-0.401920 0.023210 0.915380 225.408898 0.094675 0.995374 0.016331 -0.418317 -0.910767 0.093227 -0.402259 -32.060214
-0.405249 0.023480 0.913905 227.581306 0.094603 0.995380 0.016376 -0.415073 -0.909298 0.093094 -0.405599 -33.034708
-0.408570 0.023744 0.912418 229.755484 0.094529 0.995387 0.016426 -0.411675 -0.907819 0.092962 -0.408930 -34.019395
-0.411883 0.024002 0.910921 231.931358 0.094455 0.995393 0.016481 -0.408108 -0.906328 0.092829 -0.412252 -35.014287
-0.415188 0.024255 0.909412 234.108854 0.094379 0.995399 0.016540 -0.404359 -0.904827 0.092697 -0.415566 -36.019394
-0.418484 0.024501 0.907893 236.287902 0.094301 0.995405 0.016605 -0.400414 -0.903315 0.092564 -0.418872 -37.034727
-0.421774 0.024739 0.906364 238.468431 0.094220 0.995412 0.016675 -0.396257 -0.901792 0.092431 -0.422170 -38.060299
-0.425056 0.024971 0.904823 240.650373 0.094137 0.995418 0.016752 -0.391874 -0.900259 0.092298 -0.425459 -39.096121
-0.428331 0.025194 0.903271 242.833661 0.094051 0.995425 0.016834 -0.387249 -0.898714 0.092164 -0.428741 -40.142205
-0.431599 0.025409 0.901707 245.018228 0.093961 0.995432 0.016924 -0.382364 -0.897158 0.092029 -0.432015 -41.198564
-0.434862 0.025616 0.900133 247.204008 0.093867 0.995439 0.017019 -0.377205 -0.895592 0.091893 -0.435283 -42.265210
-0.438118 0.025815 0.898547 249.390934 0.093768 0.995447 0.017122 -0.371754 -0.894014 0.091756 -0.438544 -43.342157
-0.441369 0.026004 0.896949 251.578944 0.093665 0.995455 0.017231 -0.365994 -0.892424 0.091618 -0.441798 -44.429418
-0.444614 0.026184 0.895339 253.767970 0.093556 0.995463 0.017347 -0.359909 -0.890823 0.091477 -0.445047 -45.527006
-0.447856 0.026353 0.893717 255.957948 0.093442 0.995471 0.017471 -0.353481 -0.889210 0.091335 -0.448290 -46.634935
-0.451092 0.026513 0.892083 258.148814 0.093322 0.995480 0.017603 -0.346692 -0.887585 0.091191 -0.451528 -47.753220
-0.454326 0.026662 0.890437 260.340501 0.093195 0.995490 0.017743 -0.339523 -0.885947 0.091045 -0.454761 -48.881874
-0.457555 0.026801 0.888777 262.532942 0.093062 0.995500 0.017891 -0.331957 -0.884298 0.090898 -0.457990 -50.020912
-0.460781 0.026928 0.887105 264.726070 0.092922 0.995510 0.018047 -0.323975 -0.882636 0.090748 -0.461214 -51.170347
-0.464004 0.027045 0.885420 266.919818 0.092775 0.995521 0.018211 -0.315558 -0.880962 0.090595 -0.464434 -52.330190
-0.467223 0.027150 0.883722 269.114117 0.092621 0.995532 0.018384 -0.306687 -0.879275 0.090441 -0.467650 -53.500454
-0.470439 0.027243 0.882012 271.308896 0.092459 0.995543 0.018566 -0.297345 -0.877575 0.090284 -0.470862 -54.681147
-0.473652 0.027323 0.880288 273.504086 0.092289 0.995556 0.018756 -0.287512 -0.875863 0.090125 -0.474069 -55.872278
-0.476861 0.027392 0.878552 275.699615 0.092110 0.995568 0.018956 -0.277169 -0.874139 0.089963 -0.477271 -57.073854
-0.480067 0.027448 0.876802 277.895410 0.091923 0.995582 0.019164 -0.266296 -0.872402 0.089799 -0.480469 -58.285880
-0.483268 0.027491 0.875041 280.091397 0.091728 0.995595 0.019381 -0.254876 -0.870654 0.089632 -0.483662 -59.508357
-0.486465 0.027520 0.873266 282.287503 0.091523 0.995610 0.019608 -0.242887 -0.868893 0.089462 -0.486848 -60.741286
-0.489657 0.027537 0.871480 284.483653 0.091309 0.995625 0.019844 -0.230312 -0.867121 0.089290 -0.490029 -61.984664
-0.492843 0.027540 0.869682 286.679770 0.091085 0.995641 0.020088 -0.217132 -0.865337 0.089115 -0.493203 -63.238484
-0.496023 0.027530 0.867873 288.875781 0.090851 0.995657 0.020341 -0.203329 -0.863543 0.088937 -0.496370 -64.502739
-0.499196 0.027506 0.866052 291.071607 0.090607 0.995674 0.020604 -0.188884 -0.861739 0.088756 -0.499529 -65.777415
-0.502361 0.027468 0.864222 293.267172 0.090353 0.995691 0.020875 -0.173781 -0.859924 0.088571 -0.502678 -67.062495
-0.505517 0.027416 0.862381 295.462398 0.090087 0.995709 0.021154 -0.158000 -0.858101 0.088383 -0.505818 -68.357961
-0.508664 0.027349 0.860531 297.657207 0.089811 0.995728 0.021442 -0.141527 -0.856268 0.088192 -0.508947 -69.663786
-0.511800 0.027268 0.858672 299.851521 0.089524 0.995747 0.021739 -0.124343 -0.854428 0.087997 -0.512064 -70.979943
-0.514924 0.027172 0.856805 302.045261 0.089224 0.995768 0.022043 -0.106433 -0.852580 0.087798 -0.515169 -72.306398
-0.518036 0.027061 0.854931 304.238347 0.088913 0.995788 0.022356 -0.087780 -0.850725 0.087596 -0.518260 -73.643114
-0.521135 0.026936 0.853049 306.430699 0.088589 0.995810 0.022677 -0.068370 -0.848864 0.087388 -0.521337 -74.990048
-0.524219 0.026795 0.851162 308.622237 0.088253 0.995832 0.023005 -0.048187 -0.846998 0.087177 -0.524399 -76.347153
-0.527288 0.026638 0.849269 310.812878 0.087904 0.995855 0.023341 -0.027216 -0.845127 0.086961 -0.527444 -77.714377
-0.530340 0.026467 0.847372 313.002541 0.087542 0.995879 0.023684 -0.005443 -0.843253 0.086741 -0.530472 -79.091663
-0.533375 0.026280 0.845470 315.191144 0.087166 0.995904 0.024034 0.017145 -0.841376 0.086516 -0.533481 -80.478949
-0.536392 0.026078 0.843566 317.378602 0.086778 0.995929 0.024391 0.040560 -0.839496 0.086286 -0.536471 -81.876170
-0.539389 0.025860 0.841660 319.564834 0.086376 0.995955 0.024754 0.064816 -0.837615 0.086051 -0.539441 -83.283252
-0.542365 0.025628 0.839752 321.749756 0.085960 0.995982 0.025123 0.089923 -0.835734 0.085811 -0.542388 -84.700119
-0.545319 0.025380 0.837844 323.933284 0.085531 0.996009 0.025498 0.115894 -0.833854 0.085566 -0.545313 -86.126688
-0.548250 0.025117 0.835937 326.115336 0.085089 0.996037 0.025879 0.142740 -0.831975 0.085317 -0.548214 -87.562873
-0.551156 0.024839 0.834032 328.295829 0.084635 0.996066 0.026265 0.170471 -0.830099 0.085064 -0.551090 -89.008582
-0.554037 0.024545 0.832130 330.474682 0.084168 0.996095 0.026658 0.199099 -0.828226 0.084808 -0.553940 -90.463718
-0.556891 0.024237 0.830232 332.651813 0.083689 0.996125 0.027056 0.228637 -0.826358 0.084548 -0.556762 -91.928178
-0.559718 0.023914 0.828338 334.827141 0.083198 0.996155 0.027459 0.259094 -0.824496 0.084285 -0.559555 -93.401854
-0.562515 0.023578 0.826451 337.000588 0.082696 0.996185 0.027866 0.290479 -0.822641 0.084019 -0.562319 -94.884635
-0.565281 0.023228 0.824571 339.172074 0.082183 0.996216 0.028277 0.322802 -0.820794 0.083750 -0.565051 -96.376404
-0.568016 0.022866 0.822700 341.341525 0.081659 0.996247 0.028690 0.356070 -0.818957 0.083477 -0.567751 -97.877040
-0.570717 0.022491 0.820838 343.508866 0.081125 0.996279 0.029107 0.390288 -0.817129 0.083202 -0.570418 -99.386416
-0.573385 0.022104 0.818988 345.674025 0.080580 0.996311 0.029526 0.425462 -0.815314 0.082924 -0.573050 -100.904403
-0.576016 0.021705 0.817150 347.836933 0.080026 0.996343 0.029946 0.461597 -0.813512 0.082643 -0.575647 -102.430865
-0.578611 0.021295 0.815326 349.997524 0.079462 0.996375 0.030368 0.498697 -0.811724 0.082359 -0.578206 -103.965662
-0.581167 0.020874 0.813516 352.155736 0.078889 0.996408 0.030791 0.536764 -0.809951 0.082072 -0.580727 -105.508652
-0.583684 0.020442 0.811723 354.311507 0.078306 0.996441 0.031214 0.575801 -0.808196 0.081782 -0.583207 -107.059686
-0.586160 0.019999 0.809948 356.464783 0.077714 0.996474 0.031637 0.615809 -0.806460 0.081489 -0.585647 -108.618612
-0.588593 0.019545 0.808193 358.615512 0.077114 0.996507 0.032061 0.656790 -0.804743 0.081193 -0.588045 -110.185273
-0.590983 0.019082 0.806458 360.763644 0.076504 0.996540 0.032484 0.698745 -0.803048 0.080895 -0.590398 -111.759508
-0.593328 0.018608 0.804745 362.909137 0.075887 0.996573 0.032906 0.741672 -0.801376 0.080594 -0.592707 -113.341152
-0.595627 0.018126 0.803057 365.051952 0.075261 0.996607 0.033327 0.785570 -0.799728 0.080289 -0.594970 -114.930036
-0.597878 0.017634 0.801393 367.192052 0.074626 0.996640 0.033745 0.830437 -0.798106 0.079980 -0.597186 -116.525988
-0.600081 0.017133 0.799756 369.329408 0.073984 0.996674 0.034161 0.876268 -0.796511 0.079668 -0.599353 -118.128832
-0.602234 0.016623 0.798147 371.463996 0.073333 0.996708 0.034574 0.923061 -0.794944 0.079352 -0.601470 -119.738389
-0.604336 0.016104 0.796567 373.595795 0.072674 0.996742 0.034985 0.970809 -0.793408 0.079032 -0.603537 -121.354476
-0.606386 0.015577 0.795018 375.724790 0.072007 0.996776 0.035392 1.019508 -0.791903 0.078708 -0.605553 -122.976911
-0.608384 0.015042 0.793500 377.850972 0.071333 0.996810 0.035795 1.069153 -0.790431 0.078380 -0.607516 -124.605505
-0.610328 0.014500 0.792016 379.974335 0.070652 0.996844 0.036195 1.119737 -0.788992 0.078048 -0.609426 -126.240070
-0.612217 0.013949 0.790566 382.094882 0.069964 0.996878 0.036590 1.171255 -0.787588 0.077712 -0.611282 -127.880417
-0.614052 0.013392 0.789152 384.212617 0.069269 0.996912 0.036982 1.223698 -0.786220 0.077373 -0.613083 -129.526352
-0.615830 0.012828 0.787775 386.327552 0.068568 0.996946 0.037369 1.277060 -0.784890 0.077029 -0.614829 -131.177683
-0.617552 0.012257 0.786435 388.439704 0.067861 0.996980 0.037750 1.331331 -0.783597 0.076681 -0.616519 -132.834215
-0.619217 0.011680 0.785133 390.549094 0.067148 0.997014 0.038126 1.386502 -0.782344 0.076328 -0.618153 -134.495753
-0.620825 0.011097 0.783871 392.655749 0.066429 0.997048 0.038497 1.442563 -0.781130 0.075972 -0.619729 -136.162102
-0.622375 0.010509 0.782649 394.759697 0.065705 0.997082 0.038862 1.499503 -0.779957 0.075610 -0.621249 -137.833067
-0.623868 0.009916 0.781467 396.860974 0.064976 0.997116 0.039220 1.557310 -0.778824 0.075245 -0.622713 -139.508453
-0.625303 0.009318 0.780327 398.959618 0.064243 0.997149 0.039573 1.615975 -0.777734 0.074875 -0.624119 -141.188066
-0.626680 0.008715 0.779228 401.055670 0.063505 0.997183 0.039920 1.675484 -0.776685 0.074502 -0.625468 -142.871714
-0.628000 0.008109 0.778171 403.149177 0.062764 0.997216 0.040261 1.735826 -0.775678 0.074125 -0.626761 -144.559204
-0.629264 0.007499 0.777156 405.240188 0.062020 0.997249 0.040595 1.796989 -0.774713 0.073744 -0.627998 -146.250348
-0.630470 0.006885 0.776183 407.328756 0.061273 0.997282 0.040923 1.858959 -0.773791 0.073360 -0.629178 -147.944957
-0.631621 0.006269 0.775252 409.414934 0.060524 0.997314 0.041245 1.921723 -0.772912 0.072973 -0.630304 -149.642847
-0.632715 0.005651 0.774364 411.498782 0.059774 0.997346 0.041561 1.985270 -0.772074 0.072583 -0.631374 -151.343836
-0.633754 0.005032 0.773518 413.580361 0.059023 0.997378 0.041871 2.049586 -0.771280 0.072191 -0.632389 -153.047744
-0.634738 0.004411 0.772715 415.659734 0.058273 0.997409 0.042175 2.114657 -0.770527 0.071798 -0.633351 -154.754393
-0.635668 0.003789 0.771953 417.736969 0.057524 0.997440 0.042472 2.180471 -0.769816 0.071404 -0.634259 -156.463611
-0.636544 0.003168 0.771233 419.812133 0.056776 0.997471 0.042764 2.247015 -0.769147 0.071009 -0.635114 -158.175227
-0.637368 0.002546 0.770555 421.885299 0.056031 0.997501 0.043050 2.314276 -0.768520 0.070613 -0.635918 -159.889075
-0.638140 0.001926 0.769918 423.956539 0.055288 0.997530 0.043330 2.382240 -0.767933 0.070218 -0.636670 -161.604990
-0.638860 0.001306 0.769322 426.025928 0.054548 0.997559 0.043604 2.450896 -0.767387 0.069822 -0.637372 -163.322814
-0.639530 0.000688 0.768766 428.093543 0.053813 0.997587 0.043874 2.520232 -0.766880 0.069428 -0.638024 -165.042390
-0.640151 0.000071 0.768249 430.159463 0.053081 0.997614 0.044138 2.590234 -0.766413 0.069034 -0.638628 -166.763567
-0.640724 -0.000544 0.767771 432.223765 0.052353 0.997641 0.044397 2.660891 -0.765984 0.068641 -0.639184 -168.486197
-0.641249 -0.001157 0.767332 434.286530 0.051629 0.997668 0.044650 2.732190 -0.765594 0.068248 -0.639694 -170.210136
-0.641728 -0.001766 0.766930 436.347838 0.050910 0.997694 0.044897 2.804116 -0.765241 0.067856 -0.640158 -171.935245
-0.642162 -0.002373 0.766565 438.407770 0.050196 0.997719 0.045138 2.876655 -0.764924 0.067465 -0.640578 -173.661388
-0.642552 -0.002976 0.766236 440.466407 0.049487 0.997744 0.045374 2.949795 -0.764642 0.067074 -0.640955 -175.388437
-0.642899 -0.003576 0.765943 442.523830 0.048784 0.997768 0.045605 3.023521 -0.764396 0.066685 -0.641289 -177.116263
-0.643205 -0.004173 0.765683 444.580122 0.048085 0.997791 0.045831 3.097822 -0.764183 0.066297 -0.641583 -178.844747
-0.643470 -0.004766 0.765457 446.635364 0.047393 0.997814 0.046053 3.172686 -0.764003 0.065911 -0.641837 -180.573769
-0.643696 -0.005357 0.765263 448.689635 0.046705 0.997836 0.046271 3.248102 -0.763855 0.065526 -0.642053 -182.303218
-0.643884 -0.005944 0.765100 450.743014 0.046024 0.997858 0.046484 3.324060 -0.763737 0.065144 -0.642232 -184.032984
-0.644036 -0.006527 0.764967 452.795582 0.045350 0.997879 0.046694 3.400549 -0.763650 0.064764 -0.642374 -185.762965
-0.644153 -0.007105 0.764864 454.847413 0.044682 0.997900 0.046901 3.477561 -0.763591 0.064387 -0.642483 -187.493060
-0.644236 -0.007680 0.764788 456.898585 0.044021 0.997920 0.047104 3.555085 -0.763559 0.064013 -0.642558 -189.223176
-0.644287 -0.008250 0.764739 458.949171 0.043368 0.997939 0.047303 3.633114 -0.763553 0.063642 -0.642601 -190.953222
-0.644307 -0.008814 0.764716 460.999243 0.042723 0.997957 0.047499 3.711638 -0.763572 0.063275 -0.642615 -192.683114
-0.644298 -0.009374 0.764717 463.048872 0.042086 0.997975 0.047692 3.790650 -0.763615 0.062911 -0.642599 -194.412772
-0.644261 -0.009928 0.764741 465.098126 0.041457 0.997992 0.047882 3.870141 -0.763681 0.062553 -0.642556 -196.142121
-0.644198 -0.010475 0.764787 467.147070 0.040838 0.998009 0.048069 3.950105 -0.763768 0.062198 -0.642488 -197.871090
-0.644110 -0.011017 0.764853 469.195768 0.040229 0.998025 0.048254 4.030535 -0.763874 0.061850 -0.642395 -199.599615
-0.643999 -0.011552 0.764939 471.244282 0.039629 0.998040 0.048436 4.111425 -0.763999 0.061507 -0.642279 -201.327634
-0.643865 -0.012081 0.765043 473.292669 0.039041 0.998054 0.048617 4.192769 -0.764142 0.061171 -0.642141 -203.055091
-0.643712 -0.012602 0.765164 475.340987 0.038463 0.998068 0.048796 4.274563 -0.764301 0.060841 -0.641983 -204.781934
-0.643539 -0.013116 0.765301 477.389287 0.037897 0.998081 0.048973 4.356802 -0.764475 0.060519 -0.641807 -206.508116
-0.643349 -0.013622 0.765452 479.437620 0.037343 0.998093 0.049148 4.439482 -0.764662 0.060204 -0.641613 -208.233594
-0.643143 -0.014120 0.765616 481.486034 0.036802 0.998105 0.049322 4.522598 -0.764861 0.059897 -0.641404 -209.958329
-0.642922 -0.014610 0.765792 483.534573 0.036272 0.998116 0.049494 4.606145 -0.765072 0.059597 -0.641181 -211.682287
-0.642689 -0.015091 0.765979 485.583279 0.035755 0.998126 0.049664 4.690119 -0.765293 0.059306 -0.640944 -213.405437
-0.642443 -0.015564 0.766175 487.632188 0.035250 0.998135 0.049833 4.774517 -0.765522 0.059023 -0.640697 -215.127753
-0.642188 -0.016028 0.766380 489.681337 0.034759 0.998144 0.050001 4.859335 -0.765759 0.058749 -0.640439 -216.849213
-0.641923 -0.016483 0.766592 491.730756 0.034281 0.998152 0.050168 4.944569 -0.766002 0.058484 -0.640172 -218.569798
-0.641651 -0.016929 0.766810 493.780474 0.033818 0.998160 0.050335 5.030219 -0.766251 0.058229 -0.639898 -220.289493
-0.641372 -0.017366 0.767033 495.830516 0.033368 0.998166 0.050501 5.116281 -0.766504 0.057984 -0.639617 -222.008286
-0.641088 -0.017794 0.767261 497.880906 0.032933 0.998173 0.050666 5.202755 -0.766760 0.057750 -0.639330 -223.726168
-0.640799 -0.018212 0.767492 499.931663 0.032512 0.998178 0.050831 5.289639 -0.767020 0.057526 -0.639040 -225.443132
-0.640507 -0.018621 0.767727 501.982807 0.032106 0.998183 0.050996 5.376933 -0.767281 0.057312 -0.638745 -227.159175
-0.640212 -0.019020 0.767963 504.034352 0.031715 0.998187 0.051161 5.464635 -0.767544 0.057109 -0.638448 -228.874295
-0.639915 -0.019410 0.768201 506.086314 0.031338 0.998190 0.051325 5.552746 -0.767807 0.056918 -0.638148 -230.588492
-0.639616 -0.019789 0.768440 508.138703 0.030977 0.998193 0.051489 5.641266 -0.768070 0.056737 -0.637847 -232.301768
-0.639316 -0.020159 0.768680 510.191530 0.030630 0.998195 0.051653 5.730194 -0.768334 0.056567 -0.637545 -234.014126
-0.639016 -0.020520 0.768919 512.244804 0.030297 0.998197 0.051817 5.819531 -0.768596 0.056408 -0.637243 -235.725571
-0.638717 -0.020871 0.769159 514.298532 0.029979 0.998198 0.051980 5.909277 -0.768858 0.056259 -0.636940 -237.436107
-0.638418 -0.021213 0.769398 516.352719 0.029674 0.998199 0.052143 5.999431 -0.769118 0.056120 -0.636638 -239.145741
-0.638120 -0.021546 0.769635 518.407370 0.029381 0.998199 0.052306 6.089994 -0.769376 0.055990 -0.636338 -240.854480
-0.637824 -0.021871 0.769872 520.462488 0.029102 0.998198 0.052468 6.180966 -0.769632 0.055870 -0.636038 -242.562331
-0.637529 -0.022187 0.770107 522.518073 0.028835 0.998198 0.052629 6.272345 -0.769886 0.055759 -0.635740 -244.269304
-0.637237 -0.022495 0.770340 524.574127 0.028580 0.998197 0.052790 6.364133 -0.770138 0.055656 -0.635445 -245.975407
-0.636947 -0.022794 0.770571 526.630648 0.028336 0.998195 0.052950 6.456327 -0.770387 0.055561 -0.635151 -247.680649
-0.636659 -0.023086 0.770800 528.687635 0.028103 0.998193 0.053108 6.548928 -0.770633 0.055473 -0.634860 -249.385040
-0.636374 -0.023369 0.771026 530.745084 0.027880 0.998191 0.053266 6.641932 -0.770876 0.055393 -0.634572 -251.088590
-0.636092 -0.023644 0.771250 532.802992 0.027669 0.998189 0.053422 6.735339 -0.771117 0.055321 -0.634286 -252.791309
-0.635814 -0.023912 0.771472 534.861354 0.027467 0.998186 0.053576 6.829146 -0.771354 0.055255 -0.634003 -254.493208
-0.635538 -0.024172 0.771691 536.920165 0.027276 0.998183 0.053730 6.923352 -0.771588 0.055196 -0.633724 -256.194297
-0.635266 -0.024424 0.771907 538.979421 0.027095 0.998180 0.053882 7.017954 -0.771818 0.055144 -0.633448 -257.894587
-0.634997 -0.024669 0.772121 541.039115 0.026922 0.998176 0.054033 7.112952 -0.772046 0.055098 -0.633174 -259.594087
-0.634731 -0.024907 0.772332 543.099241 0.026759 0.998172 0.054182 7.208344 -0.772270 0.055058 -0.632905 -261.292808
-0.634469 -0.025138 0.772540 545.159792 0.026605 0.998169 0.054330 7.304126 -0.772490 0.055024 -0.632638 -262.990761
-0.634210 -0.025361 0.772745 547.220762 0.026459 0.998165 0.054475 7.400296 -0.772708 0.054995 -0.632375 -264.687956
-0.633955 -0.025577 0.772947 549.282143 0.026322 0.998160 0.054618 7.496852 -0.772922 0.054971 -0.632115 -266.384403
-0.633703 -0.025786 0.773146 551.343928 0.026193 0.998156 0.054759 7.593789 -0.773133 0.054952 -0.631859 -268.080114
-0.633455 -0.025988 0.773343 553.406111 0.026072 0.998152 0.054898 7.691104 -0.773340 0.054938 -0.631606 -269.775098
-0.633209 -0.026182 0.773537 555.468683 0.025959 0.998147 0.055034 7.788791 -0.773545 0.054928 -0.631356 -271.469366
-0.632968 -0.026370 0.773729 557.531638 0.025853 0.998142 0.055168 7.886847 -0.773747 0.054923 -0.631110 -273.162927
-0.632729 -0.026551 0.773918 559.594967 0.025754 0.998138 0.055299 7.985266 -0.773945 0.054921 -0.630867 -274.855791
-0.632493 -0.026725 0.774105 561.658664 0.025663 0.998133 0.055428 8.084042 -0.774141 0.054923 -0.630626 -276.547968
-0.632260 -0.026893 0.774289 563.722721 0.025578 0.998128 0.055554 8.183171 -0.774334 0.054929 -0.630389 -278.239466
-0.632030 -0.027054 0.774471 565.787131 0.025500 0.998123 0.055677 8.282644 -0.774524 0.054938 -0.630154 -279.930293
-0.631803 -0.027209 0.774652 567.851886 0.025428 0.998118 0.055797 8.382458 -0.774712 0.054950 -0.629922 -281.620457
-0.631578 -0.027358 0.774830 569.916981 0.025361 0.998113 0.055914 8.482604 -0.774898 0.054965 -0.629692 -283.309965
-0.631355 -0.027500 0.775007 571.982408 0.025301 0.998109 0.056028 8.583078 -0.775081 0.054982 -0.629465 -284.998823
-0.631134 -0.027637 0.775182 574.048161 0.025246 0.998104 0.056140 8.683871 -0.775263 0.055002 -0.629239 -286.687037
-0.630914 -0.027768 0.775356 576.114233 0.025196 0.998099 0.056247 8.784978 -0.775443 0.055023 -0.629015 -288.374612
-0.630696 -0.027893 0.775528 578.180619 0.025151 0.998094 0.056352 8.886390 -0.775622 0.055046 -0.628793 -290.061551
-0.630480 -0.028013 0.775700 580.247313 0.025110 0.998089 0.056453 8.988100 -0.775799 0.055070 -0.628572 -291.747859
-0.630264 -0.028127 0.775871 582.314309 0.025073 0.998085 0.056551 9.090102 -0.775976 0.055096 -0.628352 -293.433537
-0.630049 -0.028236 0.776042 584.381603 0.025041 0.998080 0.056645 9.192387 -0.776152 0.055122 -0.628132 -295.118588
-0.629834 -0.028340 0.776212 586.449191 0.025012 0.998076 0.056736 9.294947 -0.776327 0.055149 -0.627914 -296.803013
-0.629620 -0.028439 0.776383 588.517067 0.024987 0.998072 0.056823 9.397776 -0.776502 0.055177 -0.627695 -298.486810
-0.629405 -0.028533 0.776554 590.585229 0.024966 0.998067 0.056907 9.500865 -0.776676 0.055204 -0.627476 -300.169981
-0.629190 -0.028621 0.776725 592.653673 0.024947 0.998063 0.056986 9.604205 -0.776851 0.055232 -0.627257 -301.852522
-0.628974 -0.028705 0.776897 594.722398 0.024932 0.998059 0.057062 9.707789 -0.777027 0.055260 -0.627037 -303.534433
-0.628757 -0.028785 0.777069 596.791402 0.024919 0.998055 0.057134 9.811607 -0.777203 0.055287 -0.626817 -305.215708
-0.628538 -0.028859 0.777243 598.860683 0.024909 0.998052 0.057202 9.915651 -0.777380 0.055314 -0.626595 -306.896347
-0.628319 -0.028930 0.777418 600.930242 0.024901 0.998048 0.057266 10.019912 -0.777557 0.055340 -0.626372 -308.576343
-0.628098 -0.028996 0.777594 603.000077 0.024895 0.998045 0.057325 10.124380 -0.777736 0.055364 -0.626149 -310.255694
-0.627876 -0.029058 0.777771 605.070189 0.024891 0.998042 0.057381 10.229047 -0.777915 0.055387 -0.625923 -311.934395
-0.627652 -0.029115 0.777949 607.140579 0.024888 0.998039 0.057432 10.333901 -0.778096 0.055409 -0.625697 -313.612440
-0.627427 -0.029169 0.778129 609.211246 0.024887 0.998036 0.057479 10.438935 -0.778278 0.055429 -0.625469 -315.289826
-0.627199 -0.029218 0.778310 611.282192 0.024886 0.998034 0.057522 10.544136 -0.778461 0.055447 -0.625239 -316.966547
-0.626971 -0.029263 0.778493 613.353418 0.024888 0.998032 0.057560 10.649495 -0.778645 0.055463 -0.625008 -318.642599
-0.626740 -0.029304 0.778677 615.424925 0.024890 0.998030 0.057593 10.755001 -0.778831 0.055477 -0.624776 -320.317978
-0.626508 -0.029341 0.778863 617.496715 0.024894 0.998028 0.057622 10.860643 -0.779018 0.055490 -0.624542 -321.992679
-0.626274 -0.029373 0.779050 619.568789 0.024900 0.998026 0.057647 10.966410 -0.779205 0.055501 -0.624307 -323.666699
-0.626038 -0.029401 0.779238 621.641149 0.024907 0.998025 0.057667 11.072292 -0.779394 0.055510 -0.624070 -325.340034
-0.625801 -0.029425 0.779427 623.713797 0.024916 0.998024 0.057682 11.178278 -0.779585 0.055518 -0.623831 -327.012680
-0.625562 -0.029444 0.779618 625.786736 0.024927 0.998023 0.057694 11.284356 -0.779776 0.055524 -0.623592 -328.684634
-0.625322 -0.029458 0.779811 627.859967 0.024940 0.998022 0.057700 11.390516 -0.779968 0.055529 -0.623350 -330.355892
-0.625080 -0.029468 0.780005 629.933493 0.024955 0.998022 0.057703 11.496747 -0.780162 0.055534 -0.623108 -332.026452
-0.624836 -0.029473 0.780200 632.007317 0.024972 0.998022 0.057701 11.603039 -0.780357 0.055537 -0.622863 -333.696309
-0.624590 -0.029474 0.780397 634.081443 0.024992 0.998021 0.057696 11.709382 -0.780553 0.055540 -0.622617 -335.365461
-0.624342 -0.029470 0.780595 636.155872 0.025014 0.998021 0.057686 11.815765 -0.780750 0.055542 -0.622370 -337.033905
-0.624093 -0.029462 0.780795 638.230609 0.025039 0.998022 0.057672 11.922178 -0.780949 0.055543 -0.622120 -338.701636
-0.623841 -0.029448 0.780996 640.305656 0.025066 0.998022 0.057654 12.028611 -0.781149 0.055544 -0.621869 -340.368651
