0.999385 -0.002464 0.034987 -0.035440 0.002335 0.999990 0.003721 -0.140118 -0.034996 -0.003637 0.999381 10.347537
0.999293 -0.002545 0.037522 -0.030081 0.002408 0.999990 0.003716 -0.149250 -0.037531 -0.003623 0.999289 11.042579
0.999189 -0.002628 0.040175 -0.023386 0.002481 0.999990 0.003708 -0.158640 -0.040185 -0.003605 0.999186 11.759489
0.999074 -0.002710 0.042949 -0.015223 0.002554 0.999990 0.003697 -0.168290 -0.042958 -0.003584 0.999070 12.498349
0.998945 -0.002793 0.045844 -0.005450 0.002627 0.999990 0.003684 -0.178200 -0.045854 -0.003560 0.998942 13.259224
0.998801 -0.002876 0.048863 0.006079 0.002700 0.999990 0.003669 -0.188373 -0.048873 -0.003533 0.998799 14.042157
0.998642 -0.002958 0.052007 0.019521 0.002772 0.999989 0.003651 -0.198809 -0.052017 -0.003502 0.998640 14.847175
0.998466 -0.003039 0.055278 0.035038 0.002843 0.999989 0.003631 -0.209508 -0.055288 -0.003468 0.998464 15.674286
0.998272 -0.003120 0.058677 0.052800 0.002913 0.999989 0.003609 -0.220473 -0.058688 -0.003432 0.998270 16.523479
0.998058 -0.003200 0.062207 0.072985 0.002983 0.999989 0.003585 -0.231704 -0.062218 -0.003392 0.998057 17.394726
0.997823 -0.003279 0.065868 0.095781 0.003051 0.999989 0.003558 -0.243202 -0.065879 -0.003350 0.997822 18.287977
0.997565 -0.003356 0.069664 0.121379 0.003118 0.999989 0.003530 -0.254970 -0.069675 -0.003304 0.997564 19.203167
0.997282 -0.003433 0.073595 0.149981 0.003184 0.999989 0.003500 -0.267008 -0.073606 -0.003256 0.997282 20.140210
0.996974 -0.003508 0.077663 0.181796 0.003249 0.999989 0.003468 -0.279319 -0.077674 -0.003205 0.996974 21.099003
0.996637 -0.003582 0.081870 0.217041 0.003312 0.999989 0.003433 -0.291905 -0.081881 -0.003151 0.996637 22.079422
0.996270 -0.003656 0.086218 0.255939 0.003375 0.999989 0.003397 -0.304767 -0.086229 -0.003093 0.996271 23.081327
0.995871 -0.003728 0.090708 0.298722 0.003437 0.999988 0.003358 -0.317909 -0.090720 -0.003033 0.995872 24.104556
0.995437 -0.003799 0.095342 0.345629 0.003499 0.999988 0.003318 -0.331333 -0.095354 -0.002969 0.995439 25.148931
0.994968 -0.003870 0.100122 0.396905 0.003560 0.999988 0.003275 -0.345042 -0.100134 -0.002902 0.994970 26.214254
0.994459 -0.003941 0.105048 0.452802 0.003622 0.999988 0.003230 -0.359040 -0.105060 -0.002831 0.994462 27.300307
0.993910 -0.004012 0.110123 0.513581 0.003684 0.999988 0.003182 -0.373330 -0.110134 -0.002757 0.993913 28.406857
0.993317 -0.004083 0.115347 0.579506 0.003747 0.999988 0.003132 -0.387917 -0.115358 -0.002679 0.993320 29.533650
0.992678 -0.004154 0.120720 0.650849 0.003810 0.999988 0.003078 -0.402805 -0.120732 -0.002595 0.992682 30.680415
0.991990 -0.004226 0.126245 0.727886 0.003876 0.999988 0.003021 -0.418000 -0.126256 -0.002508 0.991994 31.846862
0.991251 -0.004299 0.131922 0.810899 0.003942 0.999988 0.002961 -0.433506 -0.131933 -0.002415 0.991256 33.032684
0.990457 -0.004371 0.137752 0.900176 0.004011 0.999988 0.002896 -0.449330 -0.137763 -0.002316 0.990463 34.237557
0.989402 -0.004471 0.145131 0.998454 0.004104 0.999988 0.002823 -0.462651 -0.145142 -0.002198 0.989408 35.260058
0.988245 -0.004572 0.152808 1.103702 0.004202 0.999987 0.002744 -0.476113 -0.152819 -0.002070 0.988252 36.287015
0.986978 -0.004675 0.160790 1.216209 0.004304 0.999987 0.002658 -0.489717 -0.160801 -0.001932 0.986985 37.317524
0.985590 -0.004779 0.169084 1.336268 0.004409 0.999987 0.002565 -0.503465 -0.169094 -0.001783 0.985598 38.350682
0.984073 -0.004883 0.177697 1.464169 0.004517 0.999987 0.002464 -0.517360 -0.177706 -0.001622 0.984082 39.385586
0.982417 -0.004987 0.186636 1.600205 0.004629 0.999987 0.002354 -0.531407 -0.186645 -0.001449 0.982426 40.421335
0.980609 -0.005088 0.195908 1.744665 0.004742 0.999986 0.002235 -0.545611 -0.195917 -0.001263 0.980620 41.457029
0.978639 -0.005187 0.205520 1.897837 0.004858 0.999986 0.002107 -0.559978 -0.205528 -0.001063 0.978651 42.491769
0.976494 -0.005282 0.215479 2.060010 0.004975 0.999986 0.001968 -0.574515 -0.215486 -0.000849 0.976507 43.524660
0.974161 -0.005371 0.225791 2.231468 0.005092 0.999985 0.001818 -0.589229 -0.225798 -0.000621 0.974174 44.554810
0.971625 -0.005454 0.236463 2.412491 0.005210 0.999985 0.001657 -0.604131 -0.236469 -0.000378 0.971639 45.581328
0.968872 -0.005529 0.247501 2.603357 0.005328 0.999985 0.001484 -0.619230 -0.247506 -0.000119 0.968886 46.603328
0.965885 -0.005595 0.258911 2.804339 0.005444 0.999984 0.001298 -0.634536 -0.258915 0.000156 0.965900 47.619926
0.962648 -0.005650 0.270699 3.015706 0.005560 0.999984 0.001099 -0.650061 -0.270701 0.000447 0.962663 48.630244
0.959142 -0.005693 0.282869 3.237720 0.005675 0.999984 0.000885 -0.665818 -0.282869 0.000756 0.959158 49.633410
0.955349 -0.005724 0.295425 3.470637 0.005788 0.999983 0.000657 -0.681821 -0.295424 0.001082 0.955366 50.628554
0.951248 -0.005740 0.308373 3.714707 0.005900 0.999983 0.000414 -0.698085 -0.308370 0.001426 0.951265 51.614816
0.946819 -0.005741 0.321716 3.970172 0.006011 0.999982 0.000154 -0.714625 -0.321711 0.001788 0.946836 52.591340
0.942039 -0.005724 0.335455 4.237268 0.006120 0.999981 -0.000123 -0.731457 -0.335448 0.002169 0.942056 53.557278
0.936884 -0.005688 0.349594 4.516222 0.006227 0.999981 -0.000418 -0.748599 -0.349585 0.002569 0.936901 54.511789
0.931330 -0.005631 0.364133 4.807251 0.006332 0.999980 -0.000732 -0.766067 -0.364122 0.002987 0.931347 55.454043
0.925350 -0.005551 0.379072 5.110566 0.006435 0.999979 -0.001065 -0.783882 -0.379058 0.003425 0.925367 56.383215
0.918919 -0.005447 0.394410 5.426367 0.006537 0.999978 -0.001419 -0.802061 -0.394393 0.003882 0.918934 57.298491
0.912006 -0.005317 0.410143 5.754845 0.006636 0.999976 -0.001794 -0.820626 -0.410124 0.004358 0.912019 58.199067
0.904582 -0.005159 0.426268 6.096181 0.006735 0.999975 -0.002190 -0.839595 -0.426246 0.004852 0.904594 59.084146
0.896617 -0.004972 0.442778 6.450545 0.006833 0.999973 -0.002607 -0.858988 -0.442754 0.005363 0.896627 59.952943
0.888131 -0.004755 0.459566 6.818055 0.006929 0.999971 -0.003046 -0.878876 -0.459539 0.005889 0.888138 60.808267
0.879104 -0.004505 0.476609 7.198855 0.007025 0.999969 -0.003506 -0.899280 -0.476579 0.006430 0.879108 61.649649
0.869519 -0.004223 0.493881 7.593075 0.007122 0.999967 -0.003988 -0.920225 -0.493847 0.006985 0.869520 62.476638
0.859362 -0.003907 0.511353 8.000834 0.007219 0.999964 -0.004492 -0.941731 -0.511317 0.007552 0.859359 63.288808
0.848619 -0.003555 0.528993 8.422236 0.007318 0.999961 -0.005020 -0.963822 -0.528955 0.008132 0.848611 64.085753
0.837278 -0.003167 0.546769 8.857375 0.007421 0.999957 -0.005571 -0.986521 -0.546728 0.008723 0.837265 64.867094
0.825331 -0.002743 0.564643 9.306328 0.007528 0.999953 -0.006147 -1.009851 -0.564599 0.009324 0.825313 65.632474
0.812773 -0.002280 0.582576 9.769162 0.007641 0.999948 -0.006747 -1.033835 -0.582530 0.009935 0.812748 66.381559
0.799603 -0.001778 0.600527 10.245928 0.007760 0.999943 -0.007372 -1.058495 -0.600479 0.010554 0.799571 67.114041
0.785821 -0.001236 0.618453 10.736664 0.007887 0.999937 -0.008022 -1.083855 -0.618404 0.011181 0.785781 67.829636
0.771434 -0.000654 0.636309 11.241392 0.008022 0.999930 -0.008697 -1.109936 -0.636258 0.011814 0.771386 68.528088
0.756453 -0.000031 0.654048 11.760125 0.008167 0.999922 -0.009398 -1.136761 -0.653997 0.012451 0.756395 69.209164
0.740891 0.000633 0.671625 12.292857 0.008322 0.999914 -0.010123 -1.164352 -0.671573 0.013090 0.740823 69.872659
0.724769 0.001339 0.688991 12.839572 0.008489 0.999905 -0.010873 -1.192731 -0.688940 0.013729 0.724688 70.518396
0.708109 0.002087 0.706100 13.400239 0.008667 0.999895 -0.011647 -1.221918 -0.706050 0.014367 0.708016 71.146222
0.690940 0.002876 0.722906 13.974813 0.008858 0.999883 -0.012445 -1.251935 -0.722858 0.015002 0.690834 71.756015
0.673295 0.003708 0.739364 14.563238 0.009061 0.999871 -0.013265 -1.282802 -0.739318 0.015631 0.673175 72.347678
0.655211 0.004581 0.755432 15.165443 0.009277 0.999857 -0.014108 -1.314539 -0.755389 0.016252 0.655075 72.921142
0.636727 0.005494 0.771070 15.781347 0.009505 0.999843 -0.014973 -1.347165 -0.771031 0.016862 0.636575 73.476364
0.617889 0.006448 0.786239 16.410854 0.009745 0.999827 -0.015858 -1.380700 -0.786205 0.017460 0.617719 74.013330
0.598743 0.007440 0.800907 17.053861 0.009997 0.999810 -0.016762 -1.415160 -0.800879 0.018043 0.598554 74.532052
0.579338 0.008470 0.815043 17.710251 0.010261 0.999791 -0.017683 -1.450563 -0.815023 0.018608 0.579130 75.032570
0.559727 0.009535 0.828622 18.379897 0.010536 0.999771 -0.018621 -1.486924 -0.828610 0.019153 0.559499 75.514949
0.539963 0.010633 0.841622 19.062665 0.010821 0.999750 -0.019573 -1.524260 -0.841619 0.019676 0.539712 75.979281
0.520098 0.011762 0.854026 19.758408 0.011116 0.999727 -0.020538 -1.562585 -0.854034 0.020175 0.519825 76.425683
0.500188 0.012918 0.865821 20.466975 0.011420 0.999703 -0.021513 -1.601912 -0.865842 0.020648 0.499892 76.854299
0.480279 0.014099 0.877003 21.188205 0.011733 0.999678 -0.022497 -1.642254 -0.877037 0.021094 0.479959 77.265295
0.460416 0.015303 0.887571 21.921930 0.012054 0.999651 -0.023488 -1.683622 -0.887621 0.021513 0.460071 77.658853
0.440644 0.016525 0.897530 22.667974 0.012382 0.999624 -0.024483 -1.726024 -0.897597 0.021902 0.440273 78.035165
0.421004 0.017763 0.906885 23.426157 0.012717 0.999594 -0.025483 -1.769468 -0.906970 0.022261 0.420607 78.394436
0.401535 0.019014 0.915646 24.196291 0.013059 0.999564 -0.026483 -1.813960 -0.915751 0.022591 0.401112 78.736882
0.382275 0.020275 0.923826 24.978185 0.013406 0.999532 -0.027483 -1.859507 -0.923951 0.022891 0.381825 79.062729
0.363259 0.021542 0.931439 25.771643 0.013758 0.999500 -0.028482 -1.906110 -0.931587 0.023161 0.362780 79.372216
0.344517 0.022813 0.938503 26.576462 0.014114 0.999466 -0.029476 -1.953772 -0.938674 0.023401 0.344011 79.665590
0.326080 0.024085 0.945035 27.392440 0.014474 0.999431 -0.030466 -2.002493 -0.945231 0.023613 0.325546 79.943109
0.307973 0.025354 0.951057 28.219369 0.014838 0.999395 -0.031448 -2.052272 -0.951279 0.023797 0.307410 80.205038
0.290220 0.026619 0.956590 29.057038 0.015205 0.999359 -0.032422 -2.103106 -0.956839 0.023954 0.289629 80.451656
0.272843 0.027875 0.961655 29.905235 0.015573 0.999321 -0.033385 -2.154991 -0.961933 0.024085 0.272223 80.683246
0.255858 0.029121 0.966276 30.763745 0.015943 0.999283 -0.034338 -2.207921 -0.966583 0.024191 0.255211 80.900100
0.239283 0.030356 0.970475 31.632354 0.016313 0.999244 -0.035278 -2.261888 -0.970813 0.024273 0.238607 81.102518
0.223129 0.031577 0.974277 32.510845 0.016683 0.999205 -0.036205 -2.316882 -0.974646 0.024333 0.222425 81.290807
0.207408 0.032781 0.977705 33.399002 0.017052 0.999165 -0.037118 -2.372894 -0.978106 0.024370 0.206676 81.465278
0.192129 0.033968 0.980782 34.296608 0.017419 0.999125 -0.038016 -2.429910 -0.981215 0.024388 0.191369 81.626250
0.177297 0.035136 0.983530 35.203447 0.017783 0.999085 -0.038897 -2.487919 -0.983997 0.024386 0.176510 81.774041
0.162918 0.036283 0.985972 36.119304 0.018144 0.999044 -0.039762 -2.546903 -0.986473 0.024368 0.162104 81.908979
0.148993 0.037407 0.988130 37.043964 0.018503 0.999004 -0.040608 -2.606846 -0.988665 0.024334 0.148153 82.031390
0.135524 0.038507 0.990025 37.977213 0.018858 0.998963 -0.041436 -2.667730 -0.990595 0.024286 0.134658 82.141604
0.122511 0.039583 0.991677 38.918839 0.019210 0.998923 -0.042246 -2.729536 -0.992281 0.024226 0.121619 82.239954
0.109951 0.040635 0.993106 39.868630 0.019558 0.998882 -0.043037 -2.792244 -0.993745 0.024155 0.109033 82.326772
0.097840 0.041662 0.994330 40.826379 0.019902 0.998842 -0.043810 -2.855834 -0.995003 0.024076 0.096898 82.402395
0.086175 0.042665 0.995366 41.791878 0.020242 0.998801 -0.044565 -2.920288 -0.996074 0.023988 0.085208 82.467159
0.074950 0.043644 0.996232 42.764924 0.020575 0.998761 -0.045302 -2.985586 -0.996975 0.023893 0.073959 82.521398
0.064157 0.044597 0.996943 43.745318 0.020902 0.998722 -0.046022 -3.051710 -0.997721 0.023791 0.063143 82.565448
0.053789 0.045525 0.997514 44.732862 0.021221 0.998682 -0.046723 -3.118638 -0.998327 0.023682 0.052752 82.599642
0.043838 0.046428 0.997959 45.727365 0.021531 0.998644 -0.047406 -3.186352 -0.998807 0.023565 0.042779 82.624310
0.034294 0.047306 0.998292 46.728635 0.021830 0.998605 -0.048070 -3.254829 -0.999173 0.023441 0.033213 82.639777
0.025146 0.048157 0.998523 47.736488 0.022117 0.998568 -0.048716 -3.324049 -0.999439 0.023310 0.024045 82.646366
0.016383 0.048983 0.998665 48.750742 0.022392 0.998531 -0.049344 -3.393990 -0.999615 0.023170 0.015263 82.644394
0.007995 0.049782 0.998728 49.771219 0.022653 0.998495 -0.049952 -3.464632 -0.999711 0.023023 0.006856 82.634170
-0.000031 0.050555 0.998721 50.797746 0.022899 0.998459 -0.050541 -3.535951 -0.999738 0.022868 -0.001189 82.615999
-0.007709 0.051301 0.998654 51.830155 0.023129 0.998425 -0.051110 -3.607927 -0.999703 0.022704 -0.008883 82.590175
-0.015050 0.052019 0.998533 52.868279 0.023343 0.998392 -0.051660 -3.680536 -0.999614 0.022531 -0.016240 82.556985
-0.022070 0.052711 0.998366 53.911957 0.023540 0.998360 -0.052190 -3.753756 -0.999479 0.022350 -0.023274 82.516707
-0.028781 0.053376 0.998160 54.961031 0.023720 0.998329 -0.052701 -3.827564 -0.999304 0.022160 -0.029999 82.469607
-0.035198 0.054013 0.997920 56.015347 0.023883 0.998299 -0.053191 -3.901939 -0.999095 0.021961 -0.036428 82.415941
-0.041336 0.054623 0.997651 57.074755 0.024027 0.998270 -0.053662 -3.976857 -0.998856 0.021752 -0.042577 82.355955
-0.047209 0.055206 0.997358 58.139108 0.024153 0.998243 -0.054111 -4.052296 -0.998593 0.021535 -0.048459 82.289881
-0.052831 0.055760 0.997045 59.208264 0.024260 0.998217 -0.054540 -4.128233 -0.998309 0.021307 -0.054090 82.217942
-0.058218 0.056286 0.996716 60.282082 0.024350 0.998192 -0.054948 -4.204645 -0.998007 0.021071 -0.059483 82.140344
-0.063384 0.056785 0.996372 61.360424 0.024420 0.998169 -0.055334 -4.281511 -0.997690 0.020824 -0.064655 82.057285
-0.068343 0.057256 0.996018 62.443157 0.024472 0.998148 -0.055700 -4.358809 -0.997362 0.020568 -0.069618 81.968946
-0.073111 0.057700 0.995653 63.530146 0.024506 0.998128 -0.056044 -4.436518 -0.997023 0.020302 -0.074388 81.875497
-0.077702 0.058117 0.995281 64.621260 0.024521 0.998109 -0.056368 -4.514617 -0.996675 0.020026 -0.078980 81.777094
-0.082129 0.058507 0.994903 65.716370 0.024519 0.998092 -0.056670 -4.593086 -0.996320 0.019740 -0.083407 81.673881
-0.086407 0.058870 0.994519 66.815345 0.024499 0.998076 -0.056953 -4.671905 -0.995959 0.019443 -0.087683 81.565985
-0.090551 0.059209 0.994130 67.918056 0.024461 0.998062 -0.057215 -4.751054 -0.995591 0.019136 -0.091824 81.453522
-0.094575 0.059522 0.993737 69.024374 0.024405 0.998050 -0.057458 -4.830515 -0.995219 0.018818 -0.095843 81.336594
-0.098493 0.059811 0.993339 70.134170 0.024332 0.998038 -0.057681 -4.910269 -0.994840 0.018489 -0.099755 81.215289
-0.102318 0.060076 0.992936 71.247315 0.024243 0.998029 -0.057886 -4.990299 -0.994456 0.018149 -0.103573 81.089679
-0.106066 0.060318 0.992528 72.363677 0.024137 0.998021 -0.058072 -5.070589 -0.994066 0.017797 -0.107312 80.959823
-0.109751 0.060537 0.992114 73.483126 0.024014 0.998014 -0.058240 -5.151121 -0.993669 0.017433 -0.110986 80.825764
-0.113386 0.060734 0.991693 74.605527 0.023876 0.998008 -0.058390 -5.231881 -0.993264 0.017057 -0.114610 80.687531
-0.116986 0.060909 0.991264 75.730746 0.023722 0.998004 -0.058524 -5.312854 -0.992850 0.016668 -0.118197 80.545139
-0.120564 0.061064 0.990826 76.858645 0.023553 0.998001 -0.058641 -5.394025 -0.992426 0.016267 -0.121762 80.398586
-0.124136 0.061200 0.990376 77.989085 0.023369 0.998000 -0.058742 -5.475382 -0.991990 0.015852 -0.125318 80.247859
-0.127715 0.061318 0.989914 79.121924 0.023170 0.997999 -0.058829 -5.556912 -0.991540 0.015423 -0.128881 80.092926
-0.131316 0.061418 0.989436 80.257016 0.022957 0.998000 -0.058902 -5.638603 -0.991075 0.014980 -0.132463 79.933745
-0.134951 0.061501 0.988942 81.394213 0.022730 0.998001 -0.058963 -5.720446 -0.990592 0.014521 -0.136079 79.770256
-0.138635 0.061569 0.988428 82.533365 0.022489 0.998004 -0.059011 -5.802431 -0.990088 0.014048 -0.139743 79.602385
-0.142382 0.061621 0.987892 83.674316 0.022235 0.998008 -0.059047 -5.884550 -0.989562 0.013559 -0.143468 79.430047
-0.146205 0.061660 0.987331 84.816907 0.021969 0.998012 -0.059073 -5.966796 -0.989010 0.013054 -0.147269 79.253139
-0.150116 0.061685 0.986742 85.960976 0.021690 0.998017 -0.059090 -6.049162 -0.988430 0.012532 -0.151157 79.071547
-0.154129 0.061697 0.986122 87.106355 0.021399 0.998023 -0.059097 -6.131643 -0.987819 0.011993 -0.155145 78.885145
-0.158256 0.061698 0.985469 88.252874 0.021096 0.998029 -0.059097 -6.214235 -0.987173 0.011437 -0.159246 78.693793
-0.162509 0.061689 0.984777 89.400356 0.020782 0.998036 -0.059090 -6.296934 -0.986488 0.010863 -0.163472 78.497343
-0.166898 0.061669 0.984044 90.548623 0.020455 0.998044 -0.059077 -6.379740 -0.985762 0.010269 -0.167833 78.295633
-0.171435 0.061640 0.983265 91.697490 0.020116 0.998052 -0.059060 -6.462650 -0.984990 0.009654 -0.172341 78.088491
-0.176129 0.061601 0.982438 92.846770 0.019764 0.998060 -0.059038 -6.545666 -0.984169 0.009018 -0.177005 77.875738
-0.180992 0.061553 0.981556 93.996270 0.019398 0.998069 -0.059012 -6.628787 -0.983293 0.008360 -0.181836 77.657181
-0.186031 0.061495 0.980617 95.145796 0.019020 0.998078 -0.058982 -6.712014 -0.982360 0.007679 -0.186843 77.432620
-0.191257 0.061428 0.979616 96.295147 0.018630 0.998087 -0.058949 -6.795346 -0.981363 0.006976 -0.192035 77.201847
-0.196676 0.061352 0.978547 97.444117 0.018228 0.998097 -0.058914 -6.878785 -0.980299 0.006250 -0.197420 76.964643
-0.202296 0.061266 0.977406 98.592497 0.017814 0.998106 -0.058877 -6.962331 -0.979162 0.005501 -0.203004 76.720784
-0.208125 0.061172 0.976188 99.740075 0.017391 0.998116 -0.058838 -7.045984 -0.977948 0.004731 -0.208796 76.470039
-0.214168 0.061069 0.974886 100.886631 0.016958 0.998126 -0.058799 -7.129747 -0.976650 0.003939 -0.214802 76.212171
-0.220431 0.060957 0.973496 102.031946 0.016516 0.998136 -0.058760 -7.213621 -0.975263 0.003126 -0.221027 75.946937
-0.226920 0.060836 0.972011 103.175794 0.016066 0.998145 -0.058721 -7.297608 -0.973781 0.002291 -0.227476 75.674093
-0.233639 0.060707 0.970427 104.317947 0.015608 0.998155 -0.058684 -7.381712 -0.972198 0.001436 -0.234155 75.393386
-0.240591 0.060569 0.968735 105.458172 0.015143 0.998164 -0.058648 -7.465935 -0.970508 0.000559 -0.241066 75.104563
-0.247780 0.060422 0.966930 106.596234 0.014671 0.998173 -0.058614 -7.550280 -0.968705 -0.000337 -0.248214 74.807368
-0.255209 0.060266 0.965006 107.731895 0.014194 0.998182 -0.058584 -7.634753 -0.966782 -0.001254 -0.255600 74.501544
-0.262878 0.060100 0.962955 108.864913 0.013710 0.998190 -0.058556 -7.719356 -0.964732 -0.002191 -0.263227 74.186832
-0.270790 0.059925 0.960771 109.995046 0.013222 0.998198 -0.058533 -7.804095 -0.962548 -0.003147 -0.271094 73.862973
-0.278944 0.059739 0.958447 111.122047 0.012728 0.998205 -0.058513 -7.888974 -0.960223 -0.004123 -0.279204 73.529708
-0.287340 0.059543 0.955976 112.245668 0.012230 0.998213 -0.058498 -7.973999 -0.957751 -0.005117 -0.287555 73.186781
-0.295977 0.059336 0.953350 113.365659 0.011728 0.998219 -0.058488 -8.059174 -0.955123 -0.006130 -0.296145 72.833937
-0.304852 0.059118 0.950563 114.481769 0.011222 0.998225 -0.058483 -8.144506 -0.952334 -0.007161 -0.304974 72.470923
-0.313963 0.058887 0.947607 115.593744 0.010713 0.998231 -0.058484 -8.230000 -0.949375 -0.008210 -0.314039 72.097490
-0.323307 0.058644 0.944475 116.701331 0.010201 0.998236 -0.058491 -8.315661 -0.946239 -0.009276 -0.323335 71.713393
-0.332879 0.058388 0.941160 117.804276 0.009687 0.998240 -0.058503 -8.401496 -0.942920 -0.010358 -0.332858 71.318391
-0.342673 0.058118 0.937655 118.902324 0.009171 0.998244 -0.058522 -8.487510 -0.939410 -0.011455 -0.342604 70.912248
-0.352685 0.057835 0.933953 119.995221 0.008654 0.998247 -0.058548 -8.573708 -0.935702 -0.012567 -0.352567 70.494735
-0.362906 0.057536 0.930048 121.082715 0.008136 0.998250 -0.058580 -8.660096 -0.931790 -0.013692 -0.362739 70.065628
-0.373330 0.057222 0.925932 122.164554 0.007618 0.998251 -0.058620 -8.746678 -0.927667 -0.014831 -0.373113 69.624710
-0.383947 0.056893 0.921601 123.240491 0.007101 0.998252 -0.058666 -8.833460 -0.923328 -0.015981 -0.383680 69.171772
-0.394749 0.056547 0.917047 124.310279 0.006585 0.998253 -0.058720 -8.920448 -0.918766 -0.017141 -0.394431 68.706614
-0.405724 0.056184 0.912267 125.373677 0.006070 0.998252 -0.058780 -9.007648 -0.913975 -0.018311 -0.405356 68.229043
-0.416861 0.055805 0.907255 126.430445 0.005558 0.998251 -0.058848 -9.095064 -0.908953 -0.019489 -0.416443 67.738875
-0.428149 0.055408 0.902008 127.480349 0.005050 0.998250 -0.058923 -9.182701 -0.903694 -0.020673 -0.427679 67.235940
-0.439572 0.054994 0.896522 128.523160 0.004545 0.998247 -0.059006 -9.270566 -0.898196 -0.021863 -0.439052 66.720076
-0.451118 0.054563 0.890795 129.558656 0.004045 0.998244 -0.059096 -9.358663 -0.892455 -0.023056 -0.450547 66.191133
-0.462770 0.054114 0.884825 130.586618 0.003550 0.998240 -0.059193 -9.446998 -0.886471 -0.024251 -0.462148 65.648977
-0.474513 0.053648 0.878612 131.606838 0.003063 0.998236 -0.059299 -9.535575 -0.880243 -0.025447 -0.473840 65.093483
-0.486329 0.053165 0.872157 132.619112 0.002582 0.998230 -0.059411 -9.624400 -0.873772 -0.026642 -0.485606 64.524544
-0.498201 0.052665 0.865461 133.623245 0.002108 0.998224 -0.059531 -9.713478 -0.867059 -0.027834 -0.497427 63.942065
-0.510110 0.052148 0.858527 134.619051 0.001643 0.998218 -0.059657 -9.802814 -0.860108 -0.029021 -0.509286 63.345966
-0.522036 0.051614 0.851360 135.606353 0.001187 0.998210 -0.059789 -9.892410 -0.852922 -0.030201 -0.521163 62.736183
-0.533961 0.051063 0.843966 136.584985 0.000740 0.998203 -0.059927 -9.982270 -0.845509 -0.031374 -0.533039 62.112666
-0.545865 0.050495 0.836350 137.554791 0.000303 0.998194 -0.060069 -10.072396 -0.837873 -0.032536 -0.544894 61.475383
-0.557726 0.049912 0.828523 138.515627 -0.000124 0.998185 -0.060216 -10.162791 -0.830025 -0.033687 -0.556708 60.824318
-0.569525 0.049313 0.820494 139.467360 -0.000541 0.998176 -0.060368 -10.253456 -0.821974 -0.034825 -0.568459 60.159471
-0.581241 0.048699 0.812273 140.409872 -0.000947 0.998166 -0.060522 -10.344391 -0.813731 -0.035947 -0.580129 59.480860
-0.592855 0.048071 0.803873 141.343058 -0.001341 0.998156 -0.060678 -10.435598 -0.805308 -0.037052 -0.591698 58.788521
-0.604346 0.047429 0.795309 142.266824 -0.001724 0.998146 -0.060836 -10.527074 -0.796720 -0.038137 -0.603144 58.082505
-0.615696 0.046775 0.786594 143.181095 -0.002094 0.998136 -0.060994 -10.618820 -0.787981 -0.039201 -0.614450 57.362881
-0.626885 0.046110 0.777746 144.085808 -0.002452 0.998125 -0.061152 -10.710832 -0.779108 -0.040242 -0.625597 56.629735
-0.637896 0.045434 0.768781 144.980914 -0.002796 0.998115 -0.061308 -10.803108 -0.770117 -0.041258 -0.636567 55.883170
-0.648712 0.044751 0.759717 145.866381 -0.003127 0.998104 -0.061462 -10.895645 -0.761028 -0.042247 -0.647342 55.123306
-0.659315 0.044061 0.750575 146.742191 -0.003442 0.998094 -0.061614 -10.988438 -0.751859 -0.043207 -0.657907 54.350280
-0.669691 0.043366 0.741373 147.608342 -0.003743 0.998084 -0.061764 -11.081483 -0.742630 -0.044137 -0.668245 53.564248
-0.679825 0.042669 0.732132 148.464851 -0.004029 0.998074 -0.061909 -11.174777 -0.733364 -0.045037 -0.678343 52.765380
-0.689703 0.041969 0.722875 149.311747 -0.004301 0.998064 -0.062050 -11.268314 -0.724079 -0.045905 -0.688187 51.953866
-0.699314 0.041269 0.713622 150.149079 -0.004559 0.998054 -0.062186 -11.362089 -0.714800 -0.046741 -0.697765 51.129911
-0.708646 0.040570 0.704397 150.976912 -0.004804 0.998045 -0.062316 -11.456097 -0.705548 -0.047544 -0.707066 50.293738
-0.717689 0.039874 0.695221 151.795326 -0.005035 0.998036 -0.062440 -11.550330 -0.696346 -0.048313 -0.716079 49.445584
-0.726434 0.039184 0.686118 152.604420 -0.005252 0.998028 -0.062557 -11.644782 -0.687216 -0.049047 -0.724796 48.585707
-0.734873 0.038500 0.677111 153.404310 -0.005455 0.998020 -0.062668 -11.739446 -0.678182 -0.049747 -0.733208 47.714379
-0.743000 0.037826 0.668222 154.195129 -0.005645 0.998012 -0.062771 -11.834314 -0.669268 -0.050410 -0.741309 46.831888
-0.750808 0.037163 0.659474 154.977025 -0.005820 0.998005 -0.062866 -11.929378 -0.660495 -0.051038 -0.749094 45.938539
-0.758292 0.036513 0.650891 155.750166 -0.005980 0.997999 -0.062952 -12.024628 -0.651887 -0.051628 -0.756557 45.034656
-0.765450 0.035878 0.642494 156.514736 -0.006126 0.997993 -0.063029 -12.120055 -0.643466 -0.052182 -0.763694 44.120575
-0.772277 0.035261 0.634306 157.270934 -0.006258 0.997988 -0.063096 -12.215650 -0.635255 -0.052697 -0.770503 43.196651
-0.778772 0.034662 0.626348 158.018978 -0.006374 0.997983 -0.063153 -12.311400 -0.627274 -0.053174 -0.776981 42.263253
-0.784934 0.034084 0.618641 158.759101 -0.006476 0.997980 -0.063200 -12.407297 -0.619546 -0.053614 -0.783128 41.320766
-0.790762 0.033529 0.611205 159.491553 -0.006562 0.997977 -0.063235 -12.503327 -0.612089 -0.054015 -0.788942 40.369590
-0.796255 0.032998 0.604061 160.216599 -0.006632 0.997975 -0.063259 -12.599480 -0.604925 -0.054377 -0.794424 39.410139
-0.801415 0.032494 0.597226 160.934516 -0.006688 0.997974 -0.063272 -12.695742 -0.598072 -0.054701 -0.799574 38.442844
-0.806242 0.032017 0.590719 161.645599 -0.006727 0.997974 -0.063272 -12.792101 -0.591548 -0.054987 -0.804393 37.468147
-0.810738 0.031570 0.584557 162.350157 -0.006751 0.997974 -0.063261 -12.888544 -0.585370 -0.055234 -0.808883 36.486507
-0.814905 0.031154 0.578757 163.048509 -0.006759 0.997976 -0.063238 -12.985057 -0.579556 -0.055444 -0.813044 35.498395
-0.818743 0.030771 0.573335 163.740991 -0.006751 0.997978 -0.063202 -13.081628 -0.574120 -0.055617 -0.816880 34.504296
-0.822256 0.030421 0.568304 164.427949 -0.006727 0.997981 -0.063155 -13.178243 -0.569078 -0.055752 -0.820391 33.504709
-0.825445 0.030106 0.563679 165.109741 -0.006687 0.997985 -0.063095 -13.274887 -0.564443 -0.055851 -0.823581 32.500143
-0.828312 0.029826 0.559473 165.786736 -0.006631 0.997990 -0.063022 -13.371548 -0.560228 -0.055912 -0.826449 31.491121
-0.830858 0.029583 0.555697 166.459313 -0.006559 0.997996 -0.062937 -13.468211 -0.556446 -0.055937 -0.828999 30.478180
-0.833085 0.029377 0.552364 167.127860 -0.006471 0.998003 -0.062839 -13.564859 -0.553107 -0.055924 -0.831231 29.461865
-0.834995 0.029209 0.549482 167.792773 -0.006367 0.998010 -0.062728 -13.661480 -0.550221 -0.055876 -0.833147 28.442734
-0.836587 0.029080 0.547062 168.454456 -0.006247 0.998019 -0.062604 -13.758056 -0.547799 -0.055791 -0.834748 27.421357
-0.837862 0.028988 0.545112 169.113317 -0.006111 0.998028 -0.062467 -13.854574 -0.545848 -0.055670 -0.836033 26.398311
-0.838820 0.028936 0.543640 169.769773 -0.005959 0.998039 -0.062317 -13.951017 -0.544376 -0.055512 -0.837002 25.374185
-0.839460 0.028922 0.542651 170.424243 -0.005792 0.998050 -0.062154 -14.047369 -0.543391 -0.055319 -0.837655 24.349575
-0.839781 0.028947 0.542153 171.077151 -0.005609 0.998062 -0.061978 -14.143616 -0.542897 -0.055089 -0.837991 23.325085
-0.839781 0.029011 0.542150 171.728923 -0.005412 0.998074 -0.061790 -14.239741 -0.542899 -0.054824 -0.838007 22.301327
-0.839457 0.029112 0.542647 172.379987 -0.005200 0.998088 -0.061590 -14.335727 -0.543402 -0.054524 -0.837700 21.278917
-0.838805 0.029251 0.543645 173.030773 -0.004974 0.998102 -0.061378 -14.431561 -0.544409 -0.054188 -0.837068 20.258481
-0.837823 0.029428 0.545148 173.681711 -0.004733 0.998117 -0.061153 -14.527227 -0.545921 -0.053816 -0.836107 19.240647
-0.836505 0.029641 0.547157 174.333226 -0.004478 0.998133 -0.060918 -14.622711 -0.547941 -0.053409 -0.834811 18.226052
-0.834846 0.029891 0.549672 174.985745 -0.004209 0.998149 -0.060672 -14.718000 -0.550468 -0.052966 -0.833175 17.215334
-0.832838 0.030178 0.552693 175.639687 -0.003925 0.998166 -0.060416 -14.813081 -0.553502 -0.052487 -0.831192 16.209137
-0.830476 0.030500 0.556219 176.295468 -0.003627 0.998183 -0.060151 -14.907942 -0.557042 -0.051972 -0.828856 15.208108
-0.827751 0.030857 0.560247 176.953497 -0.003315 0.998200 -0.059876 -15.002571 -0.561086 -0.051420 -0.826159 14.212895
-0.824654 0.031248 0.564774 177.614174 -0.002989 0.998218 -0.059593 -15.096957 -0.565629 -0.050832 -0.823091 13.224147
-0.821176 0.031672 0.569796 178.277892 -0.002648 0.998237 -0.059303 -15.191090 -0.570669 -0.050207 -0.819644 12.242516
-0.817306 0.032129 0.575308 178.945033 -0.002292 0.998255 -0.059005 -15.284960 -0.576199 -0.049544 -0.815806 11.268652
-0.813033 0.032617 0.581303 179.615970 -0.001922 0.998274 -0.058701 -15.378558 -0.582214 -0.048843 -0.811567 10.303208
-0.808345 0.033136 0.587776 180.291062 -0.001537 0.998293 -0.058392 -15.471875 -0.588707 -0.048104 -0.806914 9.346832
-0.803229 0.033683 0.594717 180.970656 -0.001137 0.998311 -0.058078 -15.564903 -0.595669 -0.047326 -0.801834 8.400175
-0.797672 0.034259 0.602118 181.655087 -0.000723 0.998330 -0.057759 -15.657636 -0.603091 -0.046508 -0.796315 7.463882
-0.791659 0.034860 0.609968 182.344674 -0.000293 0.998349 -0.057437 -15.750067 -0.610963 -0.045649 -0.790342 6.538600
-0.785176 0.035486 0.618256 183.039724 0.000152 0.998368 -0.057111 -15.842190 -0.619273 -0.044748 -0.783899 5.624970
-0.778206 0.036136 0.626968 183.740526 0.000613 0.998386 -0.056782 -15.933999 -0.628008 -0.043803 -0.776973 4.723629
-0.770735 0.036807 0.636092 184.447350 0.001090 0.998405 -0.056451 -16.025492 -0.637155 -0.042815 -0.769546 3.835214
-0.762746 0.037499 0.645611 185.160453 0.001584 0.998423 -0.056119 -16.116663 -0.646697 -0.041782 -0.761602 2.960353
-0.754221 0.038209 0.655508 185.880071 0.002096 0.998441 -0.055786 -16.207510 -0.656617 -0.040702 -0.753125 2.099671
-0.745145 0.038935 0.665765 186.606423 0.002624 0.998458 -0.055454 -16.298030 -0.666898 -0.039574 -0.744098 1.253787
-0.735499 0.039675 0.676363 187.339705 0.003170 0.998475 -0.055123 -16.388223 -0.677518 -0.038398 -0.734503 0.423313
-0.725268 0.040427 0.687279 188.080096 0.003733 0.998491 -0.054793 -16.478087 -0.688457 -0.037173 -0.724324 -0.391147
-0.714434 0.041187 0.698489 188.827754 0.004314 0.998506 -0.054465 -16.567623 -0.699689 -0.035899 -0.713545 -1.188995
-0.702982 0.041952 0.709969 189.582815 0.004911 0.998521 -0.054141 -16.656832 -0.711191 -0.034573 -0.702148 -1.969645
-0.690895 0.042721 0.721692 190.345393 0.005524 0.998535 -0.053820 -16.745715 -0.722934 -0.033197 -0.690119 -2.732517
-0.678159 0.043490 0.733627 191.115581 0.006154 0.998549 -0.053505 -16.834274 -0.734890 -0.031770 -0.677442 -3.477044
-0.664759 0.044256 0.745746 191.893450 0.006800 0.998561 -0.053197 -16.922513 -0.747027 -0.030292 -0.664104 -4.202668
-0.650684 0.045016 0.758013 192.679050 0.007462 0.998572 -0.052896 -17.010435 -0.759312 -0.028763 -0.650090 -4.908845
-0.635920 0.045766 0.770397 193.472406 0.008138 0.998582 -0.052604 -17.098045 -0.771712 -0.027183 -0.635391 -5.595040
-0.620459 0.046504 0.782858 194.273527 0.008829 0.998591 -0.052322 -17.185348 -0.784189 -0.025552 -0.619996 -6.260734
-0.604293 0.047226 0.795361 195.082397 0.009534 0.998599 -0.052051 -17.272351 -0.796705 -0.023871 -0.603897 -6.905419
-0.587416 0.047929 0.807865 195.898981 0.010251 0.998605 -0.051791 -17.359060 -0.809220 -0.022141 -0.587088 -7.528604
-0.569824 0.048608 0.820328 196.723222 0.010982 0.998610 -0.051544 -17.445482 -0.821693 -0.020362 -0.569566 -8.129812
-0.551516 0.049260 0.832709 197.555044 0.011724 0.998614 -0.051310 -17.531626 -0.834082 -0.018535 -0.551329 -8.708582
-0.532494 0.049882 0.844963 198.394351 0.012477 0.998616 -0.051090 -17.617500 -0.846342 -0.016662 -0.532379 -9.264468
-0.512762 0.050469 0.857046 199.241027 0.013240 0.998617 -0.050884 -17.703114 -0.858429 -0.014744 -0.512721 -9.797045
-0.492328 0.051019 0.868913 200.094937 0.014013 0.998616 -0.050695 -17.788477 -0.870297 -0.012783 -0.492362 -10.305900
-0.471204 0.051527 0.880518 200.955927 0.014794 0.998613 -0.050521 -17.873598 -0.881900 -0.010780 -0.471313 -10.790642
-0.449403 0.051991 0.891815 201.823823 0.015581 0.998609 -0.050365 -17.958490 -0.893193 -0.008739 -0.449588 -11.250897
-0.426943 0.052407 0.902759 202.698438 0.016375 0.998604 -0.050227 -18.043165 -0.904130 -0.006661 -0.427205 -11.686311
-0.403846 0.052772 0.913304 203.579563 0.017173 0.998596 -0.050107 -18.127633 -0.914666 -0.004551 -0.404185 -12.096548
-0.380137 0.053084 0.923406 204.466977 0.017975 0.998587 -0.050006 -18.211910 -0.924756 -0.002411 -0.380554 -12.481295
-0.355845 0.053339 0.933022 205.360442 0.018778 0.998576 -0.049925 -18.296007 -0.934356 -0.000245 -0.356340 -12.840258
-0.331002 0.053536 0.942110 206.259705 0.019582 0.998564 -0.049864 -18.379939 -0.943427 0.001944 -0.331575 -13.173162
-0.305644 0.053671 0.950632 207.164501 0.020385 0.998550 -0.049823 -18.463720 -0.951928 0.004151 -0.306295 -13.479757
-0.279810 0.053744 0.958550 208.074551 0.021186 0.998534 -0.049802 -18.547366 -0.959821 0.006373 -0.280539 -13.759812
-0.253544 0.053752 0.965829 208.989564 0.021983 0.998517 -0.049801 -18.630889 -0.967074 0.008606 -0.254349 -14.013118
-0.226889 0.053695 0.972439 209.909236 0.022777 0.998499 -0.049819 -18.714307 -0.973654 0.010845 -0.227771 -14.239488
-0.199894 0.053570 0.978352 210.833256 0.023564 0.998478 -0.049858 -18.797633 -0.979534 0.013088 -0.200853 -14.438757
-0.172610 0.053378 0.983543 211.761300 0.024345 0.998457 -0.049915 -18.880882 -0.984689 0.015328 -0.173643 -14.610780
-0.145087 0.053118 0.987992 212.693038 0.025118 0.998434 -0.049991 -18.964068 -0.989100 0.017563 -0.146194 -14.755439
-0.117380 0.052790 0.991683 213.628130 0.025882 0.998410 -0.050084 -19.047205 -0.992750 0.019788 -0.118560 -14.872634
-0.089543 0.052394 0.994604 214.566232 0.026637 0.998384 -0.050195 -19.130307 -0.995627 0.021999 -0.090794 -14.962292
-0.061630 0.051930 0.996747 215.506995 0.027382 0.998358 -0.050321 -19.213385 -0.997723 0.024192 -0.062951 -15.024359
-0.033698 0.051401 0.998109 216.450066 0.028116 0.998330 -0.050463 -19.296453 -0.999037 0.026362 -0.035086 -15.058806
-0.005799 0.050806 0.998692 217.395086 0.028839 0.998302 -0.050619 -19.379521 -0.999567 0.028507 -0.007254 -15.065624
0.022012 0.050148 0.998499 218.341699 0.029549 0.998272 -0.050788 -19.462603 -0.999321 0.030623 0.020492 -15.044828
0.049682 0.049429 0.997541 219.289542 0.030247 0.998242 -0.050970 -19.545709 -0.998307 0.032705 0.048100 -14.996451
0.077162 0.048651 0.995831 220.238258 0.030933 0.998211 -0.051164 -19.628851 -0.996539 0.034752 0.075519 -14.920549
0.104402 0.047815 0.993385 221.187486 0.031605 0.998180 -0.051367 -19.712040 -0.994033 0.036759 0.102700 -14.817200
0.131355 0.046925 0.990224 222.136870 0.032263 0.998148 -0.051581 -19.795286 -0.990810 0.038723 0.129598 -14.686500
0.157977 0.045984 0.986371 223.086057 0.032907 0.998115 -0.051802 -19.878598 -0.986894 0.040642 0.156166 -14.528569
0.184228 0.044995 0.981853 224.034695 0.033537 0.998082 -0.052031 -19.961985 -0.982311 0.042514 0.182366 -14.343543
0.210068 0.043960 0.976698 224.982437 0.034152 0.998049 -0.052266 -20.045456 -0.977090 0.044335 0.208157 -14.131581
0.235463 0.042882 0.970937 225.928944 0.034751 0.998016 -0.052506 -20.129018 -0.971262 0.046104 0.233505 -13.892862
0.260379 0.041766 0.964603 226.873878 0.035336 0.997982 -0.052750 -20.212679 -0.964860 0.047820 0.258378 -13.627581
0.284789 0.040614 0.957729 227.816913 0.035905 0.997949 -0.052997 -20.296445 -0.957917 0.049480 0.282747 -13.335957
0.308667 0.039430 0.950353 228.757729 0.036459 0.997916 -0.053245 -20.380324 -0.950471 0.051084 0.306586 -13.018223
0.331990 0.038216 0.942508 229.696013 0.036998 0.997883 -0.053494 -20.464319 -0.942557 0.052630 0.329873 -12.674635
0.354740 0.036977 0.934233 230.631464 0.037521 0.997850 -0.053742 -20.548436 -0.934212 0.054118 0.352590 -12.305464
0.376901 0.035715 0.925565 231.563791 0.038029 0.997817 -0.053989 -20.632679 -0.925473 0.055547 0.374720 -11.910998
0.398459 0.034434 0.916539 232.492712 0.038522 0.997785 -0.054233 -20.717052 -0.916377 0.056917 0.396250 -11.491544
0.419406 0.033136 0.907194 233.417957 0.039000 0.997753 -0.054474 -20.801556 -0.906961 0.058228 0.417171 -11.047424
0.439734 0.031826 0.897564 234.339269 0.039463 0.997722 -0.054712 -20.886193 -0.897261 0.059479 0.437476 -10.578977
0.459439 0.030506 0.887685 235.256402 0.039912 0.997691 -0.054944 -20.970964 -0.887312 0.060673 0.457161 -10.086556
0.478519 0.029178 0.877592 236.169124 0.040347 0.997661 -0.055170 -21.055870 -0.877150 0.061808 0.476222 -9.570528
0.496975 0.027846 0.867318 237.077214 0.040768 0.997632 -0.055390 -21.140912 -0.866807 0.062886 0.494663 -9.031273
0.514809 0.026512 0.856895 237.980465 0.041175 0.997604 -0.055602 -21.226088 -0.856316 0.063907 0.512484 -8.469186
0.532027 0.025178 0.846353 238.878682 0.041569 0.997576 -0.055807 -21.311398 -0.845707 0.064873 0.529690 -7.884671
0.548634 0.023846 0.835723 239.771683 0.041951 0.997549 -0.056004 -21.396842 -0.835010 0.065785 0.546289 -7.278146
0.564639 0.022521 0.825031 240.659298 0.042320 0.997523 -0.056192 -21.482417 -0.824252 0.066643 0.562287 -6.650038
0.580050 0.021202 0.814305 241.541373 0.042676 0.997497 -0.056371 -21.568121 -0.813462 0.067449 0.577694 -6.000783
0.594878 0.019894 0.803569 242.417762 0.043020 0.997473 -0.056541 -21.653953 -0.802664 0.068204 0.592519 -5.330826
0.609135 0.018597 0.792849 243.288337 0.043351 0.997450 -0.056702 -21.739910 -0.791881 0.068909 0.606775 -4.640621
0.622830 0.017314 0.782165 244.152981 0.043669 0.997427 -0.056852 -21.825987 -0.781137 0.069566 0.620472 -3.930629
0.635979 0.016046 0.771540 245.011590 0.043976 0.997406 -0.056993 -21.912182 -0.770453 0.070175 0.633623 -3.201317
0.648592 0.014796 0.760992 245.864074 0.044270 0.997385 -0.057123 -21.998490 -0.759848 0.070738 0.646241 -2.453159
0.660684 0.013564 0.750541 246.710358 0.044552 0.997366 -0.057242 -22.084906 -0.749341 0.071257 0.658340 -1.686632
0.672269 0.012351 0.740204 247.550379 0.044822 0.997347 -0.057350 -22.171424 -0.738949 0.071732 0.669932 -0.902221
0.683360 0.011160 0.729996 248.384085 0.045081 0.997330 -0.057447 -22.258037 -0.728688 0.072166 0.681033 -0.100411
0.693972 0.009989 0.719933 249.211442 0.045328 0.997314 -0.057532 -22.344739 -0.718574 0.072559 0.691655 0.718309
0.704117 0.008842 0.710029 250.032426 0.045565 0.997299 -0.057605 -22.431521 -0.708620 0.072914 0.701813 1.553444
0.713811 0.007717 0.700295 250.847024 0.045792 0.997285 -0.057666 -22.518377 -0.698839 0.073231 0.711520 2.404503
0.723068 0.006617 0.690746 251.655239 0.046009 0.997272 -0.057715 -22.605295 -0.689243 0.073512 0.720791 3.270990
0.731900 0.005541 0.681390 252.457084 0.046215 0.997261 -0.057751 -22.692268 -0.679843 0.073759 0.729639 4.152409
0.740321 0.004492 0.672238 253.252585 0.046412 0.997250 -0.057776 -22.779285 -0.670649 0.073972 0.738077 5.048264
0.748345 0.003469 0.663300 254.041782 0.046598 0.997241 -0.057788 -22.866337 -0.661670 0.074154 0.746119 5.958058
0.755985 0.002473 0.654584 254.824724 0.046775 0.997233 -0.057787 -22.953412 -0.652915 0.074304 0.753777 6.881295
0.763253 0.001505 0.646098 255.601473 0.046941 0.997225 -0.057775 -23.040502 -0.644392 0.074425 0.761065 7.817480
0.770162 0.000566 0.637848 256.372102 0.047097 0.997220 -0.057751 -23.127594 -0.636107 0.074518 0.767994 8.766117
0.776724 -0.000344 0.629842 257.136694 0.047242 0.997215 -0.057714 -23.214679 -0.628067 0.074583 0.774576 9.726714
0.782949 -0.001224 0.622084 257.895341 0.047377 0.997211 -0.057666 -23.301747 -0.620279 0.074622 0.780824 10.698779
0.788850 -0.002073 0.614582 258.648145 0.047500 0.997209 -0.057606 -23.388787 -0.612747 0.074635 0.786747 11.681823
0.794438 -0.002890 0.607339 259.395217 0.047613 0.997208 -0.057534 -23.475790 -0.605477 0.074624 0.792357 12.675359
0.799721 -0.003676 0.600360 260.136677 0.047713 0.997208 -0.057451 -23.562746 -0.598473 0.074590 0.797663 13.678903
0.804711 -0.004430 0.593651 260.872653 0.047801 0.997209 -0.057355 -23.649645 -0.591740 0.074532 0.802676 14.691972
0.809415 -0.005150 0.587214 261.603281 0.047878 0.997211 -0.057248 -23.736477 -0.585282 0.074452 0.807405 15.714084
0.813844 -0.005838 0.581054 262.328705 0.047941 0.997215 -0.057129 -23.823232 -0.579102 0.074351 0.811858 16.744761
