0.999828 -0.008052 -0.016681 -0.121873 0.008061 0.999967 0.000518 -0.075141 0.016676 -0.000653 0.999861 6.480404
0.999832 -0.007801 -0.016583 -0.130563 0.007811 0.999969 0.000556 -0.079579 0.016578 -0.000685 0.999862 6.915152
0.999836 -0.007540 -0.016466 -0.139563 0.007550 0.999971 0.000594 -0.084086 0.016461 -0.000718 0.999864 7.363478
0.999840 -0.007269 -0.016327 -0.148871 0.007280 0.999973 0.000633 -0.088660 0.016322 -0.000751 0.999867 7.825421
0.999845 -0.006988 -0.016163 -0.158485 0.007000 0.999975 0.000671 -0.093298 0.016157 -0.000784 0.999869 8.301010
0.999850 -0.006698 -0.015971 -0.168401 0.006710 0.999977 0.000709 -0.097998 0.015966 -0.000816 0.999872 8.790260
0.999856 -0.006398 -0.015749 -0.178614 0.006410 0.999979 0.000746 -0.102758 0.015744 -0.000847 0.999876 9.293176
0.999861 -0.006087 -0.015495 -0.189121 0.006100 0.999981 0.000783 -0.107575 0.015490 -0.000877 0.999880 9.809750
0.999868 -0.005767 -0.015205 -0.199913 0.005780 0.999983 0.000818 -0.112448 0.015200 -0.000906 0.999884 10.339966
0.999875 -0.005437 -0.014877 -0.210983 0.005450 0.999985 0.000852 -0.117375 0.014872 -0.000933 0.999889 10.883794
0.999882 -0.005096 -0.014509 -0.222322 0.005109 0.999987 0.000885 -0.122353 0.014504 -0.000959 0.999894 11.441194
0.999889 -0.004745 -0.014096 -0.233919 0.004759 0.999988 0.000918 -0.127381 0.014092 -0.000985 0.999900 12.012117
0.999897 -0.004384 -0.013638 -0.245762 0.004398 0.999990 0.000949 -0.132458 0.013633 -0.001009 0.999907 12.596500
0.999906 -0.004013 -0.013129 -0.257836 0.004026 0.999991 0.000978 -0.137581 0.013125 -0.001031 0.999913 13.194273
0.999914 -0.003632 -0.012568 -0.270125 0.003645 0.999993 0.001007 -0.142750 0.012564 -0.001052 0.999921 13.805353
0.999923 -0.003241 -0.011950 -0.282612 0.003254 0.999994 0.001033 -0.147962 0.011947 -0.001072 0.999928 14.429649
0.999932 -0.002840 -0.011273 -0.295276 0.002852 0.999995 0.001058 -0.153218 0.011270 -0.001090 0.999936 15.067057
0.999942 -0.002428 -0.010533 -0.308095 0.002440 0.999996 0.001080 -0.158515 0.010531 -0.001106 0.999944 15.717466
0.999951 -0.002006 -0.009726 -0.321043 0.002017 0.999997 0.001100 -0.163853 0.009724 -0.001120 0.999952 16.380755
0.999960 -0.001574 -0.008849 -0.334093 0.001584 0.999998 0.001118 -0.169230 0.008848 -0.001132 0.999960 17.056790
0.999968 -0.001131 -0.007898 -0.347212 0.001140 0.999999 0.001133 -0.174646 0.007897 -0.001142 0.999968 17.745433
0.999976 -0.000678 -0.006870 -0.360367 0.000686 0.999999 0.001145 -0.180100 0.006869 -0.001149 0.999976 18.446533
0.999983 -0.000215 -0.005760 -0.373518 0.000222 0.999999 0.001153 -0.185591 0.005760 -0.001155 0.999983 19.159929
0.999990 0.000258 -0.004565 -0.386625 -0.000253 0.999999 0.001159 -0.191119 0.004566 -0.001158 0.999989 19.885455
0.999994 0.000741 -0.003282 -0.399640 -0.000737 0.999999 0.001161 -0.196684 0.003283 -0.001158 0.999994 20.622931
0.999997 0.001233 -0.001906 -0.412515 -0.001231 0.999999 0.001159 -0.202285 0.001908 -0.001157 0.999998 21.372172
0.999998 0.001858 -0.000306 -0.423103 -0.001858 0.999998 0.001166 -0.206200 0.000308 -0.001166 0.999999 22.006998
0.999996 0.002504 0.001430 -0.433272 -0.002506 0.999996 0.001170 -0.210054 -0.001427 -0.001173 0.999998 22.644478
0.999989 0.003171 0.003308 -0.442951 -0.003175 0.999994 0.001168 -0.213846 -0.003305 -0.001179 0.999994 23.284066
0.999978 0.003859 0.005337 -0.452066 -0.003866 0.999992 0.001162 -0.217574 -0.005332 -0.001182 0.999985 23.925219
0.999961 0.004569 0.007522 -0.460536 -0.004578 0.999989 0.001150 -0.221238 -0.007517 -0.001184 0.999971 24.567393
0.999937 0.005299 0.009873 -0.468278 -0.005311 0.999985 0.001131 -0.224840 -0.009867 -0.001184 0.999951 25.210048
0.999905 0.006051 0.012398 -0.475202 -0.006065 0.999981 0.001105 -0.228379 -0.012391 -0.001181 0.999923 25.852646
0.999863 0.006823 0.015103 -0.481216 -0.006840 0.999976 0.001072 -0.231860 -0.015096 -0.001175 0.999885 26.494652
0.999809 0.007616 0.017998 -0.486222 -0.007635 0.999970 0.001030 -0.235284 -0.017990 -0.001167 0.999837 27.135533
0.999742 0.008428 0.021090 -0.490119 -0.008450 0.999964 0.000978 -0.238654 -0.021081 -0.001156 0.999777 27.774761
0.999660 0.009259 0.024388 -0.492800 -0.009284 0.999956 0.000916 -0.241977 -0.024379 -0.001142 0.999702 28.411809
0.999560 0.010109 0.027901 -0.494154 -0.010137 0.999948 0.000842 -0.245255 -0.027891 -0.001124 0.999610 29.046157
0.999439 0.010978 0.031636 -0.494067 -0.011007 0.999939 0.000756 -0.248495 -0.031626 -0.001104 0.999499 29.677288
0.999295 0.011865 0.035605 -0.492419 -0.011896 0.999929 0.000657 -0.251701 -0.035595 -0.001080 0.999366 30.304692
0.999125 0.012770 0.039816 -0.489087 -0.012802 0.999918 0.000544 -0.254882 -0.039806 -0.001053 0.999207 30.927862
0.998925 0.013693 0.044280 -0.483942 -0.013725 0.999906 0.000416 -0.258043 -0.044270 -0.001023 0.999019 31.546300
0.998691 0.014633 0.049007 -0.476854 -0.014664 0.999892 0.000272 -0.261192 -0.048998 -0.000990 0.998798 32.159512
0.998419 0.015590 0.054009 -0.467683 -0.015619 0.999878 0.000110 -0.264338 -0.054000 -0.000953 0.998540 32.767012
0.998103 0.016564 0.059296 -0.456290 -0.016589 0.999862 -0.000071 -0.267491 -0.059289 -0.000913 0.998240 33.368322
0.997739 0.017555 0.064881 -0.442527 -0.017574 0.999846 -0.000272 -0.270658 -0.064876 -0.000869 0.997893 33.962972
0.997319 0.018562 0.070777 -0.426245 -0.018574 0.999827 -0.000494 -0.273850 -0.070774 -0.000822 0.997492 34.550498
0.996839 0.019586 0.076998 -0.407290 -0.019587 0.999808 -0.000738 -0.277076 -0.076997 -0.000772 0.997031 35.130446
0.996290 0.020626 0.083556 -0.385502 -0.020614 0.999787 -0.001007 -0.280347 -0.083559 -0.000720 0.996503 35.702368
0.995663 0.021683 0.090468 -0.360717 -0.021654 0.999765 -0.001301 -0.283674 -0.090474 -0.000664 0.995899 36.265827
0.994951 0.022757 0.097747 -0.332769 -0.022707 0.999741 -0.001622 -0.287067 -0.097759 -0.000606 0.995210 36.820389
0.994143 0.023848 0.105411 -0.301486 -0.023772 0.999715 -0.001972 -0.290537 -0.105428 -0.000546 0.994427 37.365632
0.993231 0.024948 0.113449 -0.266723 -0.024841 0.999689 -0.002351 -0.294137 -0.113473 -0.000483 0.993541 37.903387
0.992203 0.026057 0.121875 -0.228303 -0.025914 0.999660 -0.002761 -0.297880 -0.121905 -0.000418 0.992542 38.433430
0.991050 0.027174 0.130697 -0.186045 -0.026987 0.999631 -0.003205 -0.301781 -0.130736 -0.000351 0.991417 38.955551
0.989757 0.028298 0.139927 -0.139767 -0.028059 0.999599 -0.003681 -0.305854 -0.139975 -0.000283 0.990155 39.469556
0.988312 0.029429 0.149574 -0.089282 -0.029130 0.999567 -0.004193 -0.310114 -0.149633 -0.000213 0.988742 39.975266
0.986700 0.030565 0.159650 -0.034398 -0.030195 0.999533 -0.004742 -0.314577 -0.159720 -0.000142 0.987162 40.472514
0.984906 0.031705 0.170162 0.025076 -0.031255 0.999497 -0.005329 -0.319256 -0.170246 -0.000070 0.985402 40.961147
0.982912 0.032849 0.181121 0.089337 -0.032304 0.999460 -0.005955 -0.324168 -0.181218 0.000003 0.983443 41.441027
0.980702 0.033994 0.192533 0.158581 -0.033343 0.999422 -0.006623 -0.329327 -0.192646 0.000076 0.981268 41.912028
0.978255 0.035140 0.204405 0.233010 -0.034367 0.999382 -0.007333 -0.334748 -0.204536 0.000149 0.978859 42.374039
0.975554 0.036286 0.216744 0.312823 -0.035374 0.999341 -0.008088 -0.340449 -0.216895 0.000223 0.976195 42.826962
0.972576 0.037431 0.229553 0.398224 -0.036362 0.999299 -0.008888 -0.346445 -0.229725 0.000297 0.973256 43.270710
0.969300 0.038572 0.242836 0.489416 -0.037326 0.999256 -0.009734 -0.352752 -0.243031 0.000371 0.970019 43.705213
0.965703 0.039710 0.256593 0.586603 -0.038264 0.999211 -0.010627 -0.359385 -0.256812 0.000444 0.966461 44.130411
0.961762 0.040841 0.270823 0.689990 -0.039171 0.999166 -0.011569 -0.366362 -0.271069 0.000518 0.962560 44.546256
0.957453 0.041964 0.285523 0.799781 -0.040045 0.999119 -0.012559 -0.373699 -0.285798 0.000591 0.958290 44.952715
0.952750 0.043076 0.300686 0.916178 -0.040879 0.999072 -0.013598 -0.381411 -0.300993 0.000663 0.953626 45.349763
0.947628 0.044177 0.316305 1.039382 -0.041671 0.999023 -0.014686 -0.389517 -0.316645 0.000736 0.948544 45.737390
0.942064 0.045264 0.332366 1.169591 -0.042416 0.998975 -0.015823 -0.398031 -0.332742 0.000809 0.943018 46.115598
0.936030 0.046335 0.348856 1.307001 -0.043109 0.998926 -0.017009 -0.406971 -0.349269 0.000883 0.937022 46.484399
0.929504 0.047387 0.365755 1.451802 -0.043745 0.998876 -0.018243 -0.416355 -0.366208 0.000957 0.930532 46.843817
0.922462 0.048419 0.383041 1.604181 -0.044321 0.998827 -0.019524 -0.426198 -0.383537 0.001034 0.923525 47.193889
0.914880 0.049429 0.400687 1.764321 -0.044830 0.998777 -0.020850 -0.436518 -0.401228 0.001113 0.915978 47.534662
0.906740 0.050415 0.418665 1.932401 -0.045270 0.998728 -0.022221 -0.447332 -0.419253 0.001195 0.907869 47.866199
0.898022 0.051375 0.436940 2.108592 -0.045634 0.998679 -0.023633 -0.458656 -0.437577 0.001283 0.899180 48.188571
0.888711 0.052306 0.455474 2.293060 -0.045919 0.998630 -0.025084 -0.470507 -0.456162 0.001378 0.889896 48.501865
0.878792 0.053207 0.474229 2.485968 -0.046120 0.998582 -0.026573 -0.482902 -0.474970 0.001480 0.880001 48.806180
0.868254 0.054078 0.493164 2.687468 -0.046235 0.998535 -0.028094 -0.495854 -0.493961 0.001591 0.869482 49.101621
0.857087 0.054917 0.512236 2.897708 -0.046260 0.998489 -0.029646 -0.509381 -0.513091 0.001713 0.858333 49.388300
0.845287 0.055725 0.531399 3.116829 -0.046193 0.998444 -0.031223 -0.523496 -0.532312 0.001845 0.846546 49.666333
0.832853 0.056500 0.550603 3.344966 -0.046032 0.998401 -0.032821 -0.538213 -0.551576 0.001989 0.834122 49.935843
0.819789 0.057242 0.569797 3.582246 -0.045777 0.998358 -0.034435 -0.553545 -0.570833 0.002146 0.821063 50.196955
0.806103 0.057952 0.588931 3.828788 -0.045425 0.998317 -0.036060 -0.569505 -0.590030 0.002316 0.807378 50.449804
0.791807 0.058630 0.607951 4.084707 -0.044978 0.998277 -0.037692 -0.586102 -0.609113 0.002500 0.793079 50.694526
0.776919 0.059276 0.626804 4.350107 -0.044436 0.998238 -0.039324 -0.603348 -0.628030 0.002699 0.778184 50.931262
0.761463 0.059891 0.645436 4.625086 -0.043800 0.998201 -0.040952 -0.621253 -0.646727 0.002913 0.762716 51.160158
0.745464 0.060477 0.663796 4.909733 -0.043072 0.998165 -0.042569 -0.639825 -0.665153 0.003143 0.746701 51.381363
0.728956 0.061033 0.681834 5.204132 -0.042254 0.998130 -0.044171 -0.659073 -0.683255 0.003389 0.730172 51.595029
0.711976 0.061560 0.699500 5.508356 -0.041349 0.998097 -0.045752 -0.679003 -0.700986 0.003651 0.713166 51.801312
0.694564 0.062060 0.716750 5.822471 -0.040360 0.998065 -0.047308 -0.699623 -0.718298 0.003930 0.695724 52.000370
0.676764 0.062534 0.733539 6.146535 -0.039292 0.998034 -0.048831 -0.720938 -0.735151 0.004225 0.677890 52.192364
0.658625 0.062982 0.749831 6.480596 -0.038149 0.998004 -0.050319 -0.742951 -0.751504 0.004537 0.659713 52.377456
0.640198 0.063407 0.765589 6.824695 -0.036935 0.997976 -0.051768 -0.765669 -0.767322 0.004864 0.641244 52.555808
0.621534 0.063809 0.780784 7.178862 -0.035657 0.997949 -0.053173 -0.789093 -0.782575 0.005208 0.622535 52.727585
0.602689 0.064191 0.795390 7.543116 -0.034320 0.997922 -0.054531 -0.813226 -0.797238 0.005568 0.603640 52.892952
0.583718 0.064553 0.809386 7.917471 -0.032929 0.997897 -0.055840 -0.838071 -0.811289 0.005943 0.584616 53.052077
0.564675 0.064898 0.822758 8.301928 -0.031491 0.997872 -0.057098 -0.863630 -0.824713 0.006333 0.565517 53.205126
0.545615 0.065226 0.835494 8.696479 -0.030011 0.997848 -0.058302 -0.889904 -0.837498 0.006737 0.546398 53.352268
0.526593 0.065538 0.847587 9.101106 -0.028495 0.997824 -0.059451 -0.916894 -0.849640 0.007155 0.527315 53.493672
0.507661 0.065836 0.859038 9.515781 -0.026949 0.997802 -0.060545 -0.944599 -0.861136 0.007586 0.508319 53.629507
0.488868 0.066121 0.869848 9.940464 -0.025379 0.997779 -0.061583 -0.973019 -0.871988 0.008030 0.489461 53.759944
0.470264 0.066395 0.880025 10.375108 -0.023790 0.997757 -0.062564 -1.002153 -0.882205 0.008486 0.470789 53.885154
0.451892 0.066658 0.889579 10.819655 -0.022190 0.997736 -0.063490 -1.031999 -0.891796 0.008951 0.452348 54.005307
0.433797 0.066911 0.898523 11.274036 -0.020581 0.997714 -0.064361 -1.062555 -0.900775 0.009427 0.434183 54.120577
0.416017 0.067155 0.906874 11.738173 -0.018971 0.997693 -0.065178 -1.093817 -0.909159 0.009911 0.416331 54.231135
0.398588 0.067392 0.914651 12.211980 -0.017364 0.997672 -0.065942 -1.125781 -0.916966 0.010402 0.398831 54.337154
0.381543 0.067622 0.921874 12.695358 -0.015764 0.997651 -0.066656 -1.158442 -0.924217 0.010900 0.381713 54.438808
0.364912 0.067847 0.928567 13.188200 -0.014176 0.997631 -0.067322 -1.191796 -0.930934 0.011403 0.365009 54.536271
0.348720 0.068066 0.934752 13.690392 -0.012606 0.997610 -0.067941 -1.225836 -0.937142 0.011909 0.348744 54.629718
0.332990 0.068281 0.940455 14.201809 -0.011055 0.997589 -0.068515 -1.260556 -0.942865 0.012418 0.332942 54.719322
0.317744 0.068493 0.945700 14.722317 -0.009528 0.997568 -0.069048 -1.295949 -0.948129 0.012929 0.317623 54.805258
0.302996 0.068701 0.950512 15.251775 -0.008028 0.997547 -0.069541 -1.332006 -0.952958 0.013440 0.302804 54.887700
0.288762 0.068907 0.954918 15.790033 -0.006559 0.997526 -0.069998 -1.368719 -0.957378 0.013950 0.288499 54.966822
0.275053 0.069111 0.958942 16.336933 -0.005123 0.997504 -0.070421 -1.406078 -0.961416 0.014457 0.274720 55.042798
0.261876 0.069314 0.962609 16.892309 -0.003722 0.997483 -0.070812 -1.444074 -0.965094 0.014961 0.261475 55.115802
0.249240 0.069517 0.965943 17.455990 -0.002361 0.997461 -0.071176 -1.482697 -0.968439 0.015459 0.248771 55.186010
0.237148 0.069720 0.968969 18.027794 -0.001040 0.997439 -0.071514 -1.521936 -0.971473 0.015951 0.236613 55.253596
0.225602 0.069924 0.971707 18.607538 0.000237 0.997417 -0.071829 -1.561780 -0.974220 0.016435 0.225003 55.318734
0.214602 0.070130 0.974180 19.195029 0.001468 0.997395 -0.072125 -1.602219 -0.976700 0.016909 0.213940 55.381601
0.204148 0.070338 0.976410 19.790073 0.002653 0.997372 -0.072403 -1.643242 -0.978937 0.017371 0.203424 55.442369
0.194235 0.070548 0.978415 20.392469 0.003789 0.997349 -0.072665 -1.684835 -0.980948 0.017821 0.193452 55.501212
0.184858 0.070761 0.980214 21.002013 0.004875 0.997326 -0.072916 -1.726985 -0.982753 0.018258 0.184019 55.558303
0.176013 0.070977 0.981826 21.618495 0.005910 0.997303 -0.073155 -1.769680 -0.984370 0.018679 0.175119 55.613813
0.167691 0.071196 0.983266 22.241705 0.006894 0.997280 -0.073386 -1.812905 -0.985816 0.019085 0.166744 55.667910
0.159883 0.071418 0.984549 22.871429 0.007824 0.997256 -0.073610 -1.856646 -0.987105 0.019472 0.158885 55.720763
0.152579 0.071643 0.985691 23.507447 0.008700 0.997233 -0.073829 -1.900889 -0.988253 0.019840 0.151533 55.772535
0.145769 0.071871 0.986705 24.149542 0.009522 0.997210 -0.074043 -1.945619 -0.989273 0.020188 0.144678 55.823388
0.139442 0.072103 0.987602 24.797490 0.010289 0.997186 -0.074255 -1.990820 -0.990177 0.020516 0.138308 55.873477
0.133585 0.072337 0.988394 25.451070 0.011002 0.997163 -0.074466 -2.036479 -0.990976 0.020822 0.132410 55.922956
0.128185 0.072574 0.989091 26.110055 0.011661 0.997140 -0.074676 -2.082579 -0.991682 0.021106 0.126972 55.971973
0.123230 0.072813 0.989703 26.774219 0.012266 0.997117 -0.074886 -2.129106 -0.992302 0.021368 0.121982 56.020672
0.118706 0.073055 0.990238 27.443333 0.012818 0.997094 -0.075097 -2.176044 -0.992847 0.021607 0.117425 56.069193
0.114601 0.073299 0.990704 28.117169 0.013318 0.997071 -0.075311 -2.223379 -0.993322 0.021825 0.113289 56.117671
0.110899 0.073545 0.991107 28.795497 0.013767 0.997049 -0.075527 -2.271097 -0.993736 0.022020 0.109559 56.166237
0.107589 0.073792 0.991453 29.478086 0.014165 0.997027 -0.075744 -2.319181 -0.994095 0.022194 0.106224 56.215015
0.104657 0.074040 0.991748 30.164706 0.014515 0.997005 -0.075964 -2.367619 -0.994402 0.022345 0.103268 56.264128
0.102089 0.074288 0.991998 30.855126 0.014816 0.996983 -0.076187 -2.416396 -0.994665 0.022475 0.100680 56.313691
0.099872 0.074536 0.992205 31.549116 0.015070 0.996963 -0.076411 -2.465496 -0.994886 0.022584 0.098445 56.363818
0.097994 0.074784 0.992373 32.246444 0.015279 0.996942 -0.076637 -2.514905 -0.995070 0.022672 0.096551 56.414616
0.096441 0.075032 0.992507 32.946881 0.015442 0.996922 -0.076866 -2.564610 -0.995219 0.022739 0.094985 56.466186
0.095201 0.075280 0.992608 33.650198 0.015562 0.996902 -0.077098 -2.614595 -0.995336 0.022787 0.093735 56.518627
0.094262 0.075527 0.992678 34.356166 0.015639 0.996883 -0.077332 -2.664847 -0.995425 0.022814 0.092787 56.572032
0.093611 0.075775 0.992721 35.064560 0.015675 0.996864 -0.077569 -2.715351 -0.995485 0.022822 0.092129 56.626491
0.093236 0.076022 0.992738 35.775157 0.015671 0.996845 -0.077808 -2.766095 -0.995521 0.022811 0.091750 56.682088
0.093125 0.076267 0.992729 36.487738 0.015627 0.996827 -0.078048 -2.817063 -0.995532 0.022782 0.091638 56.738905
0.093267 0.076511 0.992697 37.202085 0.015545 0.996810 -0.078289 -2.868243 -0.995520 0.022734 0.091780 56.797017
0.093651 0.076754 0.992642 37.917987 0.015427 0.996792 -0.078530 -2.919619 -0.995486 0.022668 0.092166 56.856496
0.094264 0.076994 0.992565 38.635234 0.015273 0.996776 -0.078771 -2.971177 -0.995430 0.022585 0.092784 56.917412
0.095096 0.077232 0.992468 39.353624 0.015085 0.996760 -0.079011 -3.022904 -0.995354 0.022485 0.093623 56.979829
0.096137 0.077468 0.992349 40.072957 0.014864 0.996744 -0.079251 -3.074783 -0.995257 0.022369 0.094672 57.043807
0.097375 0.077701 0.992210 40.793041 0.014611 0.996729 -0.079489 -3.126802 -0.995140 0.022238 0.095921 57.109404
0.098800 0.077932 0.992051 41.513687 0.014329 0.996714 -0.079725 -3.178946 -0.995004 0.022092 0.097359 57.176673
0.100402 0.078160 0.991872 42.234712 0.014018 0.996700 -0.079959 -3.231202 -0.994848 0.021932 0.098975 57.245664
0.102171 0.078386 0.991674 42.955941 0.013681 0.996686 -0.080191 -3.283557 -0.994673 0.021761 0.100760 57.316424
0.104096 0.078609 0.991456 43.677202 0.013319 0.996672 -0.080421 -3.335998 -0.994478 0.021577 0.102703 57.388997
0.106169 0.078830 0.991219 44.398330 0.012934 0.996659 -0.080648 -3.388514 -0.994264 0.021383 0.104794 57.463424
0.108379 0.079047 0.990962 45.119166 0.012528 0.996646 -0.080871 -3.441093 -0.994031 0.021179 0.107025 57.539741
0.110717 0.079261 0.990686 45.839558 0.012102 0.996633 -0.081089 -3.493724 -0.993778 0.020967 0.109385 57.617984
0.113175 0.079472 0.990392 46.559358 0.011658 0.996621 -0.081304 -3.546398 -0.993507 0.020747 0.111866 57.698184
0.115743 0.079679 0.990078 47.278426 0.011198 0.996609 -0.081514 -3.599104 -0.993216 0.020521 0.114458 57.780373
0.118413 0.079882 0.989746 47.996627 0.010723 0.996598 -0.081718 -3.651834 -0.992907 0.020290 0.117153 57.864578
0.121176 0.080082 0.989395 48.713832 0.010236 0.996587 -0.081918 -3.704579 -0.992578 0.020054 0.119943 57.950824
0.124025 0.080278 0.989026 49.429921 0.009737 0.996576 -0.082112 -3.757331 -0.992231 0.019814 0.122819 58.039137
0.126953 0.080469 0.988639 50.144777 0.009230 0.996565 -0.082299 -3.810083 -0.991866 0.019574 0.125774 58.129538
0.129952 0.080655 0.988234 50.858291 0.008716 0.996555 -0.082480 -3.862829 -0.991482 0.019332 0.128801 58.222047
0.133016 0.080836 0.987812 51.570360 0.008197 0.996545 -0.082654 -3.915560 -0.991080 0.019092 0.131893 58.316682
0.136138 0.081011 0.987372 52.280889 0.007676 0.996535 -0.082821 -3.968270 -0.990660 0.018854 0.135044 58.413459
0.139312 0.081179 0.986915 52.989787 0.007153 0.996526 -0.082979 -4.020954 -0.990223 0.018619 0.138248 58.512392
0.142534 0.081341 0.986442 53.696970 0.006631 0.996517 -0.083130 -4.073603 -0.989768 0.018390 0.141498 58.613495
0.145798 0.081496 0.985952 54.402361 0.006112 0.996508 -0.083272 -4.126212 -0.989295 0.018167 0.144791 58.716781
0.149101 0.081643 0.985446 55.105889 0.005598 0.996500 -0.083406 -4.178774 -0.988806 0.017952 0.148122 58.822260
0.152438 0.081782 0.984923 55.807490 0.005089 0.996492 -0.083531 -4.231286 -0.988300 0.017745 0.151487 58.929944
0.155807 0.081914 0.984385 56.507104 0.004587 0.996485 -0.083647 -4.283741 -0.987777 0.017549 0.154883 59.039844
0.159204 0.082036 0.983831 57.204679 0.004095 0.996478 -0.083753 -4.336136 -0.987237 0.017363 0.158307 59.151969
0.162628 0.082150 0.983262 57.900168 0.003613 0.996472 -0.083851 -4.388465 -0.986681 0.017189 0.161758 59.266328
0.166077 0.082254 0.982676 58.593531 0.003142 0.996466 -0.083939 -4.440726 -0.986108 0.017028 0.165232 59.382933
0.169551 0.082349 0.982075 59.284732 0.002683 0.996461 -0.084018 -4.492914 -0.985518 0.016881 0.168730 59.501793
0.173048 0.082434 0.981458 59.973740 0.002238 0.996456 -0.084088 -4.545026 -0.984911 0.016747 0.172250 59.622921
0.176568 0.082509 0.980824 60.660533 0.001806 0.996452 -0.084149 -4.597059 -0.984287 0.016629 0.175792 59.746329
0.180111 0.082575 0.980174 61.345089 0.001388 0.996448 -0.084201 -4.649010 -0.983645 0.016526 0.179357 59.872029
0.183678 0.082631 0.979507 62.027396 0.000985 0.996445 -0.084244 -4.700877 -0.982986 0.016439 0.182943 60.000035
0.187269 0.082676 0.978823 62.707444 0.000598 0.996442 -0.084279 -4.752656 -0.982309 0.016368 0.186553 60.130362
0.190884 0.082712 0.978122 63.385230 0.000225 0.996440 -0.084306 -4.804347 -0.981613 0.016313 0.190186 60.263024
0.194524 0.082739 0.977402 64.060754 -0.000131 0.996438 -0.084325 -4.855948 -0.980898 0.016275 0.193842 60.398039
0.198191 0.082757 0.976663 64.734020 -0.000472 0.996437 -0.084337 -4.907455 -0.980163 0.016254 0.197524 60.535423
0.201885 0.082767 0.975906 65.405038 -0.000798 0.996436 -0.084343 -4.958870 -0.979409 0.016249 0.201231 60.675196
0.205607 0.082769 0.975128 66.073823 -0.001107 0.996436 -0.084344 -5.010191 -0.978634 0.016262 0.204966 60.817376
0.209358 0.082763 0.974330 66.740392 -0.001401 0.996436 -0.084339 -5.061418 -0.977838 0.016292 0.208728 60.961985
0.213139 0.082749 0.973511 67.404768 -0.001679 0.996436 -0.084330 -5.112553 -0.977020 0.016339 0.212519 61.109043
0.216952 0.082728 0.972671 68.066976 -0.001942 0.996437 -0.084316 -5.163596 -0.976180 0.016404 0.216340 61.258575
0.220797 0.082698 0.971807 68.727048 -0.002188 0.996438 -0.084297 -5.214549 -0.975317 0.016486 0.220192 61.410604
0.224676 0.082661 0.970921 69.385015 -0.002420 0.996440 -0.084274 -5.265414 -0.974431 0.016585 0.224076 61.565156
0.228589 0.082615 0.970011 70.040913 -0.002635 0.996442 -0.084245 -5.316192 -0.973520 0.016701 0.227993 61.722256
0.232537 0.082562 0.969077 70.694779 -0.002835 0.996444 -0.084213 -5.366887 -0.972583 0.016835 0.231945 61.881933
0.236522 0.082501 0.968117 71.346652 -0.003020 0.996446 -0.084178 -5.417501 -0.971621 0.016986 0.235931 62.044215
0.240545 0.082434 0.967131 71.996570 -0.003191 0.996449 -0.084140 -5.468038 -0.970633 0.017153 0.239953 62.209130
0.244605 0.082361 0.966119 72.644573 -0.003347 0.996452 -0.084100 -5.518502 -0.969617 0.017338 0.244012 62.376709
0.248703 0.082282 0.965078 73.290703 -0.003489 0.996455 -0.084058 -5.568898 -0.968573 0.017538 0.248109 62.546982
0.252841 0.082199 0.964010 73.934998 -0.003619 0.996458 -0.084017 -5.619234 -0.967501 0.017754 0.252243 62.719980
0.257019 0.082112 0.962912 74.577498 -0.003737 0.996461 -0.083975 -5.669515 -0.966399 0.017985 0.256416 62.895734
0.261236 0.082021 0.961784 75.218241 -0.003844 0.996464 -0.083934 -5.719748 -0.965267 0.018229 0.260628 63.074276
0.265495 0.081927 0.960625 75.857266 -0.003943 0.996467 -0.083894 -5.769940 -0.964104 0.018486 0.264880 63.255639
0.269794 0.081831 0.959435 76.494609 -0.004033 0.996470 -0.083856 -5.820099 -0.962910 0.018754 0.269172 63.439855
0.274134 0.081733 0.958212 77.130307 -0.004118 0.996473 -0.083818 -5.870231 -0.961683 0.019032 0.273504 63.626958
0.278516 0.081633 0.956956 77.764395 -0.004197 0.996475 -0.083782 -5.920342 -0.960423 0.019318 0.277876 63.816980
0.282938 0.081531 0.955667 78.396908 -0.004272 0.996478 -0.083748 -5.970439 -0.959129 0.019613 0.282290 64.009953
0.287402 0.081429 0.954342 79.027879 -0.004345 0.996480 -0.083716 -6.020528 -0.957800 0.019913 0.286744 64.205910
0.291906 0.081327 0.952983 79.657342 -0.004416 0.996482 -0.083687 -6.070614 -0.956437 0.020220 0.291238 64.404882
0.296451 0.081225 0.951588 80.285330 -0.004487 0.996484 -0.083659 -6.120702 -0.955037 0.020531 0.295773 64.606902
0.301037 0.081122 0.950156 80.911875 -0.004557 0.996486 -0.083634 -6.170796 -0.953602 0.020847 0.300349 64.812003
0.305662 0.081019 0.948687 81.537008 -0.004629 0.996488 -0.083610 -6.220899 -0.952129 0.021165 0.304964 65.020217
0.310327 0.080917 0.947180 82.160760 -0.004703 0.996489 -0.083589 -6.271015 -0.950618 0.021486 0.309618 65.231576
0.315031 0.080816 0.945634 82.783159 -0.004779 0.996490 -0.083570 -6.321147 -0.949069 0.021808 0.314311 65.446112
0.319772 0.080716 0.944050 83.404236 -0.004861 0.996491 -0.083554 -6.371295 -0.947482 0.022129 0.319042 65.663858
0.324550 0.080618 0.942427 84.024019 -0.004947 0.996492 -0.083539 -6.421463 -0.945856 0.022450 0.323811 65.884848
0.329364 0.080522 0.940763 84.642536 -0.005040 0.996493 -0.083527 -6.471653 -0.944189 0.022769 0.328615 66.109113
0.334213 0.080428 0.939060 85.259813 -0.005141 0.996493 -0.083517 -6.521866 -0.942484 0.023085 0.333454 66.336689
0.339095 0.080337 0.937316 85.875877 -0.005251 0.996493 -0.083510 -6.572104 -0.940737 0.023396 0.338328 66.567608
0.344009 0.080250 0.935531 86.490754 -0.005369 0.996493 -0.083505 -6.622368 -0.938951 0.023703 0.343234 66.801906
0.348954 0.080166 0.933705 87.104468 -0.005499 0.996492 -0.083502 -6.672661 -0.937124 0.024004 0.348171 67.039616
0.353928 0.080086 0.931837 87.717044 -0.005639 0.996492 -0.083500 -6.722984 -0.935256 0.024298 0.353138 67.280773
0.358930 0.080010 0.929929 88.328504 -0.005791 0.996491 -0.083501 -6.773337 -0.933346 0.024586 0.358134 67.525413
0.363958 0.079938 0.927979 88.938871 -0.005956 0.996490 -0.083504 -6.823722 -0.931396 0.024865 0.363157 67.773570
0.369011 0.079871 0.925987 89.548166 -0.006134 0.996488 -0.083508 -6.874141 -0.929405 0.025136 0.368205 68.025281
0.374086 0.079810 0.923953 90.156411 -0.006325 0.996486 -0.083514 -6.924593 -0.927372 0.025397 0.373277 68.280583
0.379182 0.079755 0.921879 90.763627 -0.006531 0.996484 -0.083522 -6.975082 -0.925299 0.025649 0.378370 68.539513
0.384297 0.079705 0.919762 91.369835 -0.006752 0.996482 -0.083532 -7.025607 -0.923185 0.025891 0.383483 68.802110
0.389429 0.079662 0.917605 91.975055 -0.006988 0.996480 -0.083544 -7.076171 -0.921030 0.026122 0.388615 69.068412
0.394576 0.079625 0.915407 92.579309 -0.007239 0.996477 -0.083556 -7.126775 -0.918835 0.026343 0.393762 69.338458
0.399736 0.079594 0.913168 93.182617 -0.007506 0.996474 -0.083569 -7.177421 -0.916600 0.026552 0.398924 69.612290
0.404907 0.079569 0.910889 93.785002 -0.007788 0.996470 -0.083583 -7.228110 -0.914325 0.026749 0.404098 69.889948
0.410088 0.079551 0.908570 94.386485 -0.008087 0.996467 -0.083597 -7.278843 -0.912010 0.026935 0.409282 70.171475
0.415276 0.079538 0.906212 94.987090 -0.008401 0.996463 -0.083609 -7.329621 -0.909657 0.027108 0.414475 70.456914
0.420469 0.079530 0.903815 95.586841 -0.008732 0.996459 -0.083620 -7.380444 -0.907265 0.027268 0.419675 70.746310
0.425665 0.079526 0.901379 96.185762 -0.009078 0.996456 -0.083627 -7.431313 -0.904835 0.027414 0.424879 71.039707
0.430864 0.079526 0.898906 96.783878 -0.009440 0.996452 -0.083631 -7.482228 -0.902368 0.027548 0.430086 71.337152
0.436061 0.079530 0.896396 97.381216 -0.009818 0.996448 -0.083631 -7.533188 -0.899863 0.027667 0.435293 71.638690
0.441257 0.079537 0.893849 97.977802 -0.010211 0.996445 -0.083626 -7.584191 -0.897323 0.027773 0.440500 71.944369
0.446448 0.079547 0.891267 98.573664 -0.010619 0.996442 -0.083615 -7.635237 -0.894747 0.027865 0.445704 72.254236
0.451633 0.079560 0.888649 99.168828 -0.011041 0.996438 -0.083599 -7.686323 -0.892135 0.027944 0.450903 72.568340
0.456811 0.079576 0.885997 99.763325 -0.011478 0.996435 -0.083578 -7.737449 -0.889490 0.028010 0.456096 72.886728
0.461979 0.079595 0.883312 100.357184 -0.011928 0.996432 -0.083550 -7.788612 -0.886811 0.028062 0.461280 73.209451
0.467135 0.079617 0.880594 100.950437 -0.012391 0.996429 -0.083517 -7.839809 -0.884099 0.028102 0.466454 73.536557
0.472278 0.079641 0.877844 101.543117 -0.012867 0.996427 -0.083476 -7.891040 -0.881356 0.028129 0.471615 73.868095
0.477406 0.079666 0.875064 102.135258 -0.013355 0.996424 -0.083428 -7.942302 -0.878581 0.028143 0.476763 74.204116
0.482516 0.079691 0.872254 102.726897 -0.013853 0.996422 -0.083372 -7.993591 -0.875777 0.028145 0.481894 74.544668
0.487608 0.079717 0.869416 103.318073 -0.014362 0.996420 -0.083307 -8.044905 -0.872944 0.028135 0.487008 74.889800
0.492680 0.079741 0.866550 103.908825 -0.014879 0.996419 -0.083232 -8.096237 -0.870084 0.028113 0.492102 75.239561
0.497728 0.079763 0.863658 104.499197 -0.015403 0.996418 -0.083147 -8.147584 -0.867196 0.028082 0.497174 75.593998
0.502752 0.079781 0.860741 105.089235 -0.015932 0.996418 -0.083051 -8.198940 -0.864284 0.028040 0.502222 75.953159
0.507749 0.079794 0.857802 105.678986 -0.016465 0.996418 -0.082943 -8.250300 -0.861348 0.027990 0.507245 76.317088
0.512718 0.079802 0.854840 106.268501 -0.016999 0.996419 -0.082823 -8.301657 -0.858389 0.027934 0.512238 76.685832
0.517655 0.079802 0.851860 106.857831 -0.017532 0.996421 -0.082691 -8.353006 -0.855410 0.027871 0.517202 77.059431
0.522560 0.079795 0.848860 107.447030 -0.018062 0.996423 -0.082547 -8.404342 -0.852411 0.027803 0.522132 77.437929
0.527429 0.079780 0.845845 108.036153 -0.018589 0.996427 -0.082391 -8.455660 -0.849396 0.027733 0.527028 77.821367
0.532262 0.079755 0.842815 108.625255 -0.019109 0.996431 -0.082223 -8.506954 -0.846364 0.027659 0.531886 78.209782
0.537055 0.079721 0.839772 109.214393 -0.019623 0.996436 -0.082044 -8.558221 -0.843319 0.027583 0.536705 78.603215
0.541806 0.079677 0.836718 109.803624 -0.020130 0.996441 -0.081852 -8.609457 -0.840262 0.027505 0.541482 79.001699
0.546514 0.079624 0.833656 110.393006 -0.020628 0.996448 -0.081650 -8.660658 -0.837196 0.027426 0.546215 79.405269
0.551175 0.079561 0.830588 110.982599 -0.021117 0.996455 -0.081436 -8.711823 -0.834122 0.027346 0.550901 79.813957
0.555788 0.079488 0.827515 111.572460 -0.021596 0.996463 -0.081212 -8.762950 -0.831043 0.027266 0.555539 80.227789
0.560350 0.079405 0.824441 112.162652 -0.022064 0.996472 -0.080977 -8.814037 -0.827962 0.027185 0.560125 80.646792
0.564859 0.079310 0.821367 112.753234 -0.022521 0.996481 -0.080731 -8.865086 -0.824880 0.027104 0.564658 81.070987
0.569313 0.079205 0.818297 113.344267 -0.022964 0.996492 -0.080476 -8.916094 -0.821800 0.027025 0.569134 81.500392
0.573708 0.079088 0.815232 113.935812 -0.023393 0.996503 -0.080211 -8.967063 -0.818726 0.026947 0.573552 81.935021
0.578043 0.078960 0.812177 114.527929 -0.023807 0.996516 -0.079938 -9.017994 -0.815659 0.026872 0.577909 82.374884
0.582316 0.078821 0.809133 115.120680 -0.024205 0.996528 -0.079656 -9.068887 -0.812602 0.026800 0.582202 82.819987
0.586522 0.078671 0.806103 115.714123 -0.024585 0.996542 -0.079368 -9.119746 -0.809560 0.026733 0.586428 83.270331
0.590661 0.078508 0.803092 116.308319 -0.024948 0.996557 -0.079072 -9.170572 -0.806534 0.026669 0.590585 83.725911
0.594728 0.078335 0.800102 116.903328 -0.025292 0.996572 -0.078770 -9.221367 -0.803529 0.026610 0.594670 84.186720
0.598720 0.078149 0.797136 117.499209 -0.025618 0.996588 -0.078462 -9.272134 -0.800548 0.026556 0.598680 84.652743
0.602636 0.077952 0.794200 118.096020 -0.025924 0.996605 -0.078148 -9.322875 -0.797595 0.026506 0.602611 85.123960
0.606472 0.077744 0.791295 118.693819 -0.026210 0.996622 -0.077829 -9.373594 -0.794673 0.026461 0.606461 85.600345
0.610224 0.077524 0.788427 119.292662 -0.026476 0.996640 -0.077505 -9.424293 -0.791786 0.026421 0.610227 86.081865
0.613890 0.077292 0.785598 119.892605 -0.026722 0.996659 -0.077177 -9.474975 -0.788939 0.026385 0.613905 86.568482
0.617467 0.077049 0.782814 120.493702 -0.026947 0.996679 -0.076844 -9.525642 -0.786135 0.026354 0.617492 87.060149
0.620951 0.076795 0.780079 121.096005 -0.027151 0.996699 -0.076508 -9.576297 -0.783379 0.026328 0.620986 87.556813
0.624339 0.076530 0.777395 121.699564 -0.027333 0.996720 -0.076169 -9.626941 -0.780675 0.026307 0.624383 88.058415
0.627629 0.076254 0.774769 122.304428 -0.027494 0.996742 -0.075828 -9.677577 -0.778027 0.026290 0.627681 88.564886
0.630818 0.075969 0.772203 122.910643 -0.027634 0.996764 -0.075486 -9.728208 -0.775439 0.026279 0.630876 89.076153
0.633903 0.075674 0.769702 123.518253 -0.027753 0.996786 -0.075143 -9.778835 -0.772915 0.026272 0.633966 89.592134
0.636881 0.075370 0.767270 124.127299 -0.027850 0.996810 -0.074800 -9.829461 -0.770459 0.026270 0.636948 90.112740
0.639749 0.075058 0.764910 124.737820 -0.027926 0.996833 -0.074459 -9.880090 -0.768076 0.026274 0.639819 90.637873
0.642506 0.074739 0.762627 125.349851 -0.027981 0.996857 -0.074121 -9.930725 -0.765769 0.026284 0.642578 91.167430
0.645149 0.074415 0.760424 125.963426 -0.028015 0.996881 -0.073786 -9.981368 -0.763543 0.026300 0.645222 91.701301
0.647676 0.074085 0.758305 126.578575 -0.028028 0.996904 -0.073457 -10.032025 -0.761400 0.026323 0.647748 92.239368
0.650085 0.073751 0.756274 127.195325 -0.028020 0.996929 -0.073133 -10.082699 -0.759344 0.026352 0.650155 92.781507
0.652374 0.073412 0.754333 127.813701 -0.027993 0.996953 -0.072815 -10.133396 -0.757380 0.026387 0.652441 93.327588
0.654542 0.073071 0.752487 128.433727 -0.027945 0.996977 -0.072504 -10.184118 -0.755509 0.026428 0.654605 93.877475
0.656585 0.072727 0.750737 129.055422 -0.027879 0.997000 -0.072200 -10.234872 -0.753736 0.026476 0.656643 94.431024
0.658504 0.072381 0.749089 129.678804 -0.027795 0.997024 -0.071904 -10.285661 -0.752064 0.026528 0.658556 94.988088
0.660296 0.072033 0.747543 130.303888 -0.027693 0.997048 -0.071615 -10.336489 -0.750495 0.026585 0.660342 95.548513
0.661960 0.071684 0.746103 130.930685 -0.027573 0.997071 -0.071333 -10.387362 -0.749031 0.026647 0.661998 96.112141
0.663496 0.071336 0.744771 131.559206 -0.027437 0.997095 -0.071060 -10.438282 -0.747677 0.026714 0.663525 96.678807
0.664901 0.070988 0.743550 132.189458 -0.027286 0.997118 -0.070796 -10.489254 -0.746433 0.026784 0.664922 97.248342
0.666176 0.070641 0.742442 132.821445 -0.027119 0.997140 -0.070542 -10.540282 -0.745302 0.026859 0.666186 97.820573
0.667318 0.070297 0.741448 133.455170 -0.026938 0.997162 -0.070297 -10.591370 -0.744286 0.026937 0.667318 98.395323
0.668328 0.069956 0.740570 134.090633 -0.026744 0.997184 -0.070062 -10.642523 -0.743386 0.027018 0.668317 98.972412
0.669204 0.069620 0.739810 134.727829 -0.026538 0.997205 -0.069837 -10.693746 -0.742605 0.027102 0.669181 99.551655
0.669947 0.069290 0.739169 135.366752 -0.026322 0.997226 -0.069623 -10.745043 -0.741943 0.027188 0.669912 100.132866
0.670555 0.068967 0.738647 136.007393 -0.026096 0.997246 -0.069421 -10.796419 -0.741401 0.027274 0.670508 100.715857
0.671028 0.068651 0.738247 136.649742 -0.025863 0.997265 -0.069230 -10.847878 -0.740981 0.027361 0.670969 101.300436
0.671367 0.068345 0.737967 137.293783 -0.025624 0.997284 -0.069050 -10.899425 -0.740682 0.027448 0.671294 101.886411
0.671570 0.068049 0.737810 137.939501 -0.025380 0.997302 -0.068881 -10.951064 -0.740507 0.027533 0.671485 102.473588
0.671637 0.067764 0.737775 138.586878 -0.025132 0.997319 -0.068724 -11.002799 -0.740454 0.027616 0.671540 103.061770
0.671570 0.067490 0.737861 139.235896 -0.024880 0.997335 -0.068579 -11.054634 -0.740524 0.027697 0.671459 103.650760
0.671366 0.067228 0.738070 139.886533 -0.024626 0.997351 -0.068444 -11.106572 -0.740716 0.027775 0.671244 104.240359
0.671028 0.066977 0.738401 140.538767 -0.024370 0.997366 -0.068320 -11.158617 -0.741031 0.027850 0.670893 104.830367
0.670554 0.066739 0.738852 141.192573 -0.024112 0.997380 -0.068208 -11.210770 -0.741468 0.027922 0.670407 105.420584
0.669946 0.066512 0.739424 141.847925 -0.023852 0.997393 -0.068106 -11.263034 -0.742027 0.027990 0.669786 106.010810
0.669203 0.066299 0.740116 142.504795 -0.023591 0.997405 -0.068016 -11.315409 -0.742705 0.028056 0.669031 106.600845
0.668327 0.066099 0.740925 143.163151 -0.023329 0.997417 -0.067937 -11.367897 -0.743502 0.028119 0.668142 107.190487
0.667317 0.065913 0.741852 143.822960 -0.023067 0.997427 -0.067871 -11.420499 -0.744417 0.028179 0.667120 107.779539
0.666174 0.065741 0.742893 144.484188 -0.022805 0.997437 -0.067817 -11.473217 -0.745447 0.028236 0.665966 108.367802
0.664900 0.065584 0.744047 145.146799 -0.022544 0.997446 -0.067773 -11.526050 -0.746592 0.028288 0.664681 108.955080
0.663495 0.065441 0.745313 145.810755 -0.022285 0.997454 -0.067741 -11.578999 -0.747848 0.028336 0.663265 109.541178
0.661961 0.065312 0.746687 146.476018 -0.022029 0.997461 -0.067718 -11.632061 -0.749214 0.028378 0.661719 110.125903
0.660299 0.065198 0.748168 147.142545 -0.021776 0.997468 -0.067705 -11.685237 -0.750687 0.028413 0.660046 110.709065
0.658510 0.065099 0.749751 147.810295 -0.021526 0.997473 -0.067701 -11.738523 -0.752264 0.028443 0.658247 111.290478
0.656596 0.065014 0.751435 148.479225 -0.021280 0.997478 -0.067707 -11.791917 -0.753942 0.028466 0.656324 111.869955
0.654559 0.064943 0.753216 149.149289 -0.021038 0.997482 -0.067722 -11.845417 -0.755718 0.028482 0.654278 112.447317
0.652402 0.064888 0.755090 149.820442 -0.020800 0.997486 -0.067747 -11.899020 -0.757587 0.028493 0.652112 113.022387
0.650127 0.064847 0.757053 150.492639 -0.020566 0.997488 -0.067781 -11.952724 -0.759547 0.028497 0.649828 113.594992
0.647736 0.064821 0.759102 151.165833 -0.020336 0.997490 -0.067824 -12.006525 -0.761593 0.028495 0.647428 114.164964
0.645232 0.064810 0.761233 151.839976 -0.020111 0.997491 -0.067878 -12.060422 -0.763722 0.028488 0.644916 114.732140
0.642617 0.064813 0.763441 152.515024 -0.019889 0.997491 -0.067942 -12.114411 -0.765929 0.028476 0.642294 115.296363
0.639896 0.064831 0.765722 153.190932 -0.019672 0.997490 -0.068015 -12.168491 -0.768210 0.028460 0.639565 115.857481
0.637070 0.064863 0.768072 153.867655 -0.019458 0.997489 -0.068098 -12.222660 -0.770561 0.028438 0.636732 116.415348
0.634142 0.064908 0.770487 154.545150 -0.019247 0.997487 -0.068191 -12.276915 -0.772977 0.028413 0.633798 116.969823
0.631116 0.064967 0.772963 155.223376 -0.019039 0.997484 -0.068293 -12.331254 -0.775455 0.028384 0.630765 117.520773
0.627995 0.065040 0.775495 155.902290 -0.018835 0.997480 -0.068405 -12.385676 -0.777989 0.028352 0.627637 118.068070
0.624782 0.065125 0.778079 156.581856 -0.018634 0.997475 -0.068526 -12.440179 -0.780577 0.028316 0.624418 118.611592
0.621479 0.065224 0.780711 157.262035 -0.018436 0.997470 -0.068657 -12.494761 -0.783214 0.028276 0.621109 119.151225
0.618090 0.065335 0.783388 157.942795 -0.018242 0.997464 -0.068796 -12.549419 -0.785896 0.028232 0.617714 119.686861
0.614617 0.065458 0.786105 158.624104 -0.018052 0.997457 -0.068943 -12.604153 -0.788619 0.028183 0.614236 120.218397
0.611064 0.065592 0.788859 159.305931 -0.017865 0.997450 -0.069098 -12.658961 -0.791380 0.028130 0.610677 120.745738
0.607433 0.065739 0.791646 159.988253 -0.017682 0.997442 -0.069260 -12.713840 -0.794174 0.028073 0.607042 121.268793
0.603728 0.065896 0.794462 160.671044 -0.017503 0.997433 -0.069431 -12.768789 -0.796998 0.028012 0.603332 121.787478
0.599951 0.066065 0.797305 161.354286 -0.017327 0.997424 -0.069609 -12.823807 -0.799849 0.027948 0.599550 122.301716
0.596104 0.066245 0.800169 162.037962 -0.017153 0.997414 -0.069796 -12.878894 -0.802724 0.027880 0.595699 122.811433
0.592192 0.066436 0.803053 162.722057 -0.016983 0.997403 -0.069991 -12.934048 -0.805618 0.027810 0.591782 123.316565
0.588216 0.066638 0.805954 163.406562 -0.016815 0.997392 -0.070195 -12.989270 -0.808529 0.027738 0.587802 123.817050
0.584179 0.066852 0.808867 164.091470 -0.016649 0.997379 -0.070408 -13.044562 -0.811454 0.027664 0.583761 124.312836
0.580083 0.067076 0.811791 164.776778 -0.016485 0.997366 -0.070630 -13.099923 -0.814390 0.027588 0.579662 124.803873
0.575932 0.067312 0.814722 165.462488 -0.016324 0.997353 -0.070861 -13.155357 -0.817334 0.027512 0.575506 125.290119
0.571728 0.067559 0.817657 166.148604 -0.016165 0.997338 -0.071102 -13.210865 -0.820284 0.027434 0.571298 125.771537
0.567472 0.067817 0.820595 166.835137 -0.016008 0.997323 -0.071353 -13.266449 -0.823237 0.027355 0.567038 126.248095
