0.999994 -0.002940 0.002004 0.001015 0.002941 0.999996 -0.000539 -0.084269 -0.002003 0.000545 0.999998 5.791209
0.999994 -0.002887 0.002032 0.001181 0.002888 0.999996 -0.000548 -0.094994 -0.002030 0.000554 0.999998 6.514401
0.999994 -0.002832 0.002058 0.001364 0.002834 0.999996 -0.000555 -0.106429 -0.002057 0.000561 0.999998 7.282777
0.999994 -0.002777 0.002083 0.001565 0.002778 0.999996 -0.000562 -0.118592 -0.002082 0.000568 0.999998 8.097243
0.999994 -0.002720 0.002106 0.001784 0.002721 0.999996 -0.000568 -0.131500 -0.002104 0.000573 0.999998 8.958644
0.999994 -0.002661 0.002127 0.002022 0.002662 0.999996 -0.000571 -0.145169 -0.002125 0.000577 0.999998 9.867753
0.999994 -0.002601 0.002145 0.002278 0.002602 0.999996 -0.000572 -0.159611 -0.002143 0.000578 0.999998 10.825282
0.999994 -0.002541 0.002160 0.002555 0.002543 0.999997 -0.000572 -0.174841 -0.002158 0.000577 0.999998 11.831872
0.999995 -0.002483 0.002172 0.002852 0.002484 0.999997 -0.000571 -0.190870 -0.002170 0.000577 0.999997 12.888096
0.999995 -0.002424 0.002180 0.003169 0.002425 0.999997 -0.000570 -0.207709 -0.002179 0.000576 0.999997 13.994463
0.999995 -0.002364 0.002185 0.003505 0.002366 0.999997 -0.000570 -0.225367 -0.002184 0.000575 0.999997 15.151411
0.999995 -0.002304 0.002187 0.003858 0.002305 0.999997 -0.000569 -0.243852 -0.002186 0.000574 0.999997 16.359309
0.999995 -0.002242 0.002186 0.004227 0.002243 0.999997 -0.000567 -0.263172 -0.002185 0.000572 0.999997 17.618458
0.999995 -0.002177 0.002182 0.004608 0.002179 0.999997 -0.000564 -0.283329 -0.002181 0.000569 0.999997 18.929091
0.999995 -0.002091 0.002185 0.004972 0.002092 0.999998 -0.000562 -0.301526 -0.002184 0.000567 0.999997 20.093925
0.999996 -0.001997 0.002184 0.005339 0.001998 0.999998 -0.000557 -0.320190 -0.002183 0.000562 0.999997 21.284737
0.999996 -0.001896 0.002178 0.005703 0.001897 0.999998 -0.000550 -0.339290 -0.002177 0.000554 0.999997 22.499747
0.999996 -0.001787 0.002167 0.006058 0.001788 0.999998 -0.000539 -0.358798 -0.002166 0.000542 0.999998 23.737169
0.999996 -0.001669 0.002151 0.006400 0.001671 0.999998 -0.000524 -0.378682 -0.002150 0.000528 0.999998 24.995207
0.999997 -0.001545 0.002130 0.006723 0.001546 0.999999 -0.000506 -0.398913 -0.002129 0.000509 0.999998 26.272054
0.999997 -0.001414 0.002103 0.007021 0.001415 0.999999 -0.000484 -0.419458 -0.002103 0.000487 0.999998 27.565894
0.999997 -0.001277 0.002072 0.007290 0.001278 0.999999 -0.000457 -0.440285 -0.002071 0.000460 0.999998 28.874901
0.999997 -0.001135 0.002035 0.007523 0.001136 0.999999 -0.000426 -0.461361 -0.002034 0.000428 0.999998 30.197238
0.999998 -0.000988 0.001992 0.007711 0.000989 0.999999 -0.000389 -0.482652 -0.001991 0.000391 0.999998 31.531058
0.999998 -0.000836 0.001942 0.007847 0.000837 1.000000 -0.000347 -0.504123 -0.001942 0.000349 0.999998 32.874504
0.999998 -0.000680 0.001887 0.007922 0.000680 1.000000 -0.000300 -0.525739 -0.001886 0.000302 0.999998 34.225706
0.999998 -0.000517 0.001825 0.007926 0.000518 1.000000 -0.000248 -0.547464 -0.001825 0.000249 0.999998 35.582783
0.999998 -0.000349 0.001758 0.007850 0.000349 1.000000 -0.000190 -0.569261 -0.001758 0.000191 0.999998 36.943843
0.999999 -0.000175 0.001685 0.007684 0.000175 1.000000 -0.000128 -0.591182 -0.001685 0.000128 0.999999 38.313112
0.999999 0.000002 0.001606 0.007419 -0.000002 1.000000 -0.000059 -0.613202 -0.001606 0.000059 0.999999 39.689622
0.999999 0.000184 0.001523 0.007045 -0.000184 1.000000 0.000014 -0.635299 -0.001523 -0.000014 0.999999 41.072466
0.999999 0.000369 0.001435 0.006550 -0.000369 1.000000 0.000093 -0.657451 -0.001435 -0.000093 0.999999 42.460791
0.999999 0.000559 0.001343 0.005925 -0.000559 1.000000 0.000176 -0.679639 -0.001343 -0.000176 0.999999 43.853804
0.999999 0.000752 0.001249 0.005154 -0.000753 1.000000 0.000262 -0.701846 -0.001249 -0.000263 0.999999 45.250773
0.999999 0.000952 0.001152 0.004223 -0.000953 0.999999 0.000353 -0.724055 -0.001152 -0.000354 0.999999 46.651025
0.999999 0.001160 0.001055 0.003120 -0.001160 0.999999 0.000449 -0.746251 -0.001054 -0.000450 0.999999 48.053948
0.999999 0.001375 0.000956 0.001830 -0.001375 0.999999 0.000550 -0.768420 -0.000956 -0.000552 0.999999 49.458994
0.999998 0.001597 0.000858 0.000340 -0.001598 0.999999 0.000657 -0.790548 -0.000857 -0.000659 0.999999 50.865675
0.999998 0.001826 0.000759 -0.001362 -0.001827 0.999998 0.000769 -0.812623 -0.000758 -0.000770 0.999999 52.273566
0.999998 0.002062 0.000662 -0.003287 -0.002062 0.999997 0.000885 -0.834635 -0.000660 -0.000886 0.999999 53.682306
0.999997 0.002302 0.000565 -0.005448 -0.002302 0.999997 0.001004 -0.856575 -0.000563 -0.001006 0.999999 55.091598
0.999997 0.002545 0.000470 -0.007854 -0.002545 0.999996 0.001125 -0.878440 -0.000468 -0.001127 0.999999 56.501214
0.999996 0.002789 0.000378 -0.010517 -0.002789 0.999995 0.001248 -0.900227 -0.000375 -0.001249 0.999999 57.910990
0.999995 0.003031 0.000288 -0.013449 -0.003031 0.999994 0.001370 -0.921937 -0.000284 -0.001371 0.999999 59.320763
0.999995 0.003270 0.000202 -0.016658 -0.003270 0.999994 0.001493 -0.943567 -0.000197 -0.001494 0.999999 60.730371
0.999994 0.003504 0.000118 -0.020157 -0.003505 0.999993 0.001614 -0.965118 -0.000112 -0.001614 0.999999 62.139655
0.999993 0.003734 0.000037 -0.023957 -0.003734 0.999992 0.001733 -0.986591 -0.000031 -0.001734 0.999998 63.548456
0.999992 0.003957 -0.000040 -0.028069 -0.003957 0.999990 0.001851 -1.007985 0.000048 -0.001850 0.999998 64.956622
0.999991 0.004176 -0.000114 -0.032505 -0.004175 0.999989 0.001965 -1.029303 0.000122 -0.001965 0.999998 66.364004
0.999990 0.004388 -0.000183 -0.037274 -0.004387 0.999988 0.002076 -1.050545 0.000192 -0.002076 0.999998 67.770456
0.999989 0.004593 -0.000247 -0.042385 -0.004593 0.999987 0.002184 -1.071715 0.000257 -0.002183 0.999998 69.175842
0.999988 0.004792 -0.000305 -0.047845 -0.004791 0.999986 0.002288 -1.092816 0.000316 -0.002286 0.999997 70.580031
0.999988 0.004984 -0.000357 -0.053660 -0.004983 0.999985 0.002387 -1.113852 0.000368 -0.002385 0.999997 71.982899
0.999987 0.005169 -0.000401 -0.059833 -0.005168 0.999984 0.002481 -1.134829 0.000414 -0.002479 0.999997 73.384332
0.999986 0.005347 -0.000438 -0.066369 -0.005346 0.999982 0.002569 -1.155753 0.000452 -0.002567 0.999997 74.784225
0.999985 0.005519 -0.000467 -0.073267 -0.005518 0.999981 0.002652 -1.176631 0.000482 -0.002649 0.999996 76.182481
0.999984 0.005686 -0.000488 -0.080528 -0.005685 0.999980 0.002727 -1.197473 0.000503 -0.002725 0.999996 77.579016
0.999983 0.005848 -0.000499 -0.088147 -0.005846 0.999979 0.002797 -1.218286 0.000515 -0.002794 0.999996 78.973756
0.999982 0.006004 -0.000500 -0.096118 -0.006002 0.999978 0.002859 -1.239082 0.000517 -0.002856 0.999996 80.366639
0.999981 0.006154 -0.000491 -0.104431 -0.006152 0.999977 0.002916 -1.259868 0.000509 -0.002912 0.999996 81.757612
0.999980 0.006297 -0.000471 -0.113072 -0.006295 0.999976 0.002966 -1.280655 0.000490 -0.002963 0.999995 83.146636
0.999979 0.006431 -0.000441 -0.122028 -0.006429 0.999975 0.003010 -1.301454 0.000460 -0.003007 0.999995 84.533681
0.999978 0.006554 -0.000399 -0.131281 -0.006553 0.999974 0.003047 -1.322275 0.000419 -0.003045 0.999995 85.918727
0.999978 0.006665 -0.000346 -0.140812 -0.006664 0.999973 0.003077 -1.343132 0.000367 -0.003075 0.999995 87.301765
0.999977 0.006762 -0.000281 -0.150599 -0.006761 0.999972 0.003100 -1.364035 0.000302 -0.003099 0.999995 88.682797
0.999977 0.006844 -0.000203 -0.160622 -0.006843 0.999972 0.003117 -1.385000 0.000224 -0.003116 0.999995 90.061835
0.999976 0.006911 -0.000112 -0.170858 -0.006911 0.999971 0.003128 -1.406040 0.000133 -0.003127 0.999995 91.438897
0.999976 0.006964 -0.000007 -0.181285 -0.006964 0.999971 0.003132 -1.427166 0.000029 -0.003132 0.999995 92.814015
0.999975 0.007003 0.000111 -0.191875 -0.007003 0.999971 0.003132 -1.448391 -0.000090 -0.003133 0.999995 94.187222
0.999975 0.007031 0.000244 -0.202602 -0.007031 0.999970 0.003127 -1.469726 -0.000222 -0.003128 0.999995 95.558565
0.999975 0.007047 0.000391 -0.213436 -0.007048 0.999970 0.003117 -1.491183 -0.000369 -0.003119 0.999995 96.928096
0.999975 0.007053 0.000552 -0.224345 -0.007055 0.999970 0.003104 -1.512772 -0.000531 -0.003107 0.999995 98.295878
0.999975 0.007048 0.000728 -0.235300 -0.007050 0.999970 0.003088 -1.534505 -0.000706 -0.003093 0.999995 99.661979
0.999975 0.007032 0.000918 -0.246268 -0.007034 0.999971 0.003069 -1.556394 -0.000896 -0.003076 0.999995 101.026474
0.999975 0.007003 0.001121 -0.257218 -0.007006 0.999971 0.003049 -1.578453 -0.001100 -0.003056 0.999995 102.389441
0.999975 0.006961 0.001337 -0.268120 -0.006965 0.999971 0.003025 -1.600696 -0.001316 -0.003034 0.999995 103.750965
0.999975 0.006905 0.001566 -0.278943 -0.006909 0.999972 0.002999 -1.623137 -0.001545 -0.003009 0.999994 105.111133
0.999975 0.006833 0.001806 -0.289654 -0.006838 0.999972 0.002970 -1.645789 -0.001785 -0.002982 0.999994 106.470034
0.999975 0.006743 0.002055 -0.300223 -0.006749 0.999973 0.002939 -1.668663 -0.002035 -0.002952 0.999994 107.827753
0.999975 0.006634 0.002313 -0.310618 -0.006640 0.999974 0.002906 -1.691770 -0.002294 -0.002921 0.999993 109.184378
0.999976 0.006501 0.002578 -0.320809 -0.006509 0.999975 0.002873 -1.715119 -0.002559 -0.002890 0.999993 110.539997
0.999976 0.006343 0.002847 -0.330767 -0.006351 0.999976 0.002840 -1.738715 -0.002829 -0.002858 0.999992 111.894693
0.999976 0.006157 0.003119 -0.340464 -0.006166 0.999977 0.002808 -1.762564 -0.003101 -0.002827 0.999991 113.248550
0.999977 0.005940 0.003391 -0.349874 -0.005950 0.999978 0.002777 -1.786667 -0.003375 -0.002797 0.999990 114.601647
0.999977 0.005691 0.003662 -0.358975 -0.005701 0.999980 0.002747 -1.811026 -0.003646 -0.002768 0.999990 115.954062
0.999978 0.005408 0.003930 -0.367747 -0.005419 0.999982 0.002719 -1.835639 -0.003915 -0.002740 0.999989 117.305869
0.999978 0.005090 0.004192 -0.376176 -0.005101 0.999983 0.002691 -1.860507 -0.004178 -0.002712 0.999988 118.657139
0.999979 0.004736 0.004446 -0.384246 -0.004748 0.999985 0.002663 -1.885625 -0.004433 -0.002684 0.999987 120.007937
0.999980 0.004348 0.004690 -0.391944 -0.004360 0.999987 0.002636 -1.910989 -0.004679 -0.002656 0.999986 121.358330
0.999980 0.003926 0.004924 -0.399260 -0.003939 0.999989 0.002608 -1.936591 -0.004914 -0.002627 0.999984 122.708377
0.999981 0.003472 0.005145 -0.406184 -0.003485 0.999991 0.002580 -1.962424 -0.005136 -0.002598 0.999983 124.058136
0.999981 0.002987 0.005352 -0.412708 -0.003001 0.999992 0.002552 -1.988480 -0.005344 -0.002568 0.999982 125.407662
0.999982 0.002471 0.005544 -0.418825 -0.002485 0.999994 0.002522 -2.014745 -0.005537 -0.002536 0.999981 126.757005
0.999982 0.001925 0.005719 -0.424527 -0.001939 0.999995 0.002491 -2.041208 -0.005714 -0.002502 0.999981 128.106213
0.999982 0.001349 0.005876 -0.429809 -0.001364 0.999996 0.002458 -2.067854 -0.005873 -0.002466 0.999980 129.455332
0.999982 0.000744 0.006015 -0.434668 -0.000758 0.999997 0.002423 -2.094671 -0.006013 -0.002427 0.999979 130.804407
0.999981 0.000111 0.006134 -0.439104 -0.000125 0.999997 0.002385 -2.121643 -0.006134 -0.002386 0.999978 132.153478
0.999980 -0.000547 0.006234 -0.443120 0.000533 0.999997 0.002344 -2.148755 -0.006236 -0.002340 0.999978 133.502584
0.999979 -0.001226 0.006315 -0.446718 0.001211 0.999997 0.002298 -2.175990 -0.006318 -0.002290 0.999977 134.851758
0.999978 -0.001921 0.006376 -0.449902 0.001906 0.999996 0.002248 -2.203330 -0.006380 -0.002236 0.999977 136.201035
0.999976 -0.002628 0.006418 -0.452672 0.002614 0.999994 0.002195 -2.230757 -0.006424 -0.002178 0.999977 137.550446
0.999974 -0.003343 0.006442 -0.455028 0.003329 0.999992 0.002138 -2.258250 -0.006449 -0.002116 0.999977 138.900022
0.999971 -0.004063 0.006447 -0.456969 0.004049 0.999990 0.002079 -2.285785 -0.006456 -0.002053 0.999977 140.249795
0.999968 -0.004782 0.006435 -0.458496 0.004769 0.999987 0.002018 -2.313341 -0.006444 -0.001987 0.999977 141.599796
0.999964 -0.005494 0.006406 -0.459612 0.005482 0.999983 0.001954 -2.340897 -0.006416 -0.001919 0.999978 142.950059
0.999961 -0.006194 0.006361 -0.460325 0.006183 0.999979 0.001888 -2.368434 -0.006373 -0.001849 0.999978 144.300624
0.999957 -0.006877 0.006301 -0.460641 0.006865 0.999975 0.001819 -2.395936 -0.006314 -0.001776 0.999978 145.651534
0.999952 -0.007534 0.006228 -0.460569 0.007524 0.999970 0.001745 -2.423387 -0.006241 -0.001698 0.999979 147.002833
0.999948 -0.008162 0.006143 -0.460118 0.008151 0.999965 0.001667 -2.450775 -0.006157 -0.001616 0.999980 148.354572
0.999943 -0.008752 0.006048 -0.459301 0.008743 0.999961 0.001582 -2.478093 -0.006061 -0.001529 0.999980 149.706804
0.999939 -0.009301 0.005943 -0.458130 0.009293 0.999956 0.001493 -2.505331 -0.005956 -0.001437 0.999981 151.059588
0.999935 -0.009803 0.005830 -0.456618 0.009795 0.999951 0.001397 -2.532484 -0.005843 -0.001340 0.999982 152.412985
0.999931 -0.010254 0.005711 -0.454776 0.010247 0.999947 0.001297 -2.559545 -0.005724 -0.001238 0.999983 153.767058
0.999928 -0.010649 0.005588 -0.452614 0.010643 0.999943 0.001192 -2.586509 -0.005600 -0.001133 0.999984 155.121876
0.999925 -0.010988 0.005461 -0.450147 0.010982 0.999939 0.001085 -2.613373 -0.005473 -0.001025 0.999984 156.477512
0.999922 -0.011268 0.005333 -0.447392 0.011263 0.999936 0.000975 -2.640136 -0.005344 -0.000915 0.999985 157.834039
0.999920 -0.011488 0.005204 -0.444365 0.011484 0.999934 0.000864 -2.666798 -0.005213 -0.000804 0.999986 159.191536
0.999919 -0.011649 0.005074 -0.441086 0.011645 0.999932 0.000751 -2.693359 -0.005083 -0.000692 0.999987 160.550081
0.999919 -0.011749 0.004945 -0.437579 0.011746 0.999931 0.000638 -2.719826 -0.004952 -0.000580 0.999988 161.909755
0.999919 -0.011787 0.004817 -0.433866 0.011785 0.999930 0.000525 -2.746208 -0.004823 -0.000468 0.999988 163.270646
0.999920 -0.011763 0.004691 -0.429975 0.011761 0.999931 0.000412 -2.772516 -0.004695 -0.000356 0.999989 164.632839
0.999921 -0.011674 0.004567 -0.425933 0.011673 0.999932 0.000300 -2.798761 -0.004571 -0.000247 0.999990 165.996424
0.999924 -0.011522 0.004447 -0.421764 0.011521 0.999934 0.000191 -2.824957 -0.004449 -0.000139 0.999990 167.361492
0.999927 -0.011308 0.004332 -0.417493 0.011308 0.999936 0.000085 -2.851119 -0.004332 -0.000036 0.999991 168.728133
0.999930 -0.011037 0.004220 -0.413143 0.011037 0.999939 -0.000016 -2.877263 -0.004219 0.000062 0.999991 170.096442
0.999934 -0.010712 0.004112 -0.408742 0.010712 0.999943 -0.000112 -2.903406 -0.004111 0.000156 0.999992 171.466510
0.999939 -0.010338 0.004008 -0.404313 0.010339 0.999947 -0.000202 -2.929564 -0.004006 0.000244 0.999992 172.838432
0.999943 -0.009919 0.003908 -0.399888 0.009920 0.999951 -0.000289 -2.955756 -0.003905 0.000328 0.999992 174.212298
0.999948 -0.009458 0.003812 -0.395495 0.009459 0.999955 -0.000373 -2.982000 -0.003808 0.000409 0.999993 175.588200
0.999953 -0.008958 0.003719 -0.391165 0.008960 0.999960 -0.000454 -3.008317 -0.003715 0.000488 0.999993 176.966227
0.999958 -0.008424 0.003630 -0.386927 0.008426 0.999964 -0.000533 -3.034724 -0.003625 0.000564 0.999993 178.346467
0.999963 -0.007860 0.003544 -0.382810 0.007862 0.999969 -0.000610 -3.061240 -0.003539 0.000638 0.999994 179.729004
0.999968 -0.007269 0.003462 -0.378840 0.007271 0.999973 -0.000685 -3.087878 -0.003457 0.000710 0.999994 181.113918
0.999972 -0.006655 0.003382 -0.375039 0.006658 0.999978 -0.000757 -3.114652 -0.003377 0.000779 0.999994 182.501286
0.999976 -0.006023 0.003305 -0.371431 0.006025 0.999982 -0.000825 -3.141573 -0.003300 0.000845 0.999994 183.891181
0.999980 -0.005376 0.003231 -0.368032 0.005379 0.999985 -0.000888 -3.168646 -0.003226 0.000905 0.999994 185.283673
0.999984 -0.004723 0.003159 -0.364857 0.004726 0.999988 -0.000945 -3.195875 -0.003154 0.000960 0.999995 186.678826
0.999987 -0.004067 0.003089 -0.361916 0.004070 0.999991 -0.000997 -3.223264 -0.003085 0.001009 0.999995 188.076700
0.999990 -0.003414 0.003020 -0.359222 0.003418 0.999994 -0.001043 -3.250816 -0.003017 0.001053 0.999995 189.477354
0.999992 -0.002769 0.002953 -0.356783 0.002772 0.999996 -0.001083 -3.278537 -0.002950 0.001091 0.999995 190.880839
0.999994 -0.002135 0.002888 -0.354611 0.002138 0.999997 -0.001119 -3.306431 -0.002885 0.001125 0.999995 192.287204
0.999995 -0.001514 0.002823 -0.352709 0.001517 0.999998 -0.001150 -3.334500 -0.002821 0.001155 0.999995 193.696491
0.999996 -0.000907 0.002760 -0.351080 0.000911 0.999999 -0.001179 -3.362747 -0.002759 0.001181 0.999995 195.108739
0.999996 -0.000318 0.002698 -0.349721 0.000321 0.999999 -0.001204 -3.391172 -0.002698 0.001205 0.999996 196.523981
0.999996 0.000255 0.002638 -0.348628 -0.000251 0.999999 -0.001227 -3.419775 -0.002638 0.001227 0.999996 197.942249
0.999996 0.000808 0.002580 -0.347792 -0.000805 0.999999 -0.001247 -3.448549 -0.002581 0.001245 0.999996 199.363566
0.999996 0.001340 0.002524 -0.347201 -0.001337 0.999998 -0.001264 -3.477485 -0.002526 0.001260 0.999996 200.787954
0.999995 0.001849 0.002471 -0.346841 -0.001846 0.999997 -0.001277 -3.506573 -0.002473 0.001273 0.999996 202.215425
0.999994 0.002333 0.002420 -0.346697 -0.002330 0.999996 -0.001288 -3.535801 -0.002423 0.001283 0.999996 203.645989
0.999993 0.002791 0.002371 -0.346751 -0.002788 0.999995 -0.001298 -3.565154 -0.002374 0.001291 0.999996 205.079651
0.999992 0.003222 0.002324 -0.346988 -0.003219 0.999994 -0.001307 -3.594619 -0.002328 0.001300 0.999996 206.516408
0.999991 0.003628 0.002278 -0.347388 -0.003625 0.999993 -0.001316 -3.624179 -0.002283 0.001307 0.999997 207.956258
0.999989 0.004007 0.002236 -0.347934 -0.004004 0.999991 -0.001323 -3.653820 -0.002241 0.001314 0.999997 209.399192
0.999988 0.004361 0.002196 -0.348605 -0.004358 0.999990 -0.001330 -3.683529 -0.002201 0.001320 0.999997 210.845198
0.999987 0.004690 0.002159 -0.349380 -0.004687 0.999988 -0.001334 -3.713290 -0.002165 0.001324 0.999997 212.294260
0.999985 0.004995 0.002125 -0.350238 -0.004992 0.999987 -0.001335 -3.743092 -0.002132 0.001324 0.999997 213.746361
0.999984 0.005274 0.002095 -0.351157 -0.005271 0.999985 -0.001333 -3.772922 -0.002102 0.001322 0.999997 215.201479
0.999983 0.005529 0.002070 -0.352115 -0.005526 0.999984 -0.001327 -3.802772 -0.002077 0.001315 0.999997 216.659589
0.999981 0.005758 0.002048 -0.353090 -0.005756 0.999983 -0.001316 -3.832632 -0.002056 0.001304 0.999997 218.120667
0.999980 0.005962 0.002033 -0.354060 -0.005959 0.999981 -0.001300 -3.862496 -0.002040 0.001288 0.999997 219.584682
0.999979 0.006139 0.002023 -0.355004 -0.006136 0.999980 -0.001279 -3.892358 -0.002030 0.001266 0.999997 221.051604
0.999978 0.006289 0.002019 -0.355901 -0.006286 0.999979 -0.001253 -3.922217 -0.002027 0.001240 0.999997 222.521398
0.999977 0.006412 0.002022 -0.356733 -0.006410 0.999979 -0.001224 -3.952074 -0.002030 0.001211 0.999997 223.994028
0.999977 0.006512 0.002032 -0.357484 -0.006510 0.999978 -0.001192 -3.981932 -0.002040 0.001179 0.999997 225.469455
0.999976 0.006590 0.002051 -0.358140 -0.006588 0.999978 -0.001157 -4.011794 -0.002059 0.001143 0.999997 226.947640
0.999976 0.006648 0.002079 -0.358685 -0.006645 0.999977 -0.001118 -4.041662 -0.002086 0.001104 0.999997 228.428539
0.999975 0.006686 0.002115 -0.359102 -0.006684 0.999977 -0.001076 -4.071540 -0.002122 0.001062 0.999997 229.912108
0.999975 0.006705 0.002161 -0.359377 -0.006703 0.999977 -0.001031 -4.101430 -0.002168 0.001017 0.999997 231.398301
0.999975 0.006707 0.002217 -0.359495 -0.006704 0.999977 -0.000983 -4.131336 -0.002223 0.000968 0.999997 232.887072
0.999975 0.006689 0.002282 -0.359442 -0.006687 0.999977 -0.000932 -4.161262 -0.002288 0.000916 0.999997 234.378373
0.999975 0.006653 0.002357 -0.359208 -0.006651 0.999977 -0.000877 -4.191215 -0.002362 0.000862 0.999997 235.872156
0.999975 0.006597 0.002441 -0.358783 -0.006595 0.999978 -0.000820 -4.221204 -0.002446 0.000804 0.999997 237.368373
0.999976 0.006523 0.002535 -0.358159 -0.006521 0.999978 -0.000761 -4.251243 -0.002540 0.000745 0.999996 238.866978
0.999976 0.006429 0.002638 -0.357328 -0.006427 0.999979 -0.000700 -4.281345 -0.002642 0.000683 0.999996 240.367923
0.999976 0.006317 0.002750 -0.356284 -0.006316 0.999980 -0.000638 -4.311523 -0.002754 0.000620 0.999996 241.871165
0.999977 0.006188 0.002872 -0.355024 -0.006187 0.999981 -0.000574 -4.341795 -0.002875 0.000557 0.999996 243.376660
0.999977 0.006043 0.003003 -0.353544 -0.006041 0.999982 -0.000510 -4.372179 -0.003006 0.000492 0.999995 244.884369
0.999978 0.005882 0.003143 -0.351842 -0.005880 0.999983 -0.000444 -4.402693 -0.003146 0.000426 0.999995 246.394253
0.999978 0.005706 0.003292 -0.349915 -0.005705 0.999984 -0.000379 -4.433356 -0.003294 0.000361 0.999995 247.906277
0.999979 0.005517 0.003450 -0.347760 -0.005516 0.999985 -0.000316 -4.464186 -0.003452 0.000297 0.999994 249.420408
0.999979 0.005316 0.003617 -0.345377 -0.005315 0.999986 -0.000255 -4.495200 -0.003618 0.000236 0.999993 250.936615
0.999980 0.005105 0.003791 -0.342764 -0.005104 0.999987 -0.000197 -4.526414 -0.003792 0.000178 0.999993 252.454872
0.999980 0.004883 0.003973 -0.339919 -0.004883 0.999988 -0.000144 -4.557843 -0.003974 0.000125 0.999992 253.975157
0.999981 0.004653 0.004161 -0.336844 -0.004653 0.999989 -0.000096 -4.589498 -0.004161 0.000076 0.999991 255.497450
0.999981 0.004414 0.004354 -0.333537 -0.004413 0.999990 -0.000053 -4.621390 -0.004354 0.000034 0.999991 257.021735
0.999981 0.004166 0.004551 -0.329999 -0.004166 0.999991 -0.000016 -4.653528 -0.004551 -0.000003 0.999990 258.547999
0.999981 0.003911 0.004751 -0.326232 -0.003911 0.999992 0.000015 -4.685919 -0.004751 -0.000034 0.999989 260.076237
0.999981 0.003648 0.004952 -0.322237 -0.003649 0.999993 0.000039 -4.718567 -0.004952 -0.000057 0.999988 261.606444
0.999981 0.003380 0.005154 -0.318017 -0.003381 0.999994 0.000056 -4.751475 -0.005154 -0.000074 0.999987 263.138621
0.999981 0.003107 0.005354 -0.313577 -0.003107 0.999995 0.000067 -4.784645 -0.005354 -0.000084 0.999986 264.672773
0.999981 0.002827 0.005553 -0.308923 -0.002828 0.999996 0.000072 -4.818077 -0.005552 -0.000087 0.999985 266.208908
0.999980 0.002543 0.005747 -0.304061 -0.002544 0.999997 0.000069 -4.851773 -0.005747 -0.000083 0.999983 267.747040
0.999980 0.002255 0.005936 -0.299000 -0.002255 0.999997 0.000059 -4.885734 -0.005936 -0.000073 0.999982 269.287186
0.999979 0.001962 0.006119 -0.293749 -0.001962 0.999998 0.000044 -4.919959 -0.006119 -0.000056 0.999981 270.829369
0.999979 0.001666 0.006296 -0.288319 -0.001666 0.999999 0.000022 -4.954445 -0.006296 -0.000033 0.999980 272.373614
0.999978 0.001368 0.006465 -0.282722 -0.001368 0.999999 -0.000004 -4.989190 -0.006465 -0.000004 0.999979 273.919948
0.999977 0.001069 0.006626 -0.276970 -0.001069 0.999999 -0.000036 -5.024193 -0.006626 0.000029 0.999978 275.468404
0.999977 0.000771 0.006778 -0.271075 -0.000771 1.000000 -0.000072 -5.059446 -0.006778 0.000067 0.999977 277.019012
0.999976 0.000476 0.006920 -0.265050 -0.000475 1.000000 -0.000112 -5.094943 -0.006920 0.000109 0.999976 278.571806
0.999975 0.000184 0.007052 -0.258909 -0.000183 1.000000 -0.000156 -5.130674 -0.007052 0.000154 0.999975 280.126820
0.999974 -0.000103 0.007174 -0.252665 0.000105 1.000000 -0.000203 -5.166629 -0.007174 0.000203 0.999974 281.684088
0.999973 -0.000385 0.007285 -0.246332 0.000386 1.000000 -0.000252 -5.202799 -0.007285 0.000255 0.999973 283.243641
0.999973 -0.000660 0.007384 -0.239924 0.000662 1.000000 -0.000305 -5.239169 -0.007384 0.000310 0.999973 284.805510
0.999972 -0.000929 0.007470 -0.233454 0.000932 1.000000 -0.000359 -5.275726 -0.007470 0.000366 0.999972 286.369720
0.999971 -0.001192 0.007543 -0.226938 0.001195 0.999999 -0.000414 -5.312455 -0.007543 0.000423 0.999971 287.936295
0.999970 -0.001449 0.007602 -0.220394 0.001452 0.999999 -0.000469 -5.349340 -0.007602 0.000480 0.999971 289.505254
0.999969 -0.001699 0.007646 -0.213840 0.001703 0.999998 -0.000523 -5.386366 -0.007645 0.000536 0.999971 291.076612
0.999969 -0.001943 0.007675 -0.207295 0.001948 0.999998 -0.000573 -5.423517 -0.007673 0.000588 0.999970 292.650376
0.999968 -0.002183 0.007688 -0.200777 0.002187 0.999997 -0.000619 -5.460776 -0.007686 0.000636 0.999970 294.226549
0.999968 -0.002417 0.007685 -0.194305 0.002422 0.999997 -0.000660 -5.498128 -0.007684 0.000678 0.999970 295.805126
0.999967 -0.002645 0.007668 -0.187895 0.002651 0.999996 -0.000696 -5.535558 -0.007666 0.000716 0.999970 297.386094
0.999967 -0.002868 0.007635 -0.181566 0.002874 0.999996 -0.000726 -5.573051 -0.007633 0.000748 0.999971 298.969431
0.999966 -0.003084 0.007589 -0.175337 0.003090 0.999995 -0.000752 -5.610596 -0.007587 0.000776 0.999971 300.555106
0.999966 -0.003292 0.007529 -0.169227 0.003298 0.999994 -0.000773 -5.648182 -0.007527 0.000798 0.999971 302.143081
0.999966 -0.003491 0.007456 -0.163254 0.003497 0.999994 -0.000789 -5.685799 -0.007453 0.000815 0.999972 303.733309
0.999966 -0.003682 0.007371 -0.157438 0.003688 0.999993 -0.000801 -5.723438 -0.007368 0.000828 0.999973 305.325736
0.999966 -0.003864 0.007274 -0.151794 0.003870 0.999992 -0.000807 -5.761092 -0.007270 0.000835 0.999973 306.920301
0.999966 -0.004037 0.007166 -0.146341 0.004043 0.999992 -0.000808 -5.798750 -0.007162 0.000837 0.999974 308.516934
0.999966 -0.004200 0.007047 -0.141093 0.004206 0.999991 -0.000803 -5.836403 -0.007044 0.000833 0.999975 310.115561
0.999967 -0.004354 0.006918 -0.136067 0.004360 0.999990 -0.000794 -5.874040 -0.006915 0.000825 0.999976 311.716099
0.999967 -0.004499 0.006780 -0.131282 0.004504 0.999990 -0.000782 -5.911656 -0.006776 0.000812 0.999977 313.318457
0.999967 -0.004633 0.006632 -0.126753 0.004638 0.999989 -0.000766 -5.949243 -0.006629 0.000797 0.999978 314.922539
0.999968 -0.004758 0.006475 -0.122497 0.004763 0.999988 -0.000748 -5.986793 -0.006471 0.000779 0.999979 316.528245
0.999968 -0.004874 0.006309 -0.118530 0.004879 0.999988 -0.000727 -6.024299 -0.006305 0.000758 0.999980 318.135470
0.999969 -0.004983 0.006134 -0.114869 0.004987 0.999987 -0.000704 -6.061753 -0.006130 0.000734 0.999981 319.744110
0.999969 -0.005084 0.005950 -0.111528 0.005088 0.999987 -0.000678 -6.099150 -0.005947 0.000708 0.999982 321.354058
0.999970 -0.005178 0.005759 -0.108524 0.005182 0.999986 -0.000650 -6.136483 -0.005756 0.000680 0.999983 322.965203
0.999971 -0.005267 0.005560 -0.105872 0.005271 0.999986 -0.000622 -6.173748 -0.005557 0.000651 0.999984 324.577437
0.999971 -0.005351 0.005355 -0.103588 0.005354 0.999985 -0.000593 -6.210943 -0.005351 0.000621 0.999985 326.190653
0.999972 -0.005429 0.005143 -0.101686 0.005432 0.999985 -0.000563 -6.248067 -0.005140 0.000591 0.999987 327.804746
0.999973 -0.005501 0.004928 -0.100179 0.005504 0.999985 -0.000534 -6.285121 -0.004925 0.000561 0.999988 329.419616
0.999973 -0.005568 0.004710 -0.099079 0.005571 0.999984 -0.000506 -6.322105 -0.004707 0.000532 0.999989 331.035166
0.999974 -0.005630 0.004491 -0.098375 0.005632 0.999984 -0.000479 -6.358626 -0.004488 0.000505 0.999990 332.631192
0.999975 -0.005687 0.004272 -0.098056 0.005689 0.999984 -0.000456 -6.394290 -0.004269 0.000481 0.999991 334.187412
0.999975 -0.005739 0.004055 -0.098110 0.005741 0.999983 -0.000437 -6.428701 -0.004053 0.000460 0.999992 335.683469
0.999976 -0.005786 0.003841 -0.098522 0.005788 0.999983 -0.000423 -6.461462 -0.003838 0.000445 0.999993 337.098929
0.999976 -0.005828 0.003629 -0.099277 0.005830 0.999983 -0.000414 -6.492177 -0.003627 0.000435 0.999993 338.413282
0.999977 -0.005865 0.003422 -0.100359 0.005867 0.999983 -0.000410 -6.520445 -0.003420 0.000430 0.999994 339.605946
0.999977 -0.005897 0.003219 -0.101750 0.005899 0.999983 -0.000410 -6.545865 -0.003216 0.000429 0.999995 340.656264
0.999978 -0.005925 0.003021 -0.103430 0.005927 0.999982 -0.000414 -6.568032 -0.003018 0.000432 0.999995 341.543506
0.999978 -0.005949 0.002828 -0.105379 0.005950 0.999982 -0.000421 -6.586542 -0.002825 0.000438 0.999996 342.246868
0.999979 -0.005969 0.002641 -0.107571 0.005970 0.999982 -0.000432 -6.600983 -0.002638 0.000448 0.999996 342.745470
0.999979 -0.005984 0.002460 -0.109983 0.005985 0.999982 -0.000446 -6.610947 -0.002458 0.000461 0.999997 343.018358
0.999979 -0.005995 0.002286 -0.112586 0.005996 0.999982 -0.000464 -6.616019 -0.002284 0.000477 0.999997 343.044500
0.999980 -0.006000 0.002120 -0.115351 0.006001 0.999982 -0.000484 -6.615788 -0.002117 0.000497 0.999998 342.802791
0.999980 -0.006004 0.001960 -0.118052 0.006005 0.999982 -0.000506 -6.604862 -0.001957 0.000518 0.999998 342.018152
0.999980 -0.006004 0.001809 -0.120663 0.006005 0.999982 -0.000531 -6.583195 -0.001806 0.000541 0.999998 340.688354
0.999981 -0.006003 0.001666 -0.123159 0.006004 0.999982 -0.000556 -6.550740 -0.001663 0.000566 0.999998 338.811177
0.999981 -0.006001 0.001531 -0.125511 0.006002 0.999982 -0.000583 -6.507448 -0.001528 0.000592 0.999999 336.384408
0.999981 -0.005997 0.001405 -0.127690 0.005998 0.999982 -0.000610 -6.453274 -0.001401 0.000619 0.999999 333.405834
0.999981 -0.005992 0.001287 -0.129665 0.005993 0.999982 -0.000639 -6.388173 -0.001284 0.000647 0.999999 329.873244
0.999981 -0.005985 0.001179 -0.131407 0.005986 0.999982 -0.000670 -6.312099 -0.001175 0.000677 0.999999 325.784431
0.999982 -0.005976 0.001080 -0.132881 0.005977 0.999982 -0.000704 -6.225008 -0.001076 0.000710 0.999999 321.137186
0.999982 -0.005965 0.000990 -0.134057 0.005965 0.999982 -0.000738 -6.126854 -0.000986 0.000744 0.999999 315.929303
0.999982 -0.005951 0.000910 -0.134899 0.005951 0.999982 -0.000774 -6.017589 -0.000905 0.000779 0.999999 310.158576
0.999982 -0.005935 0.000838 -0.135374 0.005935 0.999982 -0.000811 -5.897166 -0.000834 0.000816 0.999999 303.822797
0.999982 -0.005916 0.000776 -0.135447 0.005917 0.999982 -0.000848 -5.765535 -0.000771 0.000853 0.999999 296.919758
0.999982 -0.005897 0.000721 -0.135085 0.005897 0.999982 -0.000886 -5.622645 -0.000716 0.000890 0.999999 289.447245
0.999982 -0.005887 0.000673 -0.131008 0.005888 0.999982 -0.000913 -5.370856 -0.000667 0.000917 0.999999 276.407635
0.999983 -0.005876 0.000629 -0.126748 0.005877 0.999982 -0.000942 -5.118123 -0.000623 0.000945 0.999999 263.328225
0.999983 -0.005864 0.000589 -0.122307 0.005865 0.999982 -0.000970 -4.864842 -0.000583 0.000973 0.999999 250.229213
0.999983 -0.005850 0.000552 -0.117688 0.005851 0.999982 -0.000998 -4.611412 -0.000547 0.001001 0.999999 237.130881
0.999983 -0.005835 0.000520 -0.112895 0.005836 0.999982 -0.001025 -4.358232 -0.000514 0.001028 0.999999 224.053589
0.999983 -0.005818 0.000491 -0.107932 0.005818 0.999983 -0.001051 -4.105703 -0.000484 0.001054 0.999999 211.017779
0.999983 -0.005799 0.000465 -0.102805 0.005799 0.999983 -0.001076 -3.854230 -0.000459 0.001078 0.999999 198.043972
0.999983 -0.005778 0.000444 -0.097520 0.005778 0.999983 -0.001099 -3.604216 -0.000437 0.001102 0.999999 185.152770
0.999983 -0.005755 0.000426 -0.092087 0.005756 0.999983 -0.001122 -3.356069 -0.000419 0.001124 0.999999 172.364853
0.999983 -0.005731 0.000411 -0.086513 0.005731 0.999983 -0.001144 -3.110199 -0.000405 0.001147 0.999999 159.700984
0.999984 -0.005705 0.000400 -0.080810 0.005705 0.999983 -0.001166 -2.867015 -0.000393 0.001169 0.999999 147.182004
0.999984 -0.005679 0.000392 -0.074989 0.005680 0.999983 -0.001187 -2.626932 -0.000385 0.001190 0.999999 134.828837
0.999984 -0.005656 0.000386 -0.069066 0.005656 0.999983 -0.001208 -2.390363 -0.000380 0.001210 0.999999 122.662489
