0.999837 -0.000609 -0.018031 -0.104501 0.000469 0.999970 -0.007737 -0.122124 0.018035 0.007727 0.999807 5.281025
0.999836 -0.000537 -0.018109 -0.112157 0.000397 0.999970 -0.007748 -0.130822 0.018113 0.007740 0.999806 5.660338
0.999834 -0.000465 -0.018188 -0.120136 0.000324 0.999970 -0.007763 -0.139849 0.018191 0.007755 0.999804 6.054683
0.999833 -0.000393 -0.018267 -0.128444 0.000251 0.999970 -0.007781 -0.149214 0.018270 0.007775 0.999803 6.464342
0.999832 -0.000320 -0.018347 -0.137090 0.000177 0.999970 -0.007802 -0.158922 0.018349 0.007797 0.999801 6.889593
0.999830 -0.000246 -0.018428 -0.146081 0.000102 0.999969 -0.007826 -0.168980 0.018429 0.007823 0.999800 7.330708
0.999829 -0.000171 -0.018508 -0.155424 0.000026 0.999969 -0.007853 -0.179394 0.018509 0.007851 0.999798 7.787953
0.999827 -0.000096 -0.018588 -0.165128 -0.000051 0.999969 -0.007881 -0.190171 0.018589 0.007880 0.999796 8.261590
0.999826 -0.000019 -0.018669 -0.175198 -0.000129 0.999969 -0.007910 -0.201318 0.018669 0.007911 0.999794 8.751873
0.999824 0.000058 -0.018750 -0.185644 -0.000207 0.999968 -0.007939 -0.212839 0.018749 0.007942 0.999793 9.259051
0.999823 0.000136 -0.018830 -0.196472 -0.000286 0.999968 -0.007969 -0.224742 0.018829 0.007973 0.999791 9.783366
0.999821 0.000215 -0.018911 -0.207690 -0.000366 0.999968 -0.007999 -0.237031 0.018909 0.008005 0.999789 10.325052
0.999820 0.000294 -0.018992 -0.219306 -0.000446 0.999968 -0.008028 -0.249711 0.018989 0.008036 0.999787 10.884337
0.999818 0.000372 -0.019073 -0.231328 -0.000526 0.999967 -0.008057 -0.262789 0.019069 0.008066 0.999786 11.461442
0.999816 0.000452 -0.019154 -0.243762 -0.000606 0.999967 -0.008085 -0.276267 0.019149 0.008095 0.999784 12.056580
0.999815 0.000530 -0.019235 -0.256618 -0.000687 0.999967 -0.008111 -0.290152 0.019230 0.008123 0.999782 12.669957
0.999813 0.000609 -0.019316 -0.269902 -0.000766 0.999967 -0.008136 -0.304447 0.019310 0.008150 0.999780 13.301770
0.999812 0.000688 -0.019397 -0.283623 -0.000846 0.999966 -0.008160 -0.319156 0.019391 0.008175 0.999779 13.952210
0.999810 0.000765 -0.019479 -0.297787 -0.000925 0.999966 -0.008182 -0.334283 0.019472 0.008198 0.999777 14.621459
0.999808 0.000843 -0.019561 -0.312402 -0.001003 0.999966 -0.008202 -0.349829 0.019554 0.008220 0.999775 15.309691
0.999807 0.000920 -0.019643 -0.327475 -0.001081 0.999966 -0.008220 -0.365799 0.019635 0.008240 0.999773 16.017070
0.999805 0.000996 -0.019726 -0.343015 -0.001158 0.999965 -0.008237 -0.382195 0.019717 0.008258 0.999771 16.743754
0.999803 0.001071 -0.019809 -0.359027 -0.001234 0.999965 -0.008252 -0.399018 0.019800 0.008275 0.999770 17.489891
0.999801 0.001145 -0.019893 -0.375520 -0.001310 0.999965 -0.008265 -0.416270 0.019883 0.008290 0.999768 18.255617
0.999800 0.001218 -0.019977 -0.392499 -0.001384 0.999965 -0.008277 -0.433954 0.019967 0.008303 0.999766 19.041061
0.999798 0.001290 -0.020062 -0.409974 -0.001457 0.999965 -0.008287 -0.452069 0.020051 0.008314 0.999764 19.846343
0.999795 0.001396 -0.020184 -0.426123 -0.001564 0.999964 -0.008304 -0.468435 0.020172 0.008334 0.999762 20.577878
0.999793 0.001501 -0.020309 -0.442643 -0.001670 0.999964 -0.008320 -0.485071 0.020296 0.008352 0.999759 21.322374
0.999790 0.001606 -0.020436 -0.459536 -0.001777 0.999964 -0.008334 -0.501972 0.020422 0.008368 0.999756 22.079586
0.999787 0.001711 -0.020566 -0.476801 -0.001883 0.999963 -0.008346 -0.519131 0.020551 0.008383 0.999754 22.849259
0.999784 0.001816 -0.020697 -0.494440 -0.001989 0.999963 -0.008357 -0.536538 0.020681 0.008397 0.999751 23.631127
0.999781 0.001920 -0.020831 -0.512451 -0.002095 0.999963 -0.008367 -0.554188 0.020814 0.008408 0.999748 24.424915
0.999778 0.002024 -0.020966 -0.530836 -0.002200 0.999963 -0.008374 -0.572072 0.020948 0.008418 0.999745 25.230335
0.999775 0.002127 -0.021104 -0.549592 -0.002304 0.999962 -0.008380 -0.590182 0.021085 0.008426 0.999742 26.047091
0.999772 0.002229 -0.021244 -0.568720 -0.002407 0.999962 -0.008383 -0.608511 0.021224 0.008433 0.999739 26.874872
0.999769 0.002329 -0.021386 -0.588219 -0.002509 0.999962 -0.008385 -0.627050 0.021366 0.008437 0.999736 27.713359
0.999765 0.002428 -0.021531 -0.608087 -0.002609 0.999961 -0.008386 -0.645793 0.021510 0.008440 0.999733 28.562218
0.999762 0.002526 -0.021679 -0.628323 -0.002708 0.999961 -0.008385 -0.664731 0.021657 0.008442 0.999730 29.421106
0.999758 0.002622 -0.021830 -0.648926 -0.002805 0.999961 -0.008384 -0.683857 0.021807 0.008443 0.999727 30.289667
0.999755 0.002716 -0.021984 -0.669894 -0.002901 0.999961 -0.008381 -0.703164 0.021960 0.008443 0.999723 31.167534
0.999751 0.002809 -0.022142 -0.691225 -0.002995 0.999960 -0.008378 -0.722644 0.022117 0.008442 0.999720 32.054327
0.999747 0.002900 -0.022303 -0.712919 -0.003088 0.999960 -0.008374 -0.742290 0.022278 0.008440 0.999716 32.949656
0.999743 0.002991 -0.022468 -0.734970 -0.003179 0.999960 -0.008368 -0.762095 0.022442 0.008437 0.999713 33.853120
0.999739 0.003080 -0.022637 -0.757378 -0.003270 0.999960 -0.008361 -0.782049 0.022610 0.008433 0.999709 34.764305
0.999735 0.003169 -0.022809 -0.780138 -0.003360 0.999959 -0.008351 -0.802147 0.022782 0.008426 0.999705 35.682787
0.999731 0.003257 -0.022984 -0.803245 -0.003450 0.999959 -0.008340 -0.822378 0.022956 0.008417 0.999701 36.608130
0.999726 0.003345 -0.023163 -0.826697 -0.003539 0.999959 -0.008327 -0.842736 0.023134 0.008406 0.999697 37.539887
0.999722 0.003434 -0.023343 -0.850485 -0.003629 0.999959 -0.008312 -0.863212 0.023314 0.008394 0.999693 38.477597
0.999717 0.003523 -0.023525 -0.874606 -0.003720 0.999959 -0.008295 -0.883798 0.023495 0.008380 0.999689 39.420793
0.999712 0.003614 -0.023707 -0.899051 -0.003811 0.999958 -0.008276 -0.904486 0.023676 0.008364 0.999685 40.368995
0.999708 0.003705 -0.023889 -0.923812 -0.003903 0.999958 -0.008254 -0.925266 0.023857 0.008345 0.999681 41.321713
0.999703 0.003798 -0.024069 -0.948879 -0.003997 0.999958 -0.008229 -0.946131 0.024036 0.008323 0.999676 42.278447
0.999699 0.003891 -0.024242 -0.974270 -0.004090 0.999958 -0.008201 -0.967110 0.024209 0.008297 0.999672 43.240153
0.999694 0.003983 -0.024407 -0.999974 -0.004183 0.999958 -0.008167 -0.988195 0.024374 0.008267 0.999669 44.206445
0.999690 0.004074 -0.024562 -1.025981 -0.004275 0.999958 -0.008130 -1.009380 0.024528 0.008232 0.999665 45.176931
0.999686 0.004165 -0.024703 -1.052278 -0.004366 0.999958 -0.008088 -1.030657 0.024669 0.008193 0.999662 46.151219
0.999683 0.004254 -0.024828 -1.078850 -0.004455 0.999958 -0.008041 -1.052019 0.024792 0.008149 0.999659 47.128912
0.999680 0.004343 -0.024931 -1.105679 -0.004544 0.999958 -0.007991 -1.073458 0.024895 0.008102 0.999657 48.109613
0.999677 0.004430 -0.025010 -1.132748 -0.004630 0.999958 -0.007937 -1.094968 0.024974 0.008050 0.999656 49.092923
0.999676 0.004516 -0.025061 -1.160036 -0.004715 0.999958 -0.007880 -1.116540 0.025024 0.007996 0.999655 50.078441
0.999675 0.004601 -0.025078 -1.187520 -0.004798 0.999958 -0.007820 -1.138168 0.025041 0.007938 0.999655 51.065766
0.999675 0.004684 -0.025056 -1.215174 -0.004880 0.999958 -0.007757 -1.159846 0.025018 0.007877 0.999656 52.054496
0.999676 0.004766 -0.024990 -1.242971 -0.004960 0.999958 -0.007692 -1.181566 0.024952 0.007814 0.999658 53.044230
0.999679 0.004847 -0.024875 -1.270880 -0.005039 0.999958 -0.007625 -1.203321 0.024837 0.007748 0.999661 54.034567
0.999683 0.004928 -0.024703 -1.298868 -0.005116 0.999958 -0.007557 -1.225106 0.024665 0.007681 0.999666 55.025103
0.999688 0.005007 -0.024470 -1.326899 -0.005192 0.999958 -0.007488 -1.246913 0.024431 0.007613 0.999673 56.015438
0.999695 0.005085 -0.024167 -1.354933 -0.005266 0.999959 -0.007419 -1.268736 0.024128 0.007544 0.999680 57.005170
0.999704 0.005163 -0.023788 -1.382929 -0.005339 0.999959 -0.007350 -1.290572 0.023750 0.007475 0.999690 57.993898
0.999714 0.005240 -0.023327 -1.410842 -0.005411 0.999959 -0.007282 -1.312413 0.023288 0.007406 0.999701 58.981222
0.999726 0.005316 -0.022774 -1.438622 -0.005482 0.999959 -0.007215 -1.334255 0.022735 0.007338 0.999715 59.966744
0.999741 0.005392 -0.022123 -1.466219 -0.005551 0.999959 -0.007148 -1.356095 0.022084 0.007269 0.999730 60.950065
0.999757 0.005467 -0.021366 -1.493578 -0.005619 0.999959 -0.007084 -1.377927 0.021326 0.007202 0.999747 61.930792
0.999775 0.005542 -0.020493 -1.520640 -0.005687 0.999959 -0.007022 -1.399749 0.020453 0.007137 0.999765 62.908531
0.999794 0.005617 -0.019498 -1.547343 -0.005753 0.999959 -0.006962 -1.421557 0.019458 0.007072 0.999786 63.882894
0.999815 0.005691 -0.018370 -1.573621 -0.005819 0.999959 -0.006904 -1.443348 0.018330 0.007010 0.999807 64.853494
0.999837 0.005766 -0.017102 -1.599406 -0.005884 0.999959 -0.006850 -1.465118 0.017062 0.006950 0.999830 65.819952
0.999860 0.005842 -0.015685 -1.624621 -0.005949 0.999959 -0.006799 -1.486866 0.015644 0.006892 0.999854 66.781890
0.999883 0.005917 -0.014108 -1.649191 -0.006013 0.999959 -0.006752 -1.508586 0.014068 0.006836 0.999878 67.738937
0.999906 0.005993 -0.012364 -1.673030 -0.006077 0.999959 -0.006709 -1.530278 0.012323 0.006784 0.999901 68.690730
0.999927 0.006070 -0.010441 -1.696052 -0.006140 0.999959 -0.006671 -1.551938 0.010401 0.006734 0.999923 69.636906
0.999946 0.006148 -0.008332 -1.718164 -0.006203 0.999959 -0.006637 -1.573563 0.008291 0.006688 0.999943 70.577104
0.999962 0.006227 -0.006026 -1.739268 -0.006266 0.999959 -0.006609 -1.595152 0.005984 0.006646 0.999960 71.510968
0.999974 0.006306 -0.003512 -1.759263 -0.006329 0.999958 -0.006587 -1.616702 0.003470 0.006609 0.999972 72.438143
0.999979 0.006387 -0.000780 -1.778041 -0.006392 0.999958 -0.006571 -1.638210 0.000738 0.006576 0.999978 73.358279
0.999977 0.006469 0.002182 -1.795488 -0.006455 0.999958 -0.006562 -1.659674 -0.002224 0.006548 0.999976 74.271034
0.999964 0.006552 0.005384 -1.811487 -0.006517 0.999957 -0.006560 -1.681091 -0.005426 0.006525 0.999964 75.176067
0.999939 0.006637 0.008838 -1.825912 -0.006579 0.999957 -0.006566 -1.702458 -0.008881 0.006508 0.999939 76.073048
0.999899 0.006723 0.012557 -1.838635 -0.006641 0.999956 -0.006579 -1.723772 -0.012600 0.006495 0.999900 76.961652
0.999840 0.006810 0.016552 -1.849518 -0.006701 0.999956 -0.006600 -1.745030 -0.016597 0.006488 0.999841 77.841560
0.999759 0.006897 0.020838 -1.858420 -0.006760 0.999955 -0.006629 -1.766226 -0.020883 0.006487 0.999761 78.712463
0.999652 0.006985 0.025426 -1.865193 -0.006817 0.999955 -0.006667 -1.787359 -0.025472 0.006491 0.999654 79.574059
0.999515 0.007072 0.030331 -1.869684 -0.006872 0.999954 -0.006713 -1.808424 -0.030377 0.006502 0.999517 80.426056
0.999342 0.007159 0.035565 -1.871734 -0.006923 0.999953 -0.006770 -1.829418 -0.035612 0.006520 0.999344 81.268169
0.999127 0.007245 0.041143 -1.871179 -0.006970 0.999952 -0.006838 -1.850337 -0.041191 0.006545 0.999130 82.100123
0.998864 0.007330 0.047078 -1.867849 -0.007012 0.999951 -0.006917 -1.871179 -0.047127 0.006579 0.998867 82.921654
0.998546 0.007412 0.053385 -1.861569 -0.007048 0.999951 -0.007008 -1.891939 -0.053434 0.006622 0.998549 83.732507
0.998166 0.007493 0.060078 -1.852159 -0.007078 0.999950 -0.007112 -1.912616 -0.060128 0.006673 0.998168 84.532439
0.997713 0.007570 0.067170 -1.839434 -0.007101 0.999949 -0.007227 -1.933205 -0.067222 0.006734 0.997715 85.321216
0.997178 0.007644 0.074677 -1.823204 -0.007115 0.999948 -0.007355 -1.953703 -0.074729 0.006803 0.997181 86.098614
0.996552 0.007714 0.082612 -1.803277 -0.007119 0.999947 -0.007497 -1.974107 -0.082665 0.006883 0.996554 86.864419
0.995822 0.007781 0.090988 -1.779454 -0.007114 0.999945 -0.007651 -1.994414 -0.091043 0.006972 0.995823 87.618430
0.994975 0.007843 0.099821 -1.751534 -0.007098 0.999944 -0.007820 -2.014620 -0.099876 0.007072 0.994975 88.360454
0.993997 0.007901 0.109121 -1.719313 -0.007070 0.999943 -0.008003 -2.034724 -0.109178 0.007183 0.993996 89.090309
0.992874 0.007956 0.118903 -1.682583 -0.007031 0.999942 -0.008200 -2.054722 -0.118961 0.007305 0.992872 89.807825
0.991589 0.008008 0.129177 -1.641135 -0.006979 0.999940 -0.008412 -2.074612 -0.129237 0.007439 0.991586 90.512844
0.990125 0.008056 0.139955 -1.594755 -0.006915 0.999939 -0.008638 -2.094393 -0.140016 0.007585 0.990120 91.205217
0.988463 0.008102 0.151247 -1.543228 -0.006837 0.999937 -0.008879 -2.114062 -0.151310 0.007743 0.988456 91.884808
0.986582 0.008145 0.163062 -1.486339 -0.006746 0.999936 -0.009135 -2.133617 -0.163126 0.007912 0.986573 92.551491
0.984462 0.008186 0.175408 -1.423868 -0.006639 0.999934 -0.009404 -2.153058 -0.175473 0.008094 0.984451 93.205152
0.982079 0.008224 0.188291 -1.355598 -0.006517 0.999932 -0.009688 -2.172384 -0.188358 0.008287 0.982066 93.845691
0.979409 0.008261 0.201715 -1.281309 -0.006378 0.999930 -0.009985 -2.191592 -0.201784 0.008492 0.979393 94.473017
0.976428 0.008296 0.215685 -1.200781 -0.006222 0.999928 -0.010294 -2.210684 -0.215755 0.008710 0.976409 95.087050
0.973107 0.008330 0.230202 -1.113795 -0.006048 0.999925 -0.010617 -2.229659 -0.230273 0.008939 0.973085 95.687724
0.969420 0.008361 0.245263 -1.020133 -0.005854 0.999923 -0.010950 -2.248518 -0.245336 0.009180 0.969395 96.274983
0.965338 0.008392 0.260867 -0.919575 -0.005640 0.999920 -0.011295 -2.267261 -0.260941 0.009432 0.965309 96.848785
0.960831 0.008420 0.277005 -0.811907 -0.005404 0.999918 -0.011649 -2.285890 -0.277081 0.009696 0.960798 97.409099
0.955869 0.008448 0.293671 -0.696914 -0.005147 0.999915 -0.012012 -2.304406 -0.293747 0.009970 0.955831 97.955908
0.950421 0.008474 0.310849 -0.574384 -0.004865 0.999912 -0.012382 -2.322810 -0.310927 0.010256 0.950379 98.489206
0.944457 0.008499 0.328526 -0.444106 -0.004560 0.999908 -0.012758 -2.341103 -0.328604 0.010552 0.944409 99.009001
0.937944 0.008524 0.346681 -0.305874 -0.004230 0.999905 -0.013140 -2.359288 -0.346760 0.010858 0.937891 99.515315
0.930855 0.008548 0.365290 -0.159485 -0.003874 0.999901 -0.013526 -2.377366 -0.365369 0.011176 0.930796 100.008181
0.923158 0.008572 0.384325 -0.004737 -0.003492 0.999897 -0.013914 -2.395339 -0.384405 0.011503 0.923093 100.487644
0.914827 0.008596 0.403754 0.158566 -0.003083 0.999893 -0.014304 -2.413209 -0.403834 0.011841 0.914756 100.953765
0.905836 0.008621 0.423540 0.330616 -0.002646 0.999889 -0.014693 -2.430977 -0.423620 0.012188 0.905758 101.406615
0.896162 0.008645 0.443642 0.511602 -0.002181 0.999884 -0.015079 -2.448648 -0.443721 0.012545 0.896077 101.846277
0.885785 0.008669 0.464015 0.701706 -0.001687 0.999879 -0.015460 -2.466222 -0.464093 0.012911 0.885692 102.272846
0.874688 0.008694 0.484609 0.901106 -0.001165 0.999874 -0.015835 -2.483704 -0.484685 0.013286 0.874588 102.686429
0.862859 0.008719 0.505369 1.109974 -0.000615 0.999869 -0.016200 -2.501096 -0.505444 0.013667 0.862751 103.087145
0.850291 0.008745 0.526241 1.328473 -0.000038 0.999863 -0.016554 -2.518402 -0.526313 0.014056 0.850174 103.475120
0.836981 0.008771 0.547162 1.556763 0.000567 0.999857 -0.016895 -2.535626 -0.547232 0.014450 0.836856 103.850492
0.822932 0.008798 0.568072 1.794993 0.001197 0.999851 -0.017220 -2.552772 -0.568138 0.014851 0.822799 104.213410
0.808155 0.008826 0.588904 2.043305 0.001852 0.999845 -0.017527 -2.569842 -0.588967 0.015256 0.808013 104.564030
0.792665 0.008855 0.609594 2.301832 0.002531 0.999838 -0.017815 -2.586841 -0.609653 0.015664 0.792514 104.902519
0.776484 0.008886 0.630075 2.570696 0.003230 0.999831 -0.018081 -2.603773 -0.630129 0.016075 0.776324 105.229051
0.759641 0.008917 0.650281 2.850013 0.003948 0.999824 -0.018323 -2.620643 -0.650331 0.016486 0.759472 105.543809
0.742172 0.008951 0.670150 3.139886 0.004683 0.999817 -0.018540 -2.637456 -0.670193 0.016898 0.741994 105.846981
0.724117 0.008985 0.689618 3.440407 0.005432 0.999810 -0.018731 -2.654217 -0.689656 0.017309 0.723931 106.138762
0.705524 0.009022 0.708629 3.751658 0.006192 0.999802 -0.018894 -2.670932 -0.708659 0.017718 0.705328 106.419353
0.686443 0.009060 0.727127 4.073709 0.006961 0.999795 -0.019028 -2.687607 -0.727150 0.018123 0.686239 106.688959
0.666931 0.009100 0.745064 4.406616 0.007734 0.999787 -0.019134 -2.704247 -0.745079 0.018523 0.666719 106.947791
0.647047 0.009142 0.762395 4.750427 0.008508 0.999779 -0.019210 -2.720859 -0.762403 0.018916 0.646826 107.196063
0.626852 0.009186 0.779084 5.105175 0.009282 0.999772 -0.019256 -2.737449 -0.779083 0.019302 0.626624 107.433993
0.606411 0.009231 0.795098 5.470881 0.010050 0.999764 -0.019272 -2.754024 -0.795088 0.019678 0.606175 107.661799
0.585786 0.009277 0.810412 5.847553 0.010811 0.999756 -0.019259 -2.770590 -0.810393 0.020043 0.585543 107.879706
0.565044 0.009324 0.825008 6.235187 0.011560 0.999749 -0.019217 -2.787152 -0.824980 0.020396 0.564794 108.087937
0.544246 0.009372 0.838873 6.633766 0.012296 0.999741 -0.019147 -2.803718 -0.838835 0.020735 0.543990 108.286718
0.523455 0.009419 0.852001 7.043261 0.013016 0.999734 -0.019049 -2.820292 -0.851954 0.021061 0.523193 108.476276
0.502731 0.009466 0.864391 7.463629 0.013717 0.999727 -0.018926 -2.836882 -0.864334 0.021372 0.502464 108.656837
0.482130 0.009513 0.876048 7.894817 0.014398 0.999720 -0.018780 -2.853493 -0.875981 0.021668 0.481858 108.828631
0.461706 0.009559 0.886982 8.336757 0.015056 0.999713 -0.018611 -2.870133 -0.886905 0.021948 0.461429 108.991887
0.441508 0.009604 0.897206 8.789373 0.015690 0.999707 -0.018422 -2.886806 -0.897120 0.022211 0.441228 109.146835
0.421582 0.009647 0.906739 9.252574 0.016299 0.999701 -0.018214 -2.903521 -0.906644 0.022458 0.421299 109.293704
0.401970 0.009688 0.915601 9.726260 0.016882 0.999696 -0.017990 -2.920282 -0.915497 0.022688 0.401684 109.432723
0.382710 0.009726 0.923817 10.210319 0.017437 0.999690 -0.017749 -2.937096 -0.923704 0.022901 0.382422 109.564122
0.363836 0.009761 0.931412 10.704629 0.017965 0.999686 -0.017494 -2.953969 -0.931290 0.023098 0.363546 109.688127
0.345375 0.009791 0.938414 11.209056 0.018466 0.999681 -0.017226 -2.970907 -0.938283 0.023278 0.345084 109.804967
0.327354 0.009816 0.944851 11.723459 0.018938 0.999677 -0.016947 -2.987915 -0.944712 0.023442 0.327062 109.914866
0.309794 0.009836 0.950753 12.247683 0.019383 0.999673 -0.016658 -3.004999 -0.950606 0.023589 0.309502 110.018048
0.292712 0.009851 0.956150 12.781568 0.019801 0.999670 -0.016362 -3.022163 -0.955996 0.023722 0.292421 110.114733
0.276123 0.009862 0.961072 13.324943 0.020192 0.999667 -0.016059 -3.039412 -0.960910 0.023840 0.275832 110.205143
0.260038 0.009866 0.965548 13.877629 0.020556 0.999665 -0.015751 -3.056750 -0.965380 0.023943 0.259748 110.289492
0.244464 0.009865 0.969608 14.439441 0.020894 0.999662 -0.015439 -3.074181 -0.969433 0.024033 0.244175 110.367995
0.229406 0.009858 0.973281 15.010183 0.021206 0.999661 -0.015123 -3.091712 -0.973100 0.024109 0.229119 110.440865
0.214868 0.009844 0.976594 15.589656 0.021494 0.999659 -0.014806 -3.109345 -0.976407 0.024172 0.214583 110.508310
0.200848 0.009825 0.979573 16.177649 0.021756 0.999658 -0.014488 -3.127087 -0.979381 0.024222 0.200566 110.570536
0.187346 0.009801 0.982245 16.773951 0.021995 0.999658 -0.014170 -3.144942 -0.982048 0.024259 0.187067 110.627745
0.174357 0.009771 0.984634 17.378340 0.022209 0.999657 -0.013853 -3.162915 -0.984432 0.024283 0.174081 110.680133
0.161876 0.009737 0.986763 17.990593 0.022400 0.999657 -0.013539 -3.181011 -0.986557 0.024295 0.161603 110.727894
0.149895 0.009697 0.988654 18.610478 0.022569 0.999658 -0.013227 -3.199235 -0.988444 0.024296 0.149625 110.771217
0.138405 0.009653 0.990329 19.237764 0.022716 0.999658 -0.012919 -3.217592 -0.990115 0.024284 0.138139 110.810284
0.127397 0.009604 0.991805 19.872211 0.022841 0.999660 -0.012614 -3.236087 -0.991589 0.024261 0.127135 110.845274
0.116859 0.009550 0.993103 20.513578 0.022946 0.999661 -0.012313 -3.254724 -0.992883 0.024227 0.116601 110.876358
0.106780 0.009491 0.994237 21.161620 0.023030 0.999663 -0.012016 -3.273508 -0.994016 0.024181 0.106525 110.903704
0.097145 0.009428 0.995226 21.816090 0.023095 0.999665 -0.011725 -3.292442 -0.995002 0.024123 0.096894 110.927472
0.087941 0.009362 0.996082 22.476739 0.023140 0.999667 -0.011439 -3.311532 -0.995857 0.024055 0.087695 110.947816
0.079155 0.009292 0.996819 23.143315 0.023166 0.999669 -0.011158 -3.330780 -0.996593 0.023976 0.078913 110.964886
0.070771 0.009220 0.997450 23.815566 0.023175 0.999672 -0.010884 -3.350191 -0.997223 0.023886 0.070535 110.978823
0.062776 0.009144 0.997986 24.493239 0.023166 0.999675 -0.010617 -3.369767 -0.997759 0.023786 0.062544 110.989764
0.055155 0.009067 0.998437 25.176081 0.023141 0.999679 -0.010356 -3.389511 -0.998210 0.023676 0.054928 110.997840
0.047894 0.008987 0.998812 25.863840 0.023099 0.999682 -0.010103 -3.409425 -0.998585 0.023556 0.047671 111.003175
0.040977 0.008906 0.999120 26.556267 0.023042 0.999686 -0.009856 -3.429514 -0.998894 0.023425 0.040759 111.005888
0.034390 0.008824 0.999370 27.253114 0.022970 0.999690 -0.009617 -3.449778 -0.999144 0.023286 0.034177 111.006091
0.028120 0.008741 0.999566 27.954137 0.022883 0.999694 -0.009385 -3.470222 -0.999343 0.023137 0.027911 111.003890
0.022151 0.008657 0.999717 28.659096 0.022783 0.999698 -0.009161 -3.490846 -0.999495 0.022980 0.021947 110.999385
0.016470 0.008573 0.999828 29.367756 0.022671 0.999703 -0.008945 -3.511653 -0.999607 0.022814 0.016271 110.992668
0.011064 0.008489 0.999903 30.079887 0.022547 0.999708 -0.008736 -3.532644 -0.999685 0.022641 0.010869 110.983830
0.005919 0.008405 0.999947 30.795266 0.022411 0.999712 -0.008536 -3.553821 -0.999731 0.022461 0.005729 110.972952
0.001023 0.008322 0.999965 31.513674 0.022266 0.999717 -0.008343 -3.575184 -0.999752 0.022274 0.000837 110.960112
-0.003637 0.008239 0.999959 32.234902 0.022111 0.999722 -0.008157 -3.596735 -0.999749 0.022081 -0.003818 110.945382
-0.008072 0.008158 0.999934 32.958746 0.021949 0.999727 -0.007979 -3.618475 -0.999727 0.021883 -0.008248 110.928830
-0.012293 0.008077 0.999892 33.685010 0.021779 0.999732 -0.007808 -3.640403 -0.999687 0.021680 -0.012465 110.910520
-0.016311 0.007998 0.999835 34.413508 0.021602 0.999737 -0.007645 -3.662522 -0.999634 0.021474 -0.016480 110.890509
-0.020138 0.007921 0.999766 35.144060 0.021420 0.999743 -0.007489 -3.684831 -0.999568 0.021264 -0.020302 110.868853
-0.023782 0.007846 0.999686 35.876499 0.021232 0.999748 -0.007341 -3.707333 -0.999492 0.021051 -0.023942 110.845603
-0.027254 0.007773 0.999598 36.610663 0.021041 0.999753 -0.007201 -3.730027 -0.999407 0.020836 -0.027411 110.820805
-0.030562 0.007704 0.999503 37.346402 0.020847 0.999758 -0.007068 -3.752916 -0.999315 0.020621 -0.030715 110.794505
-0.033716 0.007636 0.999402 38.083576 0.020650 0.999763 -0.006942 -3.776000 -0.999218 0.020404 -0.033866 110.766742
-0.036725 0.007571 0.999297 38.822053 0.020452 0.999768 -0.006823 -3.799281 -0.999116 0.020187 -0.036871 110.737555
-0.039595 0.007509 0.999188 39.561710 0.020252 0.999772 -0.006711 -3.822761 -0.999011 0.019970 -0.039739 110.706978
-0.042336 0.007449 0.999076 40.302435 0.020053 0.999777 -0.006605 -3.846441 -0.998902 0.019755 -0.042476 110.675043
-0.044955 0.007391 0.998962 41.044124 0.019855 0.999782 -0.006504 -3.870322 -0.998792 0.019542 -0.045092 110.641780
-0.047460 0.007336 0.998846 41.786683 0.019658 0.999786 -0.006408 -3.894406 -0.998680 0.019331 -0.047594 110.607215
-0.049857 0.007283 0.998730 42.530026 0.019463 0.999791 -0.006319 -3.918694 -0.998567 0.019124 -0.049988 110.571372
-0.052154 0.007232 0.998613 43.274075 0.019272 0.999795 -0.006234 -3.943189 -0.998453 0.018920 -0.052283 110.534273
-0.054358 0.007185 0.998496 44.018761 0.019084 0.999799 -0.006156 -3.967891 -0.998339 0.018721 -0.054484 110.495940
-0.056476 0.007142 0.998378 44.764022 0.018900 0.999803 -0.006083 -3.992804 -0.998225 0.018526 -0.056600 110.456391
-0.058513 0.007102 0.998261 45.509806 0.018720 0.999807 -0.006016 -4.017930 -0.998111 0.018336 -0.058635 110.415642
-0.060477 0.007065 0.998145 46.256068 0.018545 0.999810 -0.005953 -4.043273 -0.997997 0.018151 -0.060597 110.373710
-0.062373 0.007031 0.998028 47.002768 0.018374 0.999814 -0.005896 -4.068836 -0.997884 0.017970 -0.062491 110.330608
-0.064207 0.007000 0.997912 47.749876 0.018207 0.999817 -0.005842 -4.094621 -0.997770 0.017794 -0.064323 110.286350
-0.065985 0.006972 0.997796 48.497366 0.018045 0.999820 -0.005793 -4.120634 -0.997657 0.017623 -0.066099 110.240945
-0.067712 0.006947 0.997681 49.245221 0.017886 0.999824 -0.005748 -4.146875 -0.997545 0.017456 -0.067825 110.194405
-0.069393 0.006925 0.997565 49.993428 0.017733 0.999826 -0.005707 -4.173346 -0.997432 0.017294 -0.069504 110.146737
-0.071033 0.006908 0.997450 50.741981 0.017584 0.999829 -0.005672 -4.200046 -0.997319 0.017136 -0.071142 110.097947
-0.072635 0.006893 0.997335 51.490881 0.017439 0.999832 -0.005641 -4.226971 -0.997206 0.016983 -0.072743 110.048041
-0.074204 0.006883 0.997219 52.240133 0.017300 0.999835 -0.005614 -4.254121 -0.997093 0.016835 -0.074311 109.997021
-0.075743 0.006876 0.997104 52.989751 0.017166 0.999837 -0.005591 -4.281489 -0.996980 0.016693 -0.075849 109.944893
-0.077256 0.006873 0.996988 53.739749 0.017037 0.999839 -0.005572 -4.309072 -0.996866 0.016555 -0.077361 109.891658
-0.078746 0.006873 0.996871 54.490148 0.016912 0.999842 -0.005558 -4.336864 -0.996751 0.016422 -0.078850 109.837319
-0.080214 0.006877 0.996754 55.240975 0.016794 0.999844 -0.005547 -4.364860 -0.996636 0.016294 -0.080317 109.781877
-0.081663 0.006885 0.996636 55.992258 0.016680 0.999846 -0.005541 -4.393055 -0.996520 0.016171 -0.081765 109.725334
-0.083095 0.006897 0.996518 56.744031 0.016571 0.999847 -0.005539 -4.421442 -0.996404 0.016054 -0.083197 109.667692
-0.084512 0.006914 0.996399 57.496331 0.016468 0.999849 -0.005541 -4.450015 -0.996286 0.015941 -0.084613 109.608951
-0.085913 0.006934 0.996278 58.249197 0.016371 0.999851 -0.005547 -4.478769 -0.996168 0.015833 -0.086014 109.549113
-0.087301 0.006958 0.996158 59.002671 0.016278 0.999852 -0.005558 -4.507697 -0.996049 0.015730 -0.087402 109.488179
-0.088676 0.006987 0.996036 59.756800 0.016191 0.999853 -0.005573 -4.536793 -0.995929 0.015633 -0.088776 109.426151
-0.090038 0.007021 0.995914 60.511629 0.016110 0.999855 -0.005592 -4.566053 -0.995808 0.015540 -0.090138 109.363031
-0.091387 0.007059 0.995790 61.267207 0.016034 0.999856 -0.005616 -4.595469 -0.995686 0.015453 -0.091487 109.298822
-0.092723 0.007102 0.995667 62.023583 0.015963 0.999857 -0.005645 -4.625039 -0.995564 0.015370 -0.092823 109.233524
-0.094045 0.007149 0.995542 62.780809 0.015897 0.999858 -0.005678 -4.654755 -0.995441 0.015292 -0.094146 109.167143
-0.095354 0.007201 0.995417 63.538933 0.015837 0.999858 -0.005716 -4.684613 -0.995317 0.015220 -0.095455 109.099683
-0.096649 0.007258 0.995292 64.298006 0.015782 0.999859 -0.005758 -4.714609 -0.995193 0.015151 -0.096750 109.031148
-0.097929 0.007319 0.995166 65.058075 0.015731 0.999859 -0.005805 -4.744738 -0.995069 0.015087 -0.098031 108.961545
-0.099193 0.007384 0.995041 65.819187 0.015685 0.999860 -0.005856 -4.774994 -0.994945 0.015027 -0.099295 108.890881
-0.100441 0.007454 0.994915 66.581385 0.015643 0.999860 -0.005912 -4.805373 -0.994820 0.014970 -0.100544 108.819165
-0.101672 0.007528 0.994789 67.344710 0.015605 0.999860 -0.005972 -4.835872 -0.994696 0.014916 -0.101776 108.746405
-0.102885 0.007607 0.994664 68.109201 0.015570 0.999861 -0.006036 -4.866486 -0.994571 0.014866 -0.102990 108.672611
-0.104080 0.007691 0.994539 68.874892 0.015538 0.999861 -0.006106 -4.897211 -0.994448 0.014818 -0.104185 108.597794
-0.105257 0.007781 0.994415 69.641814 0.015509 0.999861 -0.006182 -4.928044 -0.994324 0.014772 -0.105363 108.521966
-0.106415 0.007876 0.994291 70.409994 0.015482 0.999861 -0.006263 -4.958981 -0.994201 0.014727 -0.106522 108.445139
-0.107554 0.007976 0.994167 71.179456 0.015457 0.999860 -0.006349 -4.990018 -0.994079 0.014684 -0.107662 108.367324
-0.108674 0.008082 0.994045 71.950217 0.015433 0.999860 -0.006442 -5.021152 -0.993958 0.014641 -0.108784 108.288535
-0.109776 0.008193 0.993923 72.722292 0.015411 0.999860 -0.006539 -5.052378 -0.993837 0.014599 -0.109887 108.208783
-0.110860 0.008309 0.993801 73.495688 0.015389 0.999860 -0.006643 -5.083693 -0.993717 0.014557 -0.110973 108.128082
-0.111928 0.008430 0.993681 74.270408 0.015368 0.999859 -0.006752 -5.115092 -0.993598 0.014515 -0.112042 108.046444
-0.112979 0.008558 0.993561 75.046448 0.015347 0.999859 -0.006867 -5.146572 -0.993479 0.014472 -0.113094 107.963881
-0.114015 0.008691 0.993441 75.823801 0.015326 0.999858 -0.006988 -5.178127 -0.993361 0.014429 -0.114132 107.880404
-0.115038 0.008830 0.993322 76.602452 0.015306 0.999858 -0.007116 -5.209754 -0.993243 0.014385 -0.115157 107.796025
-0.116049 0.008976 0.993203 77.382383 0.015284 0.999857 -0.007250 -5.241447 -0.993126 0.014339 -0.116170 107.710753
-0.117050 0.009128 0.993084 78.163567 0.015262 0.999856 -0.007391 -5.273204 -0.993009 0.014292 -0.117173 107.624599
-0.118042 0.009287 0.992965 78.945976 0.015239 0.999855 -0.007540 -5.305018 -0.992892 0.014242 -0.118167 107.537571
-0.119028 0.009453 0.992846 79.729574 0.015215 0.999855 -0.007696 -5.336886 -0.992774 0.014190 -0.119155 107.449677
-0.120009 0.009627 0.992726 80.514321 0.015188 0.999854 -0.007860 -5.368803 -0.992657 0.014135 -0.120137 107.360924
-0.120987 0.009807 0.992606 81.300173 0.015161 0.999853 -0.008031 -5.400764 -0.992538 0.014077 -0.121117 107.271318
-0.121963 0.009994 0.992484 82.087082 0.015131 0.999852 -0.008209 -5.432763 -0.992419 0.014016 -0.122096 107.180863
-0.122941 0.010189 0.992362 82.874994 0.015100 0.999851 -0.008395 -5.464796 -0.992299 0.013953 -0.123076 107.089563
-0.123921 0.010391 0.992238 83.663853 0.015068 0.999850 -0.008589 -5.496856 -0.992178 0.013887 -0.124059 106.997420
-0.124905 0.010600 0.992112 84.453598 0.015036 0.999848 -0.008790 -5.528938 -0.992055 0.013819 -0.125045 106.904435
-0.125895 0.010818 0.991985 85.244165 0.015003 0.999847 -0.008999 -5.561035 -0.991930 0.013750 -0.126038 106.810607
-0.126894 0.011043 0.991855 86.035487 0.014972 0.999845 -0.009217 -5.593142 -0.991803 0.013680 -0.127039 106.715936
-0.127901 0.011277 0.991723 86.827493 0.014942 0.999844 -0.009442 -5.625251 -0.991674 0.013610 -0.128050 106.620420
-0.128920 0.011519 0.991588 87.620110 0.014913 0.999842 -0.009676 -5.657358 -0.991543 0.013540 -0.129072 106.524057
-0.129952 0.011768 0.991450 88.413260 0.014887 0.999840 -0.009916 -5.689459 -0.991409 0.013471 -0.130106 106.426842
-0.130998 0.012025 0.991310 89.206863 0.014863 0.999838 -0.010164 -5.721553 -0.991271 0.013403 -0.131155 106.328774
-0.132059 0.012290 0.991166 90.000837 0.014844 0.999836 -0.010419 -5.753639 -0.991131 0.013337 -0.132220 106.229848
-0.133138 0.012562 0.991018 90.795096 0.014828 0.999833 -0.010681 -5.785718 -0.990987 0.013273 -0.133302 106.130058
-0.134235 0.012841 0.990866 91.589551 0.014818 0.999830 -0.010950 -5.817790 -0.990839 0.013213 -0.134402 106.029401
-0.135352 0.013127 0.990711 92.384112 0.014813 0.999827 -0.011224 -5.849859 -0.990687 0.013156 -0.135523 105.927870
-0.136489 0.013421 0.990551 93.178685 0.014814 0.999824 -0.011505 -5.881926 -0.990531 0.013104 -0.136664 105.825458
-0.137650 0.013721 0.990386 93.973176 0.014822 0.999821 -0.011792 -5.913994 -0.990370 0.013057 -0.137828 105.722159
-0.138833 0.014028 0.990216 94.767487 0.014838 0.999817 -0.012084 -5.946066 -0.990205 0.013015 -0.139016 105.617966
-0.140040 0.014342 0.990042 95.561519 0.014862 0.999813 -0.012381 -5.978146 -0.990034 0.012980 -0.140227 105.512871
-0.141273 0.014661 0.989862 96.355173 0.014895 0.999809 -0.012683 -6.010236 -0.989859 0.012952 -0.141464 105.406866
-0.142530 0.014987 0.989677 97.148348 0.014937 0.999804 -0.012989 -6.042339 -0.989678 0.012932 -0.142726 105.299945
-0.143813 0.015317 0.989486 97.940940 0.014990 0.999799 -0.013298 -6.074459 -0.989491 0.012920 -0.144014 105.192100
-0.145123 0.015652 0.989290 98.732846 0.015052 0.999794 -0.013610 -6.106598 -0.989299 0.012916 -0.145328 105.083322
-0.146458 0.015991 0.989088 99.523963 0.015126 0.999789 -0.013924 -6.138758 -0.989101 0.012921 -0.146669 104.973606
-0.147819 0.016335 0.988880 100.314184 0.015211 0.999783 -0.014241 -6.170942 -0.988897 0.012937 -0.148035 104.862944
-0.149205 0.016682 0.988666 101.103407 0.015309 0.999777 -0.014559 -6.203152 -0.988688 0.012963 -0.149427 104.751329
-0.150617 0.017032 0.988446 101.891525 0.015419 0.999770 -0.014878 -6.235389 -0.988472 0.013000 -0.150845 104.638756
-0.152052 0.017386 0.988220 102.678434 0.015542 0.999764 -0.015198 -6.267655 -0.988250 0.013049 -0.152286 104.525218
-0.153510 0.017742 0.987988 103.464032 0.015680 0.999757 -0.015517 -6.299950 -0.988023 0.013109 -0.153751 104.410710
-0.154990 0.018100 0.987750 104.248214 0.015831 0.999749 -0.015836 -6.332276 -0.987789 0.013183 -0.155238 104.295228
-0.156491 0.018460 0.987507 105.030880 0.015998 0.999742 -0.016154 -6.364633 -0.987550 0.013270 -0.156746 104.178767
-0.158011 0.018822 0.987258 105.811930 0.016179 0.999733 -0.016470 -6.397020 -0.987305 0.013370 -0.158274 104.061326
-0.159549 0.019184 0.987004 106.591266 0.016375 0.999725 -0.016784 -6.429438 -0.987054 0.013484 -0.159819 103.942901
-0.161103 0.019547 0.986744 107.368790 0.016587 0.999716 -0.017096 -6.461886 -0.986798 0.013613 -0.161382 103.823491
-0.162672 0.019909 0.986479 108.144409 0.016814 0.999707 -0.017404 -6.494362 -0.986537 0.013755 -0.162959 103.703098
-0.164253 0.020271 0.986210 108.918031 0.017057 0.999698 -0.017707 -6.526865 -0.986271 0.013913 -0.164549 103.581721
-0.165844 0.020631 0.985936 109.689565 0.017316 0.999688 -0.018006 -6.559393 -0.986000 0.014086 -0.166150 103.459363
-0.167443 0.020988 0.985658 110.458926 0.017591 0.999678 -0.018298 -6.591943 -0.985725 0.014275 -0.167758 103.336029
-0.169047 0.021343 0.985377 111.226026 0.017883 0.999667 -0.018585 -6.624514 -0.985446 0.014480 -0.169373 103.211724
-0.170653 0.021696 0.985092 111.990785 0.018191 0.999657 -0.018865 -6.657101 -0.985163 0.014701 -0.170990 103.086458
-0.172259 0.022044 0.984805 112.753123 0.018515 0.999645 -0.019138 -6.689703 -0.984878 0.014937 -0.172606 102.960241
-0.173861 0.022389 0.984516 113.512964 0.018856 0.999634 -0.019403 -6.722316 -0.984590 0.015190 -0.174220 102.833084
-0.175456 0.022729 0.984225 114.270236 0.019212 0.999622 -0.019660 -6.754938 -0.984300 0.015459 -0.175826 102.705004
-0.177041 0.023063 0.983933 115.024867 0.019583 0.999610 -0.019907 -6.787564 -0.984009 0.015744 -0.177423 102.576018
-0.178611 0.023392 0.983642 115.776790 0.019969 0.999598 -0.020145 -6.820191 -0.983717 0.016044 -0.179007 102.446146
-0.180165 0.023714 0.983350 116.525943 0.020369 0.999585 -0.020373 -6.852816 -0.983425 0.016359 -0.180573 102.315410
-0.181699 0.024029 0.983061 117.272263 0.020783 0.999572 -0.020591 -6.885433 -0.983135 0.016689 -0.182120 102.183835
-0.183208 0.024336 0.982773 118.015692 0.021210 0.999559 -0.020798 -6.918040 -0.982845 0.017034 -0.183643 102.051449
-0.184691 0.024635 0.982488 118.756174 0.021650 0.999545 -0.020993 -6.950632 -0.982558 0.017393 -0.185140 101.918281
-0.186143 0.024926 0.982207 119.493658 0.022101 0.999531 -0.021177 -6.983205 -0.982274 0.017766 -0.186606 101.784362
-0.187561 0.025207 0.981929 120.228094 0.022564 0.999517 -0.021349 -7.015754 -0.981994 0.018152 -0.188039 101.649729
-0.188942 0.025478 0.981658 120.959433 0.023036 0.999503 -0.021508 -7.048275 -0.981718 0.018550 -0.189435 101.514417
-0.190284 0.025739 0.981392 121.687632 0.023517 0.999489 -0.021654 -7.080765 -0.981447 0.018959 -0.190792 101.378467
-0.191582 0.025989 0.981133 122.412648 0.024006 0.999474 -0.021787 -7.113217 -0.981183 0.019379 -0.192105 101.241921
-0.192834 0.026227 0.980881 123.134442 0.024501 0.999460 -0.021907 -7.145628 -0.980925 0.019808 -0.193373 101.104822
-0.194038 0.026453 0.980637 123.852976 0.025001 0.999445 -0.022013 -7.177992 -0.980675 0.020246 -0.194591 100.967216
-0.195190 0.026666 0.980403 124.568216 0.025505 0.999430 -0.022106 -7.210306 -0.980434 0.020690 -0.195759 100.829150
-0.196289 0.026866 0.980178 125.280130 0.026011 0.999415 -0.022185 -7.242564 -0.980201 0.021140 -0.196873 100.690674
-0.197333 0.027053 0.979963 125.988689 0.026517 0.999401 -0.022249 -7.274760 -0.979978 0.021596 -0.197932 100.551837
-0.198318 0.027225 0.979760 126.693866 0.027024 0.999386 -0.022300 -7.306889 -0.979765 0.022054 -0.198932 100.412692
-0.199244 0.027383 0.979567 127.395638 0.027528 0.999371 -0.022338 -7.338944 -0.979563 0.022515 -0.199873 100.273290
-0.200110 0.027527 0.979387 128.093983 0.028029 0.999357 -0.022362 -7.370918 -0.979372 0.022977 -0.200753 100.133686
-0.200912 0.027657 0.979219 128.788882 0.028526 0.999343 -0.022372 -7.402803 -0.979194 0.023438 -0.201569 99.993933
-0.201651 0.027771 0.979064 129.480321 0.029016 0.999329 -0.022370 -7.434593 -0.979027 0.023897 -0.202322 99.854087
-0.202325 0.027871 0.978922 130.168287 0.029498 0.999315 -0.022355 -7.466278 -0.978874 0.024353 -0.203009 99.714203
-0.202934 0.027956 0.978793 130.852770 0.029971 0.999301 -0.022327 -7.497852 -0.978734 0.024805 -0.203630 99.574336
-0.203476 0.028025 0.978679 131.533763 0.030434 0.999288 -0.022287 -7.529305 -0.978607 0.025251 -0.204184 99.434542
-0.203952 0.028078 0.978578 132.211262 0.030886 0.999276 -0.022235 -7.560630 -0.978494 0.025689 -0.204671 99.294875
-0.204361 0.028115 0.978492 132.885266 0.031324 0.999263 -0.022170 -7.591819 -0.978394 0.026119 -0.205091 99.155391
-0.204704 0.028136 0.978420 133.555775 0.031747 0.999252 -0.022093 -7.622863 -0.978309 0.026540 -0.205444 99.016144
-0.204981 0.028141 0.978361 134.222795 0.032155 0.999241 -0.022005 -7.653754 -0.978238 0.026949 -0.205730 98.877186
-0.205194 0.028131 0.978317 134.886330 0.032547 0.999230 -0.021905 -7.684485 -0.978180 0.027346 -0.205951 98.738571
-0.205344 0.028104 0.978286 135.546390 0.032920 0.999220 -0.021795 -7.715047 -0.978136 0.027730 -0.206109 98.600347
-0.205433 0.028061 0.978269 136.202987 0.033275 0.999211 -0.021674 -7.745432 -0.978105 0.028099 -0.206205 98.462565
-0.205464 0.028002 0.978264 136.856134 0.033609 0.999203 -0.021542 -7.775634 -0.978087 0.028452 -0.206241 98.325270
-0.205440 0.027927 0.978271 137.505847 0.033922 0.999195 -0.021400 -7.805645 -0.978082 0.028788 -0.206222 98.188506
-0.205365 0.027836 0.978289 138.152143 0.034213 0.999189 -0.021249 -7.835457 -0.978087 0.029106 -0.206151 98.052316
-0.205243 0.027729 0.978318 138.795042 0.034481 0.999183 -0.021087 -7.865064 -0.978103 0.029405 -0.206032 97.916737
-0.205079 0.027607 0.978356 139.434566 0.034725 0.999178 -0.020916 -7.894457 -0.978129 0.029684 -0.205869 97.781805
-0.204877 0.027470 0.978402 140.070738 0.034946 0.999174 -0.020736 -7.923631 -0.978164 0.029943 -0.205668 97.647551
-0.204643 0.027319 0.978455 140.703581 0.035143 0.999171 -0.020547 -7.952579 -0.978206 0.030182 -0.205433 97.514005
-0.204380 0.027152 0.978515 141.333122 0.035317 0.999169 -0.020349 -7.981295 -0.978254 0.030399 -0.205169 97.381189
-0.204095 0.026972 0.978579 141.959388 0.035467 0.999168 -0.020142 -8.009772 -0.978308 0.030596 -0.204882 97.249128
-0.203792 0.026778 0.978648 142.582405 0.035594 0.999168 -0.019928 -8.038006 -0.978367 0.030773 -0.204575 97.117838
-0.203474 0.026571 0.978720 143.202203 0.035698 0.999168 -0.019705 -8.065991 -0.978429 0.030929 -0.204254 96.987337
-0.203148 0.026352 0.978793 143.818809 0.035779 0.999170 -0.019475 -8.093723 -0.978494 0.031064 -0.203922 96.857638
-0.202816 0.026121 0.978868 144.432255 0.035837 0.999172 -0.019238 -8.121198 -0.978561 0.031178 -0.203584 96.728752
-0.202483 0.025879 0.978944 145.042569 0.035873 0.999176 -0.018993 -8.148412 -0.978629 0.031272 -0.203244 96.600686
-0.202153 0.025625 0.979019 145.649783 0.035887 0.999180 -0.018743 -8.175361 -0.978696 0.031346 -0.202907 96.473446
-0.201830 0.025362 0.979092 146.253928 0.035880 0.999185 -0.018486 -8.202042 -0.978763 0.031399 -0.202575 96.347035
-0.201516 0.025090 0.979164 146.855035 0.035852 0.999191 -0.018224 -8.228452 -0.978829 0.031432 -0.202252 96.221453
-0.201215 0.024808 0.979233 147.453137 0.035803 0.999198 -0.017957 -8.254590 -0.978893 0.031446 -0.201941 96.096698
-0.200928 0.024520 0.979299 148.048267 0.035735 0.999205 -0.017686 -8.280452 -0.978954 0.031442 -0.201645 95.972766
-0.200659 0.024223 0.979362 148.640458 0.035648 0.999213 -0.017411 -8.306038 -0.979012 0.031419 -0.201365 95.849651
-0.200409 0.023921 0.979420 149.229745 0.035543 0.999221 -0.017132 -8.331345 -0.979067 0.031379 -0.201103 95.727345
