0.999915 0.006483 -0.011299 -0.127450 -0.006492 0.999979 -0.000750 -0.193200 0.011294 0.000823 0.999936 8.759892
0.999914 0.006519 -0.011338 -0.136555 -0.006527 0.999978 -0.000692 -0.206120 0.011334 0.000766 0.999935 9.362581
0.999914 0.006556 -0.011376 -0.146008 -0.006564 0.999978 -0.000634 -0.219446 0.011372 0.000709 0.999935 9.986121
0.999913 0.006593 -0.011411 -0.155813 -0.006600 0.999978 -0.000575 -0.233178 0.011407 0.000651 0.999935 10.630751
0.999913 0.006631 -0.011443 -0.165973 -0.006637 0.999978 -0.000516 -0.247320 0.011439 0.000592 0.999934 11.296699
0.999912 0.006669 -0.011471 -0.176489 -0.006674 0.999978 -0.000457 -0.261873 0.011467 0.000534 0.999934 11.984182
0.999911 0.006707 -0.011493 -0.187364 -0.006712 0.999977 -0.000398 -0.276838 0.011490 0.000475 0.999934 12.693410
0.999911 0.006746 -0.011511 -0.198597 -0.006750 0.999977 -0.000338 -0.292218 0.011508 0.000416 0.999934 13.424581
0.999911 0.006785 -0.011522 -0.210190 -0.006789 0.999977 -0.000278 -0.308014 0.011520 0.000356 0.999934 14.177883
0.999910 0.006825 -0.011527 -0.222140 -0.006828 0.999977 -0.000218 -0.324226 0.011525 0.000297 0.999934 14.953494
0.999910 0.006864 -0.011524 -0.234446 -0.006866 0.999976 -0.000158 -0.340854 0.011523 0.000237 0.999934 15.751585
0.999910 0.006904 -0.011515 -0.247106 -0.006905 0.999976 -0.000097 -0.357901 0.011514 0.000177 0.999934 16.572312
0.999910 0.006944 -0.011497 -0.260116 -0.006945 0.999976 -0.000037 -0.375366 0.011496 0.000117 0.999934 17.415826
0.999910 0.006984 -0.011471 -0.273470 -0.006984 0.999976 0.000023 -0.393248 0.011471 0.000058 0.999934 18.282266
0.999910 0.007024 -0.011436 -0.287164 -0.007023 0.999975 0.000082 -0.411549 0.011437 -0.000002 0.999935 19.171760
0.999910 0.007064 -0.011393 -0.301192 -0.007063 0.999975 0.000141 -0.430267 0.011394 -0.000060 0.999935 20.084429
0.999910 0.007104 -0.011341 -0.315545 -0.007102 0.999975 0.000199 -0.449404 0.011342 -0.000119 0.999936 21.020382
0.999911 0.007143 -0.011280 -0.330216 -0.007141 0.999974 0.000257 -0.468957 0.011282 -0.000176 0.999936 21.979721
0.999911 0.007183 -0.011210 -0.345195 -0.007180 0.999974 0.000313 -0.488928 0.011212 -0.000233 0.999937 22.962536
0.999912 0.007222 -0.011132 -0.360474 -0.007218 0.999974 0.000369 -0.509316 0.011134 -0.000288 0.999938 23.968907
0.999913 0.007260 -0.011045 -0.376041 -0.007256 0.999974 0.000422 -0.530121 0.011048 -0.000342 0.999939 24.998906
0.999913 0.007298 -0.010950 -0.391886 -0.007293 0.999973 0.000474 -0.551342 0.010954 -0.000395 0.999940 26.052596
0.999914 0.007336 -0.010848 -0.407997 -0.007330 0.999973 0.000525 -0.572980 0.010852 -0.000445 0.999941 27.130029
0.999915 0.007373 -0.010738 -0.424363 -0.007367 0.999973 0.000574 -0.595035 0.010742 -0.000494 0.999942 28.231247
0.999916 0.007409 -0.010621 -0.440971 -0.007403 0.999972 0.000621 -0.617506 0.010625 -0.000542 0.999943 29.356285
0.999917 0.007446 -0.010497 -0.457809 -0.007439 0.999972 0.000666 -0.640393 0.010502 -0.000588 0.999945 30.505165
0.999918 0.007498 -0.010370 -0.472601 -0.007490 0.999972 0.000735 -0.659918 0.010375 -0.000658 0.999946 31.512404
0.999919 0.007550 -0.010233 -0.487424 -0.007542 0.999971 0.000804 -0.679598 0.010239 -0.000726 0.999947 32.531776
0.999920 0.007602 -0.010087 -0.502255 -0.007594 0.999971 0.000870 -0.699424 0.010093 -0.000794 0.999949 33.562799
0.999921 0.007655 -0.009931 -0.517074 -0.007646 0.999970 0.000935 -0.719387 0.009938 -0.000859 0.999950 34.604987
0.999923 0.007708 -0.009765 -0.531857 -0.007698 0.999970 0.000999 -0.739478 0.009772 -0.000923 0.999952 35.657856
0.999924 0.007761 -0.009588 -0.546583 -0.007751 0.999969 0.001060 -0.759687 0.009596 -0.000985 0.999953 36.720922
0.999925 0.007814 -0.009401 -0.561228 -0.007804 0.999969 0.001119 -0.780006 0.009410 -0.001046 0.999955 37.793701
0.999927 0.007867 -0.009204 -0.575769 -0.007857 0.999968 0.001176 -0.800427 0.009213 -0.001104 0.999957 38.875709
0.999928 0.007921 -0.008995 -0.590184 -0.007911 0.999968 0.001231 -0.820943 0.009005 -0.001159 0.999959 39.966462
0.999930 0.007976 -0.008775 -0.604448 -0.007965 0.999967 0.001283 -0.841545 0.008785 -0.001213 0.999961 41.065477
0.999931 0.008031 -0.008544 -0.618538 -0.008020 0.999967 0.001333 -0.862226 0.008555 -0.001264 0.999963 42.172271
0.999933 0.008086 -0.008301 -0.632429 -0.008075 0.999966 0.001380 -0.882979 0.008312 -0.001313 0.999965 43.286363
0.999934 0.008142 -0.008046 -0.646096 -0.008131 0.999966 0.001425 -0.903797 0.008057 -0.001359 0.999967 44.407269
0.999936 0.008198 -0.007779 -0.659516 -0.008187 0.999965 0.001466 -0.924674 0.007791 -0.001403 0.999969 45.534509
0.999938 0.008255 -0.007499 -0.672662 -0.008244 0.999965 0.001505 -0.945603 0.007511 -0.001443 0.999971 46.667603
0.999939 0.008311 -0.007207 -0.685511 -0.008301 0.999964 0.001541 -0.966577 0.007220 -0.001481 0.999973 47.806071
0.999941 0.008368 -0.006902 -0.698035 -0.008357 0.999964 0.001574 -0.987591 0.006915 -0.001517 0.999975 48.949434
0.999943 0.008425 -0.006585 -0.710211 -0.008414 0.999963 0.001604 -1.008638 0.006598 -0.001549 0.999977 50.097216
0.999944 0.008481 -0.006255 -0.722014 -0.008471 0.999963 0.001632 -1.029712 0.006269 -0.001579 0.999979 51.248938
0.999946 0.008538 -0.005913 -0.733419 -0.008528 0.999962 0.001656 -1.050808 0.005927 -0.001605 0.999981 52.404127
0.999948 0.008594 -0.005558 -0.744403 -0.008584 0.999962 0.001677 -1.071918 0.005572 -0.001629 0.999983 53.562307
0.999949 0.008649 -0.005191 -0.754940 -0.008640 0.999961 0.001695 -1.093038 0.005205 -0.001650 0.999985 54.723006
0.999951 0.008704 -0.004812 -0.765010 -0.008696 0.999961 0.001710 -1.114162 0.004826 -0.001668 0.999987 55.885753
0.999952 0.008759 -0.004421 -0.774589 -0.008751 0.999960 0.001722 -1.135283 0.004436 -0.001683 0.999989 57.050077
0.999953 0.008814 -0.004019 -0.783656 -0.008807 0.999960 0.001731 -1.156396 0.004034 -0.001696 0.999990 58.215511
0.999954 0.008868 -0.003605 -0.792192 -0.008861 0.999959 0.001738 -1.177496 0.003621 -0.001706 0.999992 59.381587
0.999955 0.008921 -0.003183 -0.800212 -0.008915 0.999959 0.001740 -1.198642 0.003198 -0.001712 0.999993 60.550708
0.999956 0.008973 -0.002751 -0.807700 -0.008968 0.999958 0.001739 -1.219835 0.002766 -0.001715 0.999995 61.722649
0.999957 0.009024 -0.002311 -0.814644 -0.009020 0.999958 0.001735 -1.241074 0.002327 -0.001714 0.999996 62.897196
0.999957 0.009073 -0.001865 -0.821031 -0.009070 0.999957 0.001726 -1.262360 0.001881 -0.001709 0.999997 64.074148
0.999957 0.009121 -0.001414 -0.826853 -0.009119 0.999957 0.001714 -1.283693 0.001429 -0.001701 0.999998 65.253314
0.999958 0.009168 -0.000958 -0.832100 -0.009166 0.999957 0.001698 -1.305073 0.000973 -0.001689 0.999998 66.434514
0.999957 0.009213 -0.000499 -0.836766 -0.009212 0.999956 0.001678 -1.326503 0.000514 -0.001674 0.999998 67.617579
0.999957 0.009257 -0.000039 -0.840848 -0.009257 0.999956 0.001654 -1.347982 0.000054 -0.001654 0.999999 68.802352
0.999957 0.009300 0.000421 -0.844343 -0.009301 0.999955 0.001626 -1.369513 -0.000406 -0.001630 0.999999 69.988686
0.999956 0.009342 0.000880 -0.847251 -0.009343 0.999955 0.001595 -1.391097 -0.000865 -0.001603 0.999998 71.176446
0.999955 0.009383 0.001334 -0.849576 -0.009385 0.999955 0.001559 -1.412737 -0.001320 -0.001572 0.999998 72.365507
0.999954 0.009422 0.001784 -0.851322 -0.009425 0.999954 0.001520 -1.434434 -0.001770 -0.001537 0.999997 73.555755
0.999953 0.009460 0.002227 -0.852495 -0.009463 0.999954 0.001478 -1.456190 -0.002213 -0.001499 0.999996 74.747087
0.999951 0.009498 0.002662 -0.853106 -0.009501 0.999954 0.001433 -1.478008 -0.002649 -0.001458 0.999995 75.939410
0.999950 0.009534 0.003087 -0.853165 -0.009538 0.999954 0.001384 -1.499890 -0.003074 -0.001414 0.999994 77.132640
0.999948 0.009570 0.003500 -0.852687 -0.009575 0.999953 0.001333 -1.521838 -0.003487 -0.001366 0.999993 78.326707
0.999946 0.009605 0.003901 -0.851687 -0.009610 0.999953 0.001279 -1.543854 -0.003888 -0.001316 0.999992 79.521546
0.999944 0.009640 0.004287 -0.850182 -0.009646 0.999953 0.001222 -1.565940 -0.004275 -0.001264 0.999990 80.717107
0.999942 0.009675 0.004657 -0.848192 -0.009681 0.999952 0.001164 -1.588098 -0.004646 -0.001209 0.999988 81.913347
0.999940 0.009709 0.005012 -0.845737 -0.009715 0.999952 0.001104 -1.610329 -0.005001 -0.001152 0.999987 83.110234
0.999938 0.009744 0.005348 -0.842839 -0.009749 0.999952 0.001042 -1.632635 -0.005338 -0.001094 0.999985 84.307744
0.999936 0.009778 0.005667 -0.839520 -0.009783 0.999952 0.000979 -1.655017 -0.005657 -0.001034 0.999983 85.505867
0.999934 0.009811 0.005966 -0.835807 -0.009817 0.999951 0.000915 -1.677476 -0.005957 -0.000973 0.999982 86.704598
0.999932 0.009845 0.006245 -0.831723 -0.009851 0.999951 0.000850 -1.700013 -0.006236 -0.000911 0.999980 87.903944
0.999930 0.009879 0.006504 -0.827294 -0.009884 0.999951 0.000783 -1.722630 -0.006496 -0.000848 0.999979 89.103923
0.999928 0.009912 0.006741 -0.822549 -0.009917 0.999951 0.000716 -1.745327 -0.006734 -0.000783 0.999977 90.304559
0.999926 0.009946 0.006957 -0.817514 -0.009951 0.999950 0.000649 -1.768106 -0.006950 -0.000718 0.999976 91.505890
0.999925 0.009979 0.007150 -0.812218 -0.009983 0.999950 0.000582 -1.790966 -0.007144 -0.000653 0.999974 92.707950
0.999923 0.010012 0.007321 -0.806689 -0.010016 0.999950 0.000515 -1.813909 -0.007316 -0.000588 0.999973 93.910775
0.999922 0.010044 0.007469 -0.800957 -0.010048 0.999949 0.000448 -1.836935 -0.007464 -0.000523 0.999972 95.114400
0.999920 0.010076 0.007593 -0.795050 -0.010079 0.999949 0.000382 -1.860042 -0.007589 -0.000458 0.999971 96.318860
0.999919 0.010107 0.007694 -0.789000 -0.010109 0.999949 0.000316 -1.883230 -0.007690 -0.000394 0.999970 97.524188
0.999918 0.010136 0.007771 -0.782835 -0.010138 0.999949 0.000252 -1.906498 -0.007768 -0.000331 0.999970 98.730418
0.999918 0.010164 0.007823 -0.776586 -0.010166 0.999948 0.000190 -1.929845 -0.007820 -0.000269 0.999969 99.937583
0.999917 0.010190 0.007850 -0.770285 -0.010191 0.999948 0.000128 -1.953271 -0.007848 -0.000208 0.999969 101.145713
0.999917 0.010214 0.007852 -0.763962 -0.010215 0.999948 0.000068 -1.976773 -0.007851 -0.000148 0.999969 102.354840
0.999917 0.010237 0.007830 -0.757649 -0.010237 0.999948 0.000010 -2.000351 -0.007829 -0.000090 0.999969 103.564991
0.999917 0.010257 0.007782 -0.751378 -0.010257 0.999947 -0.000047 -2.024003 -0.007782 -0.000033 0.999970 104.776195
0.999918 0.010275 0.007708 -0.745181 -0.010275 0.999947 -0.000101 -2.047728 -0.007709 0.000022 0.999970 105.988478
0.999918 0.010291 0.007609 -0.739090 -0.010290 0.999947 -0.000154 -2.071526 -0.007610 0.000076 0.999971 107.201864
0.999919 0.010306 0.007484 -0.733138 -0.010305 0.999947 -0.000206 -2.095394 -0.007486 0.000128 0.999972 108.416374
0.999920 0.010319 0.007334 -0.727356 -0.010317 0.999947 -0.000255 -2.119333 -0.007337 0.000179 0.999973 109.632030
0.999921 0.010330 0.007159 -0.721777 -0.010328 0.999947 -0.000303 -2.143341 -0.007162 0.000229 0.999974 110.848849
0.999922 0.010340 0.006960 -0.716432 -0.010338 0.999946 -0.000349 -2.167417 -0.006963 0.000277 0.999976 112.066846
0.999924 0.010350 0.006736 -0.711353 -0.010347 0.999946 -0.000393 -2.191562 -0.006739 0.000324 0.999977 113.286035
0.999925 0.010358 0.006488 -0.706569 -0.010356 0.999946 -0.000436 -2.215774 -0.006492 0.000369 0.999979 114.506425
0.999927 0.010366 0.006217 -0.702110 -0.010363 0.999946 -0.000477 -2.240053 -0.006221 0.000413 0.999981 115.728025
0.999929 0.010373 0.005923 -0.698005 -0.010370 0.999946 -0.000517 -2.264400 -0.005928 0.000456 0.999982 116.950837
0.999930 0.010380 0.005607 -0.694281 -0.010377 0.999946 -0.000556 -2.288813 -0.005613 0.000498 0.999984 118.174864
0.999932 0.010386 0.005270 -0.690965 -0.010383 0.999946 -0.000593 -2.313293 -0.005276 0.000538 0.999986 119.400103
0.999934 0.010391 0.004913 -0.688083 -0.010388 0.999946 -0.000629 -2.337840 -0.004919 0.000578 0.999988 120.626549
0.999936 0.010396 0.004536 -0.685660 -0.010394 0.999946 -0.000664 -2.362454 -0.004542 0.000617 0.999989 121.854192
0.999937 0.010401 0.004140 -0.683718 -0.010399 0.999946 -0.000697 -2.387135 -0.004147 0.000654 0.999991 123.083020
0.999939 0.010406 0.003728 -0.682280 -0.010404 0.999946 -0.000729 -2.411882 -0.003735 0.000691 0.999993 124.313016
0.999940 0.010411 0.003299 -0.681365 -0.010409 0.999946 -0.000760 -2.436695 -0.003307 0.000725 0.999994 125.544161
0.999942 0.010416 0.002856 -0.680992 -0.010413 0.999945 -0.000789 -2.461573 -0.002864 0.000759 0.999996 126.776429
0.999943 0.010420 0.002399 -0.681178 -0.010418 0.999945 -0.000816 -2.486516 -0.002407 0.000791 0.999997 128.009793
0.999944 0.010424 0.001929 -0.681938 -0.010423 0.999945 -0.000842 -2.511522 -0.001938 0.000822 0.999998 129.244221
0.999945 0.010428 0.001449 -0.683286 -0.010427 0.999945 -0.000866 -2.536591 -0.001458 0.000851 0.999999 130.479677
0.999945 0.010432 0.000960 -0.685232 -0.010431 0.999945 -0.000888 -2.561722 -0.000969 0.000878 0.999999 131.716121
0.999945 0.010435 0.000462 -0.687787 -0.010434 0.999945 -0.000909 -2.586913 -0.000472 0.000904 0.999999 132.953508
0.999946 0.010437 -0.000041 -0.690957 -0.010437 0.999945 -0.000928 -2.612164 0.000031 0.000929 1.000000 134.191789
0.999945 0.010438 -0.000550 -0.694748 -0.010439 0.999945 -0.000946 -2.637474 0.000540 0.000952 0.999999 135.430912
0.999945 0.010439 -0.001062 -0.699164 -0.010440 0.999945 -0.000963 -2.662842 0.001051 0.000974 0.999999 136.670821
0.999944 0.010438 -0.001575 -0.704206 -0.010440 0.999945 -0.000979 -2.688267 0.001565 0.000995 0.999998 137.911452
0.999943 0.010436 -0.002090 -0.709875 -0.010438 0.999945 -0.000993 -2.713748 0.002080 0.001014 0.999997 139.152741
0.999942 0.010433 -0.002604 -0.716168 -0.010435 0.999945 -0.001005 -2.739284 0.002594 0.001033 0.999996 140.394618
0.999941 0.010428 -0.003117 -0.723082 -0.010431 0.999945 -0.001017 -2.764873 0.003106 0.001049 0.999995 141.637007
0.999939 0.010421 -0.003627 -0.730612 -0.010425 0.999945 -0.001028 -2.790515 0.003617 0.001065 0.999993 142.879829
0.999937 0.010413 -0.004134 -0.738752 -0.010417 0.999945 -0.001037 -2.816209 0.004123 0.001080 0.999991 144.123000
0.999935 0.010403 -0.004637 -0.747495 -0.010408 0.999945 -0.001046 -2.841954 0.004626 0.001094 0.999989 145.366430
0.999933 0.010391 -0.005134 -0.756832 -0.010396 0.999945 -0.001053 -2.867749 0.005123 0.001106 0.999986 146.610026
0.999930 0.010377 -0.005626 -0.766752 -0.010383 0.999946 -0.001059 -2.893594 0.005615 0.001118 0.999984 147.853690
0.999928 0.010361 -0.006112 -0.777246 -0.010368 0.999946 -0.001065 -2.919486 0.006101 0.001128 0.999981 149.097318
0.999925 0.010343 -0.006592 -0.788301 -0.010351 0.999946 -0.001069 -2.945426 0.006580 0.001137 0.999978 150.340801
0.999922 0.010323 -0.007064 -0.799907 -0.010331 0.999946 -0.001072 -2.971411 0.007053 0.001145 0.999974 151.584027
0.999919 0.010302 -0.007529 -0.812049 -0.010310 0.999946 -0.001074 -2.997441 0.007518 0.001151 0.999971 152.826878
0.999915 0.010278 -0.007987 -0.824716 -0.010287 0.999947 -0.001075 -3.023515 0.007975 0.001157 0.999968 154.069230
0.999912 0.010253 -0.008437 -0.837894 -0.010262 0.999947 -0.001075 -3.049632 0.008425 0.001162 0.999964 155.310958
0.999908 0.010227 -0.008879 -0.851568 -0.010236 0.999947 -0.001075 -3.075790 0.008868 0.001166 0.999960 156.551929
0.999905 0.010199 -0.009313 -0.865724 -0.010210 0.999947 -0.001074 -3.101990 0.009301 0.001169 0.999956 157.792009
0.999901 0.010171 -0.009738 -0.880348 -0.010182 0.999948 -0.001073 -3.128230 0.009727 0.001172 0.999952 159.031057
0.999897 0.010142 -0.010155 -0.895424 -0.010153 0.999948 -0.001071 -3.154509 0.010144 0.001174 0.999948 160.268931
0.999893 0.010113 -0.010563 -0.910937 -0.010125 0.999948 -0.001069 -3.180826 0.010551 0.001176 0.999944 161.505481
0.999889 0.010084 -0.010961 -0.926871 -0.010096 0.999948 -0.001066 -3.207180 0.010950 0.001177 0.999939 162.740558
0.999885 0.010055 -0.011350 -0.943209 -0.010068 0.999949 -0.001063 -3.233568 0.011339 0.001177 0.999935 163.974005
0.999881 0.010027 -0.011730 -0.959935 -0.010040 0.999949 -0.001059 -3.259989 0.011719 0.001177 0.999931 165.205665
0.999877 0.010000 -0.012099 -0.977032 -0.010014 0.999949 -0.001055 -3.286440 0.012088 0.001176 0.999926 166.435375
0.999873 0.009974 -0.012459 -0.994482 -0.009987 0.999950 -0.001050 -3.312920 0.012448 0.001174 0.999922 167.662971
0.999868 0.009948 -0.012808 -1.012269 -0.009962 0.999950 -0.001044 -3.339424 0.012797 0.001171 0.999917 168.888286
0.999864 0.009924 -0.013148 -1.030375 -0.009938 0.999950 -0.001036 -3.365949 0.013137 0.001167 0.999913 170.111150
0.999860 0.009900 -0.013477 -1.048782 -0.009915 0.999950 -0.001028 -3.392491 0.013466 0.001162 0.999909 171.331390
0.999856 0.009877 -0.013796 -1.067473 -0.009892 0.999951 -0.001018 -3.419047 0.013785 0.001155 0.999904 172.548832
0.999852 0.009855 -0.014105 -1.086430 -0.009870 0.999951 -0.001008 -3.445611 0.014094 0.001147 0.999900 173.763300
0.999848 0.009833 -0.014403 -1.105635 -0.009848 0.999951 -0.000996 -3.472178 0.014393 0.001137 0.999896 174.974616
0.999844 0.009812 -0.014692 -1.125073 -0.009827 0.999951 -0.000982 -3.498745 0.014682 0.001127 0.999892 176.182601
0.999840 0.009791 -0.014971 -1.144726 -0.009806 0.999951 -0.000967 -3.525304 0.014961 0.001114 0.999887 177.387076
0.999836 0.009770 -0.015241 -1.164578 -0.009786 0.999952 -0.000951 -3.551851 0.015231 0.001100 0.999883 178.587859
0.999832 0.009750 -0.015501 -1.184613 -0.009766 0.999952 -0.000933 -3.578379 0.015491 0.001084 0.999879 179.784771
0.999829 0.009730 -0.015752 -1.204815 -0.009746 0.999952 -0.000914 -3.604883 0.015742 0.001067 0.999876 180.977630
0.999825 0.009711 -0.015994 -1.225170 -0.009727 0.999952 -0.000894 -3.631356 0.015984 0.001049 0.999872 182.166256
0.999821 0.009692 -0.016226 -1.245662 -0.009707 0.999953 -0.000873 -3.657793 0.016217 0.001030 0.999868 183.350471
0.999818 0.009673 -0.016450 -1.266276 -0.009688 0.999953 -0.000851 -3.684187 0.016441 0.001010 0.999864 184.530096
0.999815 0.009654 -0.016666 -1.286999 -0.009669 0.999953 -0.000828 -3.710532 0.016657 0.000989 0.999861 185.704957
0.999811 0.009635 -0.016873 -1.307817 -0.009650 0.999953 -0.000805 -3.736824 0.016865 0.000967 0.999857 186.874878
0.999808 0.009616 -0.017073 -1.328716 -0.009631 0.999953 -0.000781 -3.763056 0.017064 0.000945 0.999854 188.039689
0.999805 0.009598 -0.017264 -1.349683 -0.009612 0.999954 -0.000757 -3.789222 0.017256 0.000923 0.999851 189.199220
0.999802 0.009580 -0.017447 -1.370707 -0.009594 0.999954 -0.000733 -3.815317 0.017439 0.000900 0.999848 190.353308
0.999799 0.009562 -0.017623 -1.391774 -0.009576 0.999954 -0.000709 -3.841335 0.017615 0.000877 0.999844 191.501788
0.999796 0.009545 -0.017790 -1.412872 -0.009558 0.999954 -0.000685 -3.867271 0.017783 0.000855 0.999842 192.644503
0.999793 0.009528 -0.017950 -1.433990 -0.009541 0.999954 -0.000662 -3.893119 0.017942 0.000834 0.999839 193.781301
0.999791 0.009512 -0.018101 -1.455116 -0.009525 0.999954 -0.000640 -3.918875 0.018094 0.000813 0.999836 194.912031
0.999788 0.009497 -0.018243 -1.476237 -0.009510 0.999955 -0.000619 -3.944533 0.018237 0.000792 0.999833 196.036552
0.999786 0.009483 -0.018377 -1.497343 -0.009495 0.999955 -0.000599 -3.970088 0.018371 0.000773 0.999831 197.154726
0.999784 0.009470 -0.018502 -1.518422 -0.009482 0.999955 -0.000580 -3.995535 0.018495 0.000755 0.999829 198.266422
0.999782 0.009458 -0.018616 -1.539461 -0.009470 0.999955 -0.000562 -4.020871 0.018610 0.000738 0.999827 199.371518
0.999780 0.009447 -0.018721 -1.560450 -0.009459 0.999955 -0.000547 -4.046090 0.018715 0.000724 0.999825 200.469897
0.999778 0.009437 -0.018814 -1.581375 -0.009449 0.999955 -0.000533 -4.071189 0.018808 0.000710 0.999823 201.561452
0.999777 0.009428 -0.018895 -1.602225 -0.009440 0.999955 -0.000521 -4.096163 0.018889 0.000699 0.999821 202.646083
0.999776 0.009421 -0.018963 -1.622987 -0.009432 0.999955 -0.000511 -4.121010 0.018958 0.000690 0.999820 203.723698
0.999775 0.009415 -0.019018 -1.643647 -0.009426 0.999955 -0.000504 -4.145725 0.019013 0.000683 0.999819 204.794218
0.999774 0.009410 -0.019059 -1.664193 -0.009421 0.999955 -0.000500 -4.170306 0.019053 0.000679 0.999818 205.857569
0.999774 0.009406 -0.019084 -1.684611 -0.009417 0.999956 -0.000498 -4.194749 0.019078 0.000678 0.999818 206.913689
0.999773 0.009403 -0.019093 -1.704886 -0.009414 0.999956 -0.000499 -4.219051 0.019087 0.000679 0.999818 207.962528
0.999774 0.009402 -0.019085 -1.725006 -0.009413 0.999956 -0.000504 -4.243211 0.019079 0.000683 0.999818 209.004041
0.999774 0.009401 -0.019058 -1.744954 -0.009412 0.999956 -0.000512 -4.267226 0.019053 0.000691 0.999818 210.038198
0.999775 0.009401 -0.019014 -1.764717 -0.009413 0.999956 -0.000523 -4.291095 0.019008 0.000702 0.999819 211.064976
0.999776 0.009402 -0.018949 -1.784277 -0.009414 0.999956 -0.000537 -4.314816 0.018943 0.000716 0.999820 212.084364
0.999778 0.009403 -0.018864 -1.803621 -0.009415 0.999956 -0.000555 -4.338387 0.018858 0.000733 0.999822 213.096359
0.999780 0.009405 -0.018758 -1.822731 -0.009417 0.999955 -0.000576 -4.361807 0.018752 0.000753 0.999824 214.100971
0.999782 0.009407 -0.018630 -1.841591 -0.009419 0.999955 -0.000601 -4.385075 0.018623 0.000776 0.999826 215.098217
0.999785 0.009408 -0.018480 -1.860186 -0.009422 0.999955 -0.000628 -4.408190 0.018473 0.000802 0.999829 216.088125
0.999788 0.009410 -0.018307 -1.878499 -0.009424 0.999955 -0.000660 -4.431151 0.018300 0.000832 0.999832 217.070735
0.999792 0.009412 -0.018111 -1.896514 -0.009426 0.999955 -0.000695 -4.453959 0.018103 0.000866 0.999836 218.046095
0.999796 0.009414 -0.017891 -1.914214 -0.009428 0.999955 -0.000734 -4.476613 0.017883 0.000902 0.999840 219.014262
0.999800 0.009415 -0.017648 -1.931584 -0.009430 0.999955 -0.000776 -4.499114 0.017640 0.000942 0.999844 219.975306
0.999805 0.009415 -0.017381 -1.948606 -0.009431 0.999955 -0.000822 -4.521462 0.017373 0.000986 0.999849 220.929304
0.999810 0.009415 -0.017090 -1.965266 -0.009431 0.999955 -0.000871 -4.543658 0.017081 0.001032 0.999854 221.876343
0.999815 0.009414 -0.016776 -1.981547 -0.009431 0.999955 -0.000924 -4.565704 0.016766 0.001082 0.999859 222.816519
0.999821 0.009412 -0.016437 -1.997433 -0.009430 0.999955 -0.000981 -4.587602 0.016427 0.001136 0.999864 223.749937
0.999827 0.009409 -0.016075 -2.012909 -0.009427 0.999955 -0.001042 -4.609353 0.016065 0.001193 0.999870 224.676709
0.999833 0.009405 -0.015690 -2.027960 -0.009423 0.999955 -0.001107 -4.630959 0.015679 0.001254 0.999876 225.596957
0.999839 0.009399 -0.015281 -2.042571 -0.009418 0.999955 -0.001175 -4.652425 0.015269 0.001318 0.999883 226.510809
0.999846 0.009393 -0.014849 -2.056726 -0.009412 0.999955 -0.001246 -4.673752 0.014837 0.001386 0.999889 227.418400
0.999852 0.009385 -0.014395 -2.070411 -0.009405 0.999955 -0.001321 -4.694945 0.014382 0.001456 0.999896 228.319872
0.999859 0.009375 -0.013917 -2.083612 -0.009396 0.999955 -0.001400 -4.716006 0.013904 0.001530 0.999902 229.215373
0.999866 0.009364 -0.013418 -2.096315 -0.009385 0.999955 -0.001481 -4.736939 0.013404 0.001607 0.999909 230.105056
0.999873 0.009352 -0.012897 -2.108506 -0.009373 0.999955 -0.001565 -4.757749 0.012882 0.001686 0.999916 230.989080
0.999880 0.009338 -0.012355 -2.120172 -0.009359 0.999955 -0.001652 -4.778440 0.012339 0.001768 0.999922 231.867608
0.999887 0.009323 -0.011793 -2.131299 -0.009344 0.999955 -0.001741 -4.799015 0.011776 0.001851 0.999929 232.740806
0.999894 0.009306 -0.011211 -2.141876 -0.009327 0.999955 -0.001833 -4.819479 0.011193 0.001937 0.999935 233.608844
0.999901 0.009288 -0.010610 -2.151891 -0.009309 0.999955 -0.001926 -4.839835 0.010592 0.002024 0.999942 234.471894
0.999907 0.009269 -0.009993 -2.161334 -0.009289 0.999955 -0.002020 -4.860089 0.009973 0.002113 0.999948 235.330129
0.999913 0.009248 -0.009360 -2.170196 -0.009269 0.999955 -0.002116 -4.880244 0.009340 0.002203 0.999954 236.183724
0.999919 0.009227 -0.008713 -2.178468 -0.009246 0.999955 -0.002214 -4.900304 0.008692 0.002294 0.999960 237.032855
0.999925 0.009204 -0.008055 -2.186145 -0.009223 0.999955 -0.002313 -4.920275 0.008033 0.002387 0.999965 237.877697
0.999931 0.009180 -0.007388 -2.193220 -0.009198 0.999955 -0.002412 -4.940160 0.007365 0.002480 0.999970 238.718424
0.999936 0.009155 -0.006716 -2.199692 -0.009173 0.999955 -0.002512 -4.959964 0.006692 0.002574 0.999974 239.555210
0.999940 0.009129 -0.006041 -2.205560 -0.009145 0.999955 -0.002612 -4.979692 0.006017 0.002667 0.999978 240.388227
0.999944 0.009102 -0.005369 -2.210826 -0.009117 0.999955 -0.002712 -4.999347 0.005344 0.002761 0.999982 241.217642
0.999948 0.009074 -0.004703 -2.215495 -0.009087 0.999955 -0.002810 -5.018934 0.004678 0.002853 0.999985 242.043622
0.999951 0.009044 -0.004049 -2.219576 -0.009056 0.999955 -0.002908 -5.038456 0.004022 0.002944 0.999988 242.866326
0.999954 0.009014 -0.003412 -2.223079 -0.009024 0.999955 -0.003004 -5.057917 0.003384 0.003034 0.999990 243.685911
0.999956 0.008983 -0.002797 -2.226020 -0.008991 0.999955 -0.003098 -5.077321 0.002769 0.003123 0.999991 244.502526
0.999957 0.008950 -0.002211 -2.228416 -0.008958 0.999955 -0.003189 -5.096671 0.002182 0.003209 0.999992 245.316316
0.999959 0.008918 -0.001661 -2.230292 -0.008923 0.999955 -0.003277 -5.115969 0.001632 0.003292 0.999993 246.127418
0.999960 0.008884 -0.001155 -2.231673 -0.008888 0.999955 -0.003362 -5.135218 0.001125 0.003372 0.999994 246.935960
0.999961 0.008849 -0.000699 -2.232590 -0.008851 0.999955 -0.003444 -5.154421 0.000668 0.003450 0.999994 247.742063
0.999961 0.008813 -0.000302 -2.233081 -0.008814 0.999955 -0.003521 -5.173579 0.000271 0.003523 0.999994 248.545838
0.999961 0.008777 0.000027 -2.233185 -0.008777 0.999955 -0.003593 -5.192694 -0.000059 0.003593 0.999994 249.347388
0.999962 0.008740 0.000280 -2.232948 -0.008739 0.999955 -0.003660 -5.211768 -0.000312 0.003658 0.999993 250.146802
0.999962 0.008702 0.000447 -2.232421 -0.008700 0.999955 -0.003722 -5.230801 -0.000480 0.003718 0.999993 250.944161
0.999962 0.008664 0.000520 -2.231659 -0.008662 0.999955 -0.003777 -5.249793 -0.000552 0.003773 0.999993 251.739534
0.999963 0.008626 0.000488 -2.230724 -0.008624 0.999955 -0.003826 -5.268746 -0.000521 0.003822 0.999993 252.532975
0.999963 0.008588 0.000341 -2.229679 -0.008587 0.999956 -0.003868 -5.287658 -0.000374 0.003865 0.999992 253.324529
0.999963 0.008551 0.000071 -2.228597 -0.008550 0.999956 -0.003902 -5.306529 -0.000104 0.003901 0.999992 254.114226
0.999964 0.008514 -0.000334 -2.227552 -0.008515 0.999956 -0.003928 -5.325358 0.000301 0.003931 0.999992 254.902084
0.999964 0.008479 -0.000884 -2.226623 -0.008482 0.999956 -0.003946 -5.344142 0.000850 0.003954 0.999992 255.688106
0.999963 0.008445 -0.001588 -2.225897 -0.008451 0.999956 -0.003956 -5.362879 0.001554 0.003969 0.999991 256.472284
0.999962 0.008412 -0.002457 -2.225462 -0.008422 0.999957 -0.003956 -5.381568 0.002423 0.003977 0.999989 257.254595
0.999959 0.008382 -0.003501 -2.225413 -0.008396 0.999957 -0.003947 -5.400205 0.003468 0.003977 0.999986 258.035000
0.999954 0.008354 -0.004730 -2.225848 -0.008373 0.999957 -0.003928 -5.418786 0.004697 0.003967 0.999981 258.813450
0.999946 0.008328 -0.006155 -2.226871 -0.008352 0.999958 -0.003898 -5.437308 0.006123 0.003949 0.999973 259.589877
0.999935 0.008306 -0.007786 -2.228591 -0.008336 0.999958 -0.003857 -5.455764 0.007754 0.003921 0.999962 260.364201
0.999919 0.008286 -0.009633 -2.231119 -0.008323 0.999958 -0.003804 -5.474152 0.009601 0.003884 0.999946 261.136324
0.999897 0.008270 -0.011705 -2.234572 -0.008314 0.999958 -0.003739 -5.492463 0.011673 0.003836 0.999925 261.906135
0.999868 0.008258 -0.014012 -2.239072 -0.008310 0.999959 -0.003662 -5.510693 0.013982 0.003778 0.999895 262.673509
0.999829 0.008250 -0.016565 -2.244743 -0.008310 0.999959 -0.003573 -5.528835 0.016535 0.003710 0.999856 263.438302
0.999778 0.008247 -0.019373 -2.251714 -0.008316 0.999959 -0.003470 -5.546881 0.019344 0.003630 0.999806 264.200359
0.999714 0.008249 -0.022446 -2.260116 -0.008326 0.999960 -0.003353 -5.564824 0.022418 0.003539 0.999742 264.959508
0.999633 0.008257 -0.025794 -2.270087 -0.008343 0.999960 -0.003223 -5.582655 0.025766 0.003437 0.999662 265.715563
0.999533 0.008271 -0.029426 -2.281765 -0.008365 0.999960 -0.003079 -5.600365 0.029400 0.003323 0.999562 266.468325
0.999409 0.008292 -0.033353 -2.295293 -0.008394 0.999961 -0.002919 -5.617945 0.033328 0.003197 0.999439 267.217580
0.999259 0.008320 -0.037585 -2.310818 -0.008429 0.999961 -0.002745 -5.635384 0.037561 0.003060 0.999290 267.963100
0.999077 0.008356 -0.042133 -2.328489 -0.008471 0.999961 -0.002555 -5.652673 0.042110 0.002910 0.999109 268.704647
0.998859 0.008401 -0.047008 -2.348458 -0.008520 0.999961 -0.002349 -5.669799 0.046986 0.002747 0.998892 269.441966
0.998600 0.008454 -0.052220 -2.370879 -0.008576 0.999961 -0.002127 -5.686752 0.052200 0.002571 0.998633 270.174792
0.998293 0.008516 -0.057781 -2.395911 -0.008640 0.999961 -0.001887 -5.703519 0.057763 0.002383 0.998327 270.902849
0.997932 0.008589 -0.063703 -2.423711 -0.008711 0.999961 -0.001630 -5.720087 0.063686 0.002181 0.997968 271.625848
0.997509 0.008672 -0.069997 -2.454441 -0.008789 0.999960 -0.001354 -5.736443 0.069983 0.001966 0.997546 272.343488
0.997017 0.008767 -0.076676 -2.488262 -0.008874 0.999960 -0.001060 -5.752574 0.076664 0.001737 0.997055 273.055457
0.996447 0.008872 -0.083752 -2.525336 -0.008966 0.999960 -0.000747 -5.768465 0.083742 0.001495 0.996486 273.761434
0.995789 0.008989 -0.091237 -2.565827 -0.009065 0.999959 -0.000413 -5.784103 0.091230 0.001238 0.995829 274.461087
0.995031 0.009119 -0.099144 -2.609894 -0.009170 0.999958 -0.000058 -5.799473 0.099139 0.000966 0.995073 275.154072
0.994164 0.009262 -0.107485 -2.657701 -0.009282 0.999957 0.000320 -5.814560 0.107483 0.000679 0.994207 275.840039
0.993173 0.009419 -0.116272 -2.709404 -0.009399 0.999956 0.000721 -5.829349 0.116274 0.000377 0.993217 276.518627
0.992045 0.009590 -0.125519 -2.765162 -0.009522 0.999954 0.001146 -5.843823 0.125525 0.000058 0.992091 277.189465
0.990765 0.009777 -0.135238 -2.825125 -0.009649 0.999952 0.001596 -5.857966 0.135247 -0.000276 0.990812 277.852176
0.989317 0.009979 -0.145442 -2.889444 -0.009782 0.999950 0.002072 -5.871763 0.145455 -0.000627 0.989365 278.506375
0.987682 0.010199 -0.156142 -2.958263 -0.009919 0.999947 0.002574 -5.885197 0.156160 -0.000994 0.987731 279.151669
0.985842 0.010436 -0.167351 -3.031718 -0.010059 0.999945 0.003105 -5.898252 0.167375 -0.001377 0.985892 279.787659
0.983776 0.010693 -0.179083 -3.109942 -0.010202 0.999941 0.003664 -5.910910 0.179112 -0.001778 0.983827 280.413940
0.981461 0.010969 -0.191349 -3.193060 -0.010346 0.999937 0.004254 -5.923155 0.191384 -0.002196 0.981513 281.030101
0.978872 0.011267 -0.204162 -3.281189 -0.010492 0.999933 0.004876 -5.934972 0.204203 -0.002630 0.978925 281.635725
0.975984 0.011587 -0.217533 -3.374438 -0.010639 0.999928 0.005530 -5.946342 0.217582 -0.003082 0.976037 282.230390
0.972767 0.011932 -0.231476 -3.472905 -0.010786 0.999923 0.006218 -5.957251 0.231532 -0.003552 0.972821 282.813669
0.969191 0.012303 -0.246002 -3.576680 -0.010931 0.999916 0.006942 -5.967681 0.246067 -0.004039 0.969244 283.385134
0.965222 0.012701 -0.261123 -3.685843 -0.011074 0.999909 0.007703 -5.977617 0.261197 -0.004544 0.965275 283.944351
0.960824 0.013130 -0.276850 -3.800461 -0.011214 0.999901 0.008504 -5.987043 0.276934 -0.005066 0.960876 284.490885
0.955957 0.013591 -0.293193 -3.920591 -0.011349 0.999892 0.009345 -5.995943 0.293289 -0.005606 0.956007 285.024299
0.950579 0.014086 -0.310164 -4.046278 -0.011479 0.999882 0.010228 -6.004304 0.310272 -0.006162 0.950628 285.544155
0.944644 0.014619 -0.327772 -4.177555 -0.011602 0.999870 0.011156 -6.012109 0.327893 -0.006736 0.944691 286.050013
0.938102 0.015191 -0.346026 -4.314443 -0.011716 0.999858 0.012130 -6.019345 0.346161 -0.007326 0.938146 286.541437
0.930900 0.015804 -0.364933 -4.456949 -0.011818 0.999844 0.013153 -6.025997 0.365084 -0.007931 0.930941 287.017990
0.922978 0.016462 -0.384499 -4.605071 -0.011906 0.999828 0.014226 -6.032051 0.384667 -0.008552 0.923016 287.479236
0.914275 0.017167 -0.404730 -4.758794 -0.011977 0.999810 0.015352 -6.037496 0.404916 -0.009188 0.914308 287.924745
0.904722 0.017923 -0.425625 -4.918089 -0.012028 0.999791 0.016532 -6.042318 0.425833 -0.009838 0.904748 288.354087
0.894245 0.018732 -0.447186 -5.082918 -0.012056 0.999769 0.017770 -6.046505 0.447416 -0.010500 0.894264 288.766837
0.882764 0.019598 -0.469407 -5.253229 -0.012056 0.999746 0.019067 -6.050045 0.469661 -0.011173 0.882776 289.162572
0.870195 0.020524 -0.492279 -5.428959 -0.012023 0.999719 0.020426 -6.052928 0.492560 -0.011855 0.870198 289.540878
0.856446 0.021514 -0.515787 -5.610031 -0.011955 0.999690 0.021847 -6.055144 0.516097 -0.012545 0.856438 289.901343
0.841420 0.022571 -0.539910 -5.796356 -0.011844 0.999658 0.023334 -6.056683 0.540252 -0.013239 0.841399 290.243562
0.825012 0.023700 -0.564618 -5.987835 -0.011685 0.999622 0.024886 -6.057537 0.564994 -0.013933 0.824977 290.567139
0.807114 0.024904 -0.589870 -6.184353 -0.011472 0.999583 0.026505 -6.057696 0.590284 -0.014626 0.807063 290.871685
0.787610 0.026186 -0.615617 -6.385787 -0.011197 0.999540 0.028192 -6.057156 0.616072 -0.015311 0.787541 291.156819
0.766383 0.027551 -0.641793 -6.591998 -0.010853 0.999493 0.029946 -6.055908 0.642292 -0.015984 0.766293 291.422168
0.743310 0.029000 -0.668319 -6.802839 -0.010431 0.999441 0.031766 -6.053947 0.668866 -0.016640 0.743197 291.667371
0.718268 0.030537 -0.695096 -7.018149 -0.009923 0.999384 0.033651 -6.051269 0.695695 -0.017273 0.718129 291.892074
0.691138 0.032165 -0.722006 -7.237757 -0.009320 0.999323 0.035598 -6.047869 0.722662 -0.017874 0.690970 292.095938
0.661804 0.033885 -0.748911 -7.461480 -0.008611 0.999256 0.037603 -6.043746 0.749628 -0.018437 0.661603 292.278630
0.630158 0.035698 -0.775646 -7.689125 -0.007787 0.999183 0.039660 -6.038897 0.776428 -0.018952 0.629921 292.439833
0.596109 0.037605 -0.802022 -7.920486 -0.006838 0.999104 0.041763 -6.033321 0.802874 -0.019411 0.595832 292.579237
0.559584 0.039602 -0.827827 -8.155350 -0.005756 0.999019 0.043901 -6.027018 0.828754 -0.019801 0.559263 292.696547
0.520535 0.041688 -0.852822 -8.393488 -0.004531 0.998928 0.046064 -6.019990 0.853828 -0.020114 0.520166 292.791479
0.478950 0.043856 -0.876746 -8.634666 -0.003157 0.998831 0.048239 -6.012238 0.877837 -0.020336 0.478528 292.863762
0.434853 0.046100 -0.899320 -8.878636 -0.001627 0.998727 0.050409 -6.003765 0.900500 -0.020458 0.434375 292.913140
0.388318 0.048410 -0.920253 -9.125143 0.000062 0.998618 0.052559 -5.994578 0.921526 -0.020467 0.387778 292.939366
0.339466 0.050775 -0.939247 -9.373923 0.001911 0.998503 0.054669 -5.984680 0.940616 -0.020354 0.338861 292.942210
0.288478 0.053180 -0.956009 -9.624702 0.003918 0.998382 0.056720 -5.974079 0.957479 -0.020108 0.287803 292.921456
0.235586 0.055610 -0.970261 -9.877201 0.006078 0.998258 0.058691 -5.962781 0.971834 -0.019724 0.234838 292.876901
0.181080 0.058048 -0.981754 -10.131132 0.008382 0.998129 0.060562 -5.950797 0.983433 -0.019196 0.180255 292.808361
0.125300 0.060474 -0.990274 -10.386201 0.010818 0.997998 0.062315 -5.938134 0.992060 -0.018521 0.124395 292.715664
0.068624 0.062869 -0.995660 -10.642109 0.013370 0.997865 0.063930 -5.924804 0.997553 -0.017699 0.067637 292.598656
0.011462 0.065213 -0.997806 -10.898554 0.016019 0.997731 0.065392 -5.910816 0.999806 -0.016733 0.010392 292.457199
-0.045758 0.067486 -0.996670 -11.155228 0.018744 0.997598 0.066689 -5.896182 0.998777 -0.015630 -0.046913 292.291172
-0.102611 0.069671 -0.992279 -11.411824 0.021523 0.997466 0.067810 -5.880915 0.994489 -0.014398 -0.103850 292.100470
-0.158680 0.071750 -0.984720 -11.668031 0.024331 0.997337 0.068749 -5.865028 0.987030 -0.013050 -0.160003 291.885007
-0.213580 0.073710 -0.974141 -11.923539 0.027145 0.997212 0.069505 -5.848534 0.976548 -0.011598 -0.214986 291.644714
-0.266963 0.075540 -0.960742 -12.178040 0.029941 0.997092 0.070078 -5.831447 0.963242 -0.010057 -0.268448 291.379537
-0.318528 0.077231 -0.944762 -12.431228 0.032698 0.996978 0.070475 -5.813784 0.947349 -0.008444 -0.320090 291.089443
-0.368028 0.078777 -0.926472 -12.682801 0.035396 0.996869 0.070702 -5.795558 0.929141 -0.006774 -0.369664 290.774416
-0.415273 0.080176 -0.906157 -12.932460 0.038019 0.996768 0.070770 -5.776787 0.908902 -0.005062 -0.416979 290.434457
-0.460125 0.081427 -0.884112 -13.179915 0.040550 0.996674 0.070690 -5.757484 0.886928 -0.003325 -0.461896 290.069586
-0.502499 0.082532 -0.860629 -13.424880 0.042979 0.996587 0.070476 -5.737668 0.863509 -0.001575 -0.504332 289.679843
-0.542357 0.083496 -0.835989 -13.667077 0.045297 0.996508 0.070141 -5.717353 0.838926 0.000174 -0.544246 289.265284
-0.579701 0.084322 -0.810455 -13.906238 0.047497 0.996437 0.069699 -5.696558 0.813444 0.001910 -0.581640 288.825986
-0.614566 0.085017 -0.784271 -14.142107 0.049574 0.996373 0.069163 -5.675297 0.787306 0.003626 -0.616551 288.362041
-0.647015 0.085589 -0.757658 -14.374434 0.051527 0.996316 0.068547 -5.653588 0.760734 0.005311 -0.649042 287.873560
-0.677134 0.086045 -0.730812 -14.602985 0.053356 0.996267 0.067863 -5.631448 0.733923 0.006959 -0.679197 287.360673
-0.705022 0.086393 -0.703904 -14.827535 0.055061 0.996224 0.067122 -5.608892 0.707045 0.008565 -0.707117 286.823526
-0.730790 0.086641 -0.677082 -15.047874 0.056646 0.996188 0.066335 -5.585938 0.680248 0.010123 -0.732912 286.262281
-0.754554 0.086797 -0.650472 -15.263802 0.058114 0.996158 0.065512 -5.562601 0.653660 0.011631 -0.756699 285.677120
-0.776436 0.086869 -0.624180 -15.475133 0.059468 0.996134 0.064661 -5.538898 0.627384 0.013086 -0.778600 285.068236
-0.796555 0.086865 -0.598293 -15.681693 0.060714 0.996115 0.063790 -5.514844 0.601510 0.014488 -0.798734 284.435843
-0.815030 0.086790 -0.572881 -15.883321 0.061855 0.996101 0.062906 -5.490456 0.576107 0.015835 -0.817221 283.780168
-0.831977 0.086652 -0.548001 -16.079867 0.062897 0.996091 0.062015 -5.465750 0.551233 0.017127 -0.834175 283.101452
-0.847506 0.086457 -0.523698 -16.271195 0.063845 0.996086 0.061122 -5.440740 0.526933 0.018365 -0.849709 282.399951
-0.861721 0.086210 -0.500004 -16.457181 0.064704 0.996085 0.060231 -5.415443 0.503239 0.019550 -0.863926 281.675939
-0.874724 0.085917 -0.476945 -16.637713 0.065479 0.996088 0.059346 -5.389872 0.480178 0.020682 -0.876927 280.929697
-0.886607 0.085582 -0.454537 -16.812690 0.066174 0.996093 0.058471 -5.364042 0.457766 0.021762 -0.888806 280.161525
-0.897458 0.085210 -0.432792 -16.982026 0.066794 0.996102 0.057608 -5.337968 0.436014 0.022793 -0.899651 279.371731
-0.907359 0.084805 -0.411714 -17.145647 0.067345 0.996114 0.056760 -5.311663 0.414927 0.023775 -0.909544 278.560636
-0.916386 0.084370 -0.391304 -17.303489 0.067830 0.996128 0.055929 -5.285141 0.394508 0.024711 -0.918560 277.728573
-0.924609 0.083911 -0.371561 -17.455503 0.068254 0.996144 0.055117 -5.258414 0.374754 0.025602 -0.926771 276.875884
-0.932093 0.083430 -0.352479 -17.601650 0.068620 0.996163 0.054326 -5.231495 0.355659 0.026450 -0.934242 276.002920
-0.938900 0.082929 -0.334049 -17.741905 0.068934 0.996183 0.053556 -5.204395 0.337216 0.027257 -0.941033 275.110044
-0.945085 0.082412 -0.316264 -17.876252 0.069198 0.996204 0.052809 -5.177127 0.319415 0.028024 -0.947200 274.197623
-0.950699 0.081882 -0.299111 -18.004688 0.069416 0.996227 0.052086 -5.149702 0.302248 0.028755 -0.952796 273.266037
-0.955789 0.081340 -0.282580 -18.127222 0.069591 0.996251 0.051387 -5.122130 0.285700 0.029450 -0.957866 272.315668
-0.960399 0.080788 -0.266658 -18.243873 0.069726 0.996276 0.050712 -5.094420 0.269762 0.030111 -0.962456 271.346908
-0.964570 0.080229 -0.251331 -18.354671 0.069824 0.996302 0.050064 -5.066582 0.254419 0.030741 -0.966605 270.360154
-0.968338 0.079664 -0.236589 -18.459659 0.069887 0.996329 0.049441 -5.038625 0.239659 0.031341 -0.970351 269.355808
-0.971738 0.079095 -0.222417 -18.558891 0.069919 0.996356 0.048844 -5.010555 0.225470 0.031912 -0.973727 268.334280
-0.974800 0.078524 -0.208803 -18.652430 0.069922 0.996384 0.048273 -4.982381 0.211838 0.032457 -0.976766 267.295981
-0.977554 0.077951 -0.195734 -18.740353 0.069898 0.996412 0.047729 -4.954109 0.198752 0.032976 -0.979495 266.241330
-0.980026 0.077380 -0.183198 -18.822744 0.069850 0.996440 0.047211 -4.925745 0.186199 0.033472 -0.981942 265.170746
