0.769866 0.015978 -0.638006 -1.018026 -0.016664 0.999849 0.004931 -0.004191 0.637988 0.006835 0.770016 0.992796
0.763938 0.016132 -0.645088 -1.106290 -0.016732 0.999847 0.005189 -0.004060 0.645073 0.006830 0.764090 1.055621
0.757723 0.016292 -0.652373 -1.199896 -0.016798 0.999844 0.005458 -0.003871 0.652360 0.006823 0.757878 1.119949
0.751238 0.016457 -0.659826 -1.299064 -0.016862 0.999841 0.005739 -0.003620 0.659816 0.006815 0.751396 1.185743
0.744499 0.016625 -0.667417 -1.404019 -0.016922 0.999839 0.006029 -0.003303 0.667409 0.006806 0.744660 1.252959
0.737519 0.016798 -0.675117 -1.514989 -0.016979 0.999836 0.006328 -0.002913 0.675113 0.006796 0.737683 1.321552
0.730312 0.016974 -0.682902 -1.632203 -0.017033 0.999833 0.006636 -0.002446 0.682901 0.006785 0.730479 1.391475
0.722891 0.017153 -0.690749 -1.755894 -0.017082 0.999830 0.006951 -0.001897 0.690751 0.006775 0.723061 1.462675
0.715266 0.017336 -0.698637 -1.886297 -0.017128 0.999827 0.007273 -0.001261 0.698642 0.006764 0.715439 1.535100
0.707451 0.017521 -0.706545 -2.023648 -0.017171 0.999824 0.007601 -0.000532 0.706554 0.006755 0.707627 1.608691
0.699456 0.017709 -0.714456 -2.168186 -0.017210 0.999820 0.007934 0.000295 0.714468 0.006746 0.699635 1.683392
0.691293 0.017900 -0.722352 -2.320151 -0.017245 0.999817 0.008271 0.001225 0.722368 0.006739 0.691476 1.759140
0.682974 0.018093 -0.730218 -2.479782 -0.017277 0.999814 0.008613 0.002264 0.730238 0.006734 0.683160 1.835873
0.674510 0.018288 -0.738039 -2.647320 -0.017306 0.999810 0.008958 0.003417 0.738063 0.006730 0.674699 1.913527
0.665912 0.018486 -0.745801 -2.823008 -0.017332 0.999806 0.009306 0.004690 0.745829 0.006729 0.666104 1.992035
0.657192 0.018685 -0.753492 -3.007087 -0.017355 0.999803 0.009656 0.006088 0.753523 0.006731 0.657387 2.071331
0.648360 0.018886 -0.761099 -3.199799 -0.017375 0.999799 0.010007 0.007618 0.761135 0.006736 0.648558 2.151346
0.639428 0.019087 -0.768614 -3.401384 -0.017393 0.999795 0.010359 0.009284 0.768654 0.006745 0.639629 2.232013
0.630406 0.019290 -0.776026 -3.612084 -0.017408 0.999791 0.010711 0.011093 0.776071 0.006757 0.630610 2.313261
0.621304 0.019493 -0.783327 -3.832139 -0.017420 0.999787 0.011063 0.013049 0.783376 0.006773 0.621511 2.395022
0.612132 0.019697 -0.790510 -4.061786 -0.017430 0.999783 0.011414 0.015159 0.790563 0.006792 0.612343 2.477226
0.602900 0.019901 -0.797568 -4.301264 -0.017438 0.999779 0.011764 0.017429 0.797626 0.006815 0.603114 2.559803
0.593618 0.020104 -0.804496 -4.550808 -0.017443 0.999774 0.012114 0.019862 0.804558 0.006842 0.593835 2.642683
0.584294 0.020308 -0.811288 -4.810653 -0.017445 0.999770 0.012462 0.022465 0.811355 0.006872 0.584514 2.725799
0.574935 0.020513 -0.817942 -5.081030 -0.017446 0.999766 0.012810 0.025243 0.818013 0.006905 0.575159 2.809080
0.565551 0.020717 -0.824453 -5.362168 -0.017444 0.999761 0.013157 0.028201 0.824529 0.006941 0.565778 2.892458
0.552214 0.020998 -0.833438 -5.641295 -0.017430 0.999755 0.013639 0.031560 0.833520 0.006995 0.552444 2.955401
0.538650 0.021282 -0.842261 -5.930306 -0.017412 0.999749 0.014126 0.035117 0.842350 0.007057 0.538885 3.016942
0.524882 0.021569 -0.850902 -6.229323 -0.017387 0.999742 0.014616 0.038875 0.850998 0.007123 0.525121 3.076975
0.510930 0.021858 -0.859345 -6.538457 -0.017357 0.999735 0.015109 0.042839 0.859447 0.007196 0.511174 3.135393
0.496815 0.022149 -0.867574 -6.857812 -0.017321 0.999728 0.015604 0.047013 0.867684 0.007275 0.497064 3.192095
0.482558 0.022442 -0.875576 -7.187484 -0.017279 0.999721 0.016100 0.051402 0.875694 0.007360 0.482811 3.246981
0.468179 0.022735 -0.883341 -7.527557 -0.017231 0.999714 0.016598 0.056007 0.883466 0.007450 0.468437 3.299952
0.453697 0.023030 -0.890858 -7.878105 -0.017177 0.999706 0.017096 0.060834 0.890990 0.007546 0.453960 3.350916
0.439133 0.023326 -0.898119 -8.239195 -0.017117 0.999699 0.017595 0.065884 0.898259 0.007647 0.439400 3.399779
0.424504 0.023622 -0.905118 -8.610880 -0.017052 0.999691 0.018093 0.071161 0.905266 0.007753 0.424775 3.446455
0.409828 0.023918 -0.911849 -8.993203 -0.016980 0.999683 0.018590 0.076668 0.912005 0.007865 0.410104 3.490858
0.395123 0.024213 -0.918309 -9.386196 -0.016904 0.999675 0.019085 0.082406 0.918473 0.007982 0.395404 3.532907
0.380406 0.024507 -0.924495 -9.789880 -0.016821 0.999667 0.019579 0.088377 0.924667 0.008103 0.380692 3.572526
0.365692 0.024801 -0.930405 -10.204262 -0.016733 0.999659 0.020070 0.094583 0.930585 0.008229 0.365982 3.609641
0.350997 0.025093 -0.936040 -10.629339 -0.016639 0.999650 0.020559 0.101023 0.936229 0.008359 0.351292 3.644181
0.336335 0.025383 -0.941400 -11.065095 -0.016540 0.999642 0.021044 0.107699 0.941597 0.008493 0.336634 3.676082
0.321719 0.025671 -0.946487 -11.511502 -0.016437 0.999633 0.021525 0.114609 0.946692 0.008632 0.322023 3.705282
0.307162 0.025956 -0.951303 -11.968518 -0.016329 0.999625 0.022003 0.121753 0.951517 0.008775 0.307471 3.731723
0.292677 0.026240 -0.955851 -12.436089 -0.016217 0.999616 0.022476 0.129130 0.956074 0.008923 0.292990 3.755352
0.278273 0.026521 -0.960136 -12.914149 -0.016102 0.999607 0.022945 0.136739 0.960367 0.009075 0.278591 3.776121
0.263963 0.026801 -0.964160 -13.402617 -0.015985 0.999598 0.023410 0.144578 0.964400 0.009232 0.264285 3.793984
0.249754 0.027079 -0.967931 -13.901402 -0.015866 0.999589 0.023871 0.152645 0.968179 0.009395 0.250081 3.808902
0.235657 0.027356 -0.971451 -14.410395 -0.015745 0.999580 0.024328 0.160937 0.971709 0.009563 0.235989 3.820839
0.221680 0.027631 -0.974728 -14.929476 -0.015625 0.999571 0.024781 0.169454 0.974994 0.009737 0.222016 3.829765
0.207830 0.027903 -0.977767 -15.458512 -0.015505 0.999561 0.025230 0.178191 0.978042 0.009917 0.208171 3.835655
0.194114 0.028174 -0.980574 -15.997355 -0.015385 0.999552 0.025673 0.187146 0.980858 0.010103 0.194461 3.838489
0.180742 0.028439 -0.983119 -16.545947 -0.015269 0.999543 0.026107 0.196310 0.983412 0.010293 0.181094 3.838599
0.167727 0.028699 -0.985416 -17.104131 -0.015158 0.999533 0.026530 0.205678 0.985717 0.010487 0.168083 3.836008
0.155078 0.028953 -0.987478 -17.671737 -0.015052 0.999524 0.026943 0.215245 0.987787 0.010685 0.155440 3.830744
0.142807 0.029202 -0.989320 -18.248585 -0.014953 0.999514 0.027345 0.225007 0.989638 0.010888 0.143175 3.822845
0.130923 0.029446 -0.990955 -18.834484 -0.014860 0.999505 0.027737 0.234956 0.991281 0.011094 0.131296 3.812353
0.119433 0.029684 -0.992398 -19.429234 -0.014774 0.999495 0.028119 0.245088 0.992732 0.011303 0.119811 3.799317
0.108345 0.029918 -0.993663 -20.032623 -0.014695 0.999486 0.028491 0.255396 0.994005 0.011515 0.108729 3.783795
0.097666 0.030145 -0.994763 -20.644429 -0.014623 0.999477 0.028853 0.265874 0.995112 0.011729 0.098055 3.765849
0.087399 0.030368 -0.995710 -21.264422 -0.014559 0.999467 0.029205 0.276515 0.996067 0.011944 0.087795 3.745547
0.077551 0.030585 -0.996519 -21.892363 -0.014502 0.999458 0.029547 0.287312 0.996883 0.012161 0.077953 3.722965
0.068125 0.030797 -0.997201 -22.528002 -0.014453 0.999449 0.029879 0.298260 0.997572 0.012377 0.068532 3.698183
0.059123 0.031003 -0.997769 -23.171082 -0.014411 0.999440 0.030201 0.309349 0.998147 0.012593 0.059536 3.671289
0.050548 0.031203 -0.998234 -23.821337 -0.014375 0.999431 0.030512 0.320573 0.998618 0.012808 0.050967 3.642373
0.042401 0.031397 -0.998607 -24.478495 -0.014346 0.999422 0.030814 0.331924 0.998998 0.013020 0.042827 3.611534
0.034683 0.031586 -0.998899 -25.142273 -0.014324 0.999413 0.031105 0.343393 0.999296 0.013229 0.035115 3.578873
0.027395 0.031770 -0.999120 -25.812384 -0.014307 0.999405 0.031387 0.354971 0.999522 0.013435 0.027834 3.544497
0.020538 0.031948 -0.999278 -26.488532 -0.014297 0.999396 0.031658 0.366651 0.999687 0.013636 0.020983 3.508517
0.014112 0.032122 -0.999384 -27.170415 -0.014292 0.999388 0.031920 0.378424 0.999798 0.013833 0.014563 3.471050
0.008118 0.032290 -0.999446 -27.857724 -0.014293 0.999380 0.032171 0.390281 0.999865 0.014024 0.008574 3.432216
0.002555 0.032453 -0.999470 -28.550144 -0.014300 0.999372 0.032413 0.402213 0.999894 0.014209 0.003017 3.392140
-0.002576 0.032611 -0.999465 -29.247355 -0.014313 0.999365 0.032644 0.414212 0.999894 0.014389 -0.002107 3.350951
-0.007273 0.032763 -0.999437 -29.949028 -0.014333 0.999357 0.032865 0.426269 0.999871 0.014564 -0.006799 3.308785
-0.011535 0.032909 -0.999392 -30.654834 -0.014359 0.999350 0.033074 0.438375 0.999830 0.014732 -0.011055 3.265779
-0.015362 0.033050 -0.999336 -31.364436 -0.014392 0.999343 0.033271 0.450521 0.999778 0.014894 -0.014876 3.222078
-0.018750 0.033184 -0.999273 -32.077493 -0.014432 0.999336 0.033457 0.462696 0.999720 0.015049 -0.018258 3.177831
-0.021697 0.033313 -0.999209 -32.793661 -0.014479 0.999329 0.033631 0.474893 0.999660 0.015197 -0.021200 3.133191
-0.024208 0.033435 -0.999148 -33.512593 -0.014533 0.999323 0.033793 0.487100 0.999601 0.015339 -0.023705 3.088319
-0.026287 0.033551 -0.999091 -34.233937 -0.014594 0.999317 0.033943 0.499309 0.999548 0.015473 -0.025779 3.043378
-0.027937 0.033662 -0.999043 -34.957341 -0.014660 0.999312 0.034081 0.511510 0.999502 0.015598 -0.027425 2.998538
-0.029162 0.033767 -0.999004 -35.682449 -0.014733 0.999306 0.034207 0.523692 0.999466 0.015716 -0.028644 2.953972
-0.029963 0.033867 -0.998977 -36.408904 -0.014812 0.999301 0.034322 0.535847 0.999441 0.015826 -0.029440 2.909859
-0.030341 0.033961 -0.998962 -37.136346 -0.014897 0.999296 0.034425 0.547965 0.999429 0.015926 -0.029814 2.866382
-0.030298 0.034049 -0.998961 -37.864415 -0.014988 0.999292 0.034515 0.560036 0.999429 0.016018 -0.029766 2.823728
-0.029833 0.034132 -0.998972 -38.592750 -0.015083 0.999288 0.034593 0.572050 0.999441 0.016100 -0.029297 2.782092
-0.028945 0.034209 -0.998995 -39.320990 -0.015185 0.999284 0.034659 0.583999 0.999466 0.016173 -0.028405 2.741670
-0.027633 0.034280 -0.999030 -40.048774 -0.015291 0.999280 0.034712 0.595871 0.999501 0.016235 -0.027089 2.702666
-0.025895 0.034346 -0.999074 -40.775743 -0.015403 0.999277 0.034752 0.607659 0.999546 0.016288 -0.025347 2.665286
-0.023727 0.034405 -0.999126 -41.501536 -0.015520 0.999275 0.034779 0.619353 0.999598 0.016332 -0.023176 2.629744
-0.021126 0.034459 -0.999183 -42.225798 -0.015642 0.999272 0.034793 0.630944 0.999654 0.016365 -0.020572 2.596256
-0.018089 0.034507 -0.999241 -42.948173 -0.015770 0.999270 0.034794 0.642423 0.999712 0.016387 -0.017531 2.565045
-0.014610 0.034550 -0.999296 -43.668309 -0.015902 0.999268 0.034782 0.653781 0.999767 0.016399 -0.014050 2.536338
-0.010683 0.034588 -0.999345 -44.385858 -0.016038 0.999267 0.034757 0.665012 0.999814 0.016399 -0.010121 2.510366
-0.006304 0.034620 -0.999381 -45.100473 -0.016179 0.999266 0.034718 0.676106 0.999849 0.016388 -0.005740 2.487364
-0.001466 0.034646 -0.999399 -45.811815 -0.016323 0.999266 0.034666 0.687056 0.999866 0.016364 -0.000899 2.467572
0.003838 0.034666 -0.999392 -46.519546 -0.016469 0.999266 0.034599 0.697855 0.999857 0.016326 0.004407 2.451233
0.009616 0.034680 -0.999352 -47.223334 -0.016618 0.999266 0.034517 0.708493 0.999816 0.016275 0.010185 2.438596
0.015874 0.034686 -0.999272 -47.922853 -0.016768 0.999267 0.034420 0.718965 0.999733 0.016210 0.016444 2.429908
0.022620 0.034685 -0.999142 -48.617784 -0.016919 0.999268 0.034307 0.729261 0.999601 0.016128 0.023190 2.425424
0.029862 0.034677 -0.998952 -49.307812 -0.017070 0.999270 0.034178 0.739375 0.999408 0.016031 0.030432 2.425398
0.037607 0.034661 -0.998691 -49.992633 -0.017220 0.999272 0.034033 0.749299 0.999144 0.015917 0.038176 2.430086
0.045862 0.034637 -0.998347 -50.671946 -0.017369 0.999275 0.033872 0.759026 0.998797 0.015787 0.046430 2.439745
0.054636 0.034604 -0.997907 -51.345461 -0.017516 0.999279 0.033693 0.768549 0.998353 0.015639 0.055202 2.454634
0.063934 0.034563 -0.997355 -52.012893 -0.017661 0.999283 0.033497 0.777862 0.997798 0.015473 0.064499 2.475012
0.073765 0.034511 -0.996678 -52.673968 -0.017803 0.999287 0.033284 0.786958 0.997117 0.015289 0.074326 2.501137
0.084132 0.034450 -0.995859 -53.328418 -0.017942 0.999293 0.033053 0.795832 0.996293 0.015087 0.084691 2.533266
0.095042 0.034377 -0.994879 -53.975985 -0.018077 0.999298 0.032803 0.804476 0.995309 0.014867 0.095597 2.571657
0.106499 0.034293 -0.993721 -54.616418 -0.018208 0.999305 0.032534 0.812886 0.994146 0.014629 0.107050 2.616564
0.118507 0.034197 -0.992364 -55.249477 -0.018336 0.999312 0.032247 0.821055 0.992784 0.014374 0.119052 2.668239
0.131067 0.034088 -0.990787 -55.874930 -0.018459 0.999319 0.031940 0.828978 0.991202 0.014102 0.131607 2.726934
0.144181 0.033966 -0.988968 -56.492554 -0.018578 0.999328 0.031613 0.836648 0.989377 0.013815 0.144715 2.792897
0.157848 0.033831 -0.986884 -57.102137 -0.018693 0.999336 0.031268 0.844059 0.987286 0.013512 0.158376 2.866373
0.172068 0.033682 -0.984509 -57.703475 -0.018804 0.999345 0.030903 0.851207 0.984906 0.013195 0.172589 2.947605
0.186838 0.033520 -0.981819 -58.296378 -0.018912 0.999355 0.030520 0.858086 0.982209 0.012866 0.187351 3.036830
0.202151 0.033344 -0.978787 -58.880661 -0.019017 0.999365 0.030117 0.864691 0.979170 0.012525 0.202657 3.134286
0.218001 0.033154 -0.975385 -59.456154 -0.019119 0.999376 0.029696 0.871017 0.975761 0.012174 0.218499 3.240205
0.234379 0.032950 -0.971587 -60.022696 -0.019218 0.999387 0.029257 0.877059 0.971955 0.011815 0.234869 3.354814
0.251271 0.032732 -0.967363 -60.580136 -0.019315 0.999399 0.028799 0.882814 0.967724 0.011448 0.251753 3.478338
0.268663 0.032501 -0.962686 -61.128336 -0.019409 0.999410 0.028324 0.888276 0.963039 0.011075 0.269136 3.610995
0.286536 0.032256 -0.957526 -61.667167 -0.019499 0.999422 0.027832 0.893441 0.957871 0.010696 0.287000 3.753000
0.304867 0.031998 -0.951857 -62.196513 -0.019586 0.999435 0.027324 0.898306 0.952193 0.010313 0.305321 3.904560
0.323631 0.031727 -0.945651 -62.716269 -0.019669 0.999447 0.026801 0.902865 0.945979 0.009926 0.324076 4.065878
0.342797 0.031443 -0.938883 -63.226342 -0.019746 0.999460 0.026263 0.907116 0.939202 0.009536 0.343233 4.237147
0.362333 0.031148 -0.931528 -63.726649 -0.019817 0.999473 0.025711 0.911056 0.931838 0.009145 0.362759 4.418555
0.382201 0.030840 -0.923564 -64.217120 -0.019882 0.999486 0.025147 0.914680 0.923865 0.008751 0.382618 4.610283
0.402360 0.030521 -0.914972 -64.697696 -0.019940 0.999499 0.024572 0.917987 0.915264 0.008357 0.402767 4.812501
0.422767 0.030191 -0.905736 -65.168330 -0.019989 0.999512 0.023987 0.920974 0.906018 0.007964 0.423164 5.025372
0.443372 0.029851 -0.895840 -65.628985 -0.020031 0.999526 0.023392 0.923638 0.896114 0.007574 0.443760 5.249050
0.464126 0.029501 -0.885278 -66.079638 -0.020065 0.999539 0.022789 0.925977 0.885542 0.007186 0.464504 5.483678
0.484974 0.029140 -0.874043 -66.520274 -0.020090 0.999552 0.022178 0.927991 0.874298 0.006804 0.485343 5.729390
0.505861 0.028771 -0.862135 -66.950889 -0.020106 0.999565 0.021560 0.929676 0.862380 0.006428 0.506220 5.986311
0.526729 0.028394 -0.849559 -67.371494 -0.020114 0.999578 0.020937 0.931032 0.849795 0.006060 0.527079 6.254553
0.547519 0.028009 -0.836324 -67.782108 -0.020112 0.999591 0.020310 0.932056 0.836551 0.005700 0.547859 6.534218
0.568171 0.027618 -0.822447 -68.182761 -0.020101 0.999604 0.019681 0.932748 0.822665 0.005350 0.568502 6.825399
0.588626 0.027222 -0.807947 -68.573495 -0.020081 0.999617 0.019050 0.933107 0.808156 0.005011 0.588947 7.128174
0.608824 0.026822 -0.792851 -68.954362 -0.020053 0.999629 0.018419 0.933131 0.793051 0.004685 0.609137 7.442610
0.628709 0.026420 -0.777192 -69.325427 -0.020016 0.999641 0.017790 0.932820 0.777383 0.004371 0.629012 7.768761
0.648225 0.026017 -0.761004 -69.686762 -0.019970 0.999653 0.017165 0.932174 0.761187 0.004071 0.648520 8.106671
0.667320 0.025614 -0.744331 -70.038450 -0.019917 0.999665 0.016544 0.931192 0.744505 0.003785 0.667606 8.456369
0.685945 0.025213 -0.727216 -70.380585 -0.019856 0.999676 0.015929 0.929873 0.727382 0.003513 0.686224 8.817870
0.704057 0.024814 -0.709710 -70.713268 -0.019788 0.999687 0.015322 0.928219 0.709868 0.003257 0.704327 9.191178
0.721615 0.024419 -0.691864 -71.036610 -0.019714 0.999697 0.014722 0.926228 0.692014 0.003016 0.721878 9.576284
0.738584 0.024029 -0.673733 -71.350730 -0.019634 0.999707 0.014131 0.923902 0.673875 0.002791 0.738840 9.973165
0.754936 0.023645 -0.655371 -71.655756 -0.019549 0.999717 0.013550 0.921240 0.655506 0.002582 0.755185 10.381787
0.770647 0.023269 -0.636837 -71.951823 -0.019460 0.999726 0.012979 0.918241 0.636965 0.002390 0.770889 10.802102
0.785697 0.022901 -0.618187 -72.239075 -0.019368 0.999735 0.012419 0.914908 0.618308 0.002215 0.785933 11.234050
0.800074 0.022543 -0.599477 -72.517660 -0.019275 0.999744 0.011871 0.911239 0.599591 0.002057 0.800304 11.677561
0.813770 0.022197 -0.580763 -72.787737 -0.019181 0.999752 0.011334 0.907236 0.580870 0.001917 0.813994 12.132551
0.826782 0.021863 -0.562097 -73.049468 -0.019089 0.999759 0.010809 0.902899 0.562198 0.001793 0.827001 12.598926
0.839113 0.021543 -0.543531 -73.303022 -0.018998 0.999766 0.010297 0.898229 0.543626 0.001686 0.839326 13.076583
0.850767 0.021238 -0.525114 -73.548571 -0.018910 0.999773 0.009798 0.893227 0.525203 0.001594 0.850976 13.565406
0.861756 0.020949 -0.506891 -73.786294 -0.018826 0.999779 0.009313 0.887894 0.506974 0.001517 0.861960 14.065271
0.872092 0.020676 -0.488905 -74.016371 -0.018746 0.999785 0.008842 0.882231 0.488983 0.001454 0.872292 14.576046
0.881793 0.020420 -0.471195 -74.238989 -0.018672 0.999791 0.008385 0.876242 0.471268 0.001405 0.881989 15.097588
0.890877 0.020182 -0.453797 -74.454337 -0.018604 0.999795 0.007941 0.869927 0.453864 0.001368 0.891070 15.629747
0.899365 0.019961 -0.436743 -74.662606 -0.018543 0.999800 0.007511 0.863289 0.436805 0.001343 0.899555 16.172367
0.907281 0.019759 -0.420061 -74.863992 -0.018488 0.999804 0.007096 0.856331 0.420119 0.001329 0.907468 16.725281
0.914648 0.019575 -0.403777 -75.058694 -0.018442 0.999808 0.006694 0.849055 0.403830 0.001324 0.914833 17.288319
0.921492 0.019409 -0.387912 -75.246911 -0.018404 0.999811 0.006306 0.841463 0.387961 0.001328 0.921675 17.861304
0.927838 0.019261 -0.372486 -75.428847 -0.018374 0.999814 0.005932 0.833560 0.372530 0.001340 0.928019 18.444053
0.933713 0.019131 -0.357512 -75.604704 -0.018352 0.999816 0.005572 0.825349 0.357553 0.001358 0.933892 19.036376
0.939141 0.019018 -0.343004 -75.774689 -0.018338 0.999818 0.005226 0.816834 0.343041 0.001382 0.939319 19.638079
0.944150 0.018921 -0.328972 -75.939007 -0.018332 0.999820 0.004894 0.808019 0.329005 0.001410 0.944327 20.248962
0.948765 0.018840 -0.315422 -76.097864 -0.018333 0.999821 0.004576 0.798909 0.315452 0.001441 0.948941 20.868822
0.953009 0.018774 -0.302360 -76.251466 -0.018341 0.999823 0.004272 0.789507 0.302386 0.001474 0.953184 21.497448
0.956908 0.018721 -0.289788 -76.400019 -0.018355 0.999824 0.003982 0.779818 0.289811 0.001509 0.957083 22.134627
0.960484 0.018680 -0.277707 -76.543728 -0.018374 0.999824 0.003705 0.769848 0.277727 0.001544 0.960659 22.780140
0.963761 0.018650 -0.266115 -76.682796 -0.018398 0.999825 0.003442 0.759601 0.266132 0.001579 0.963935 23.433764
0.966759 0.018630 -0.255010 -76.817428 -0.018426 0.999825 0.003191 0.749082 0.255025 0.001613 0.966933 24.095276
0.969499 0.018620 -0.244386 -76.947824 -0.018457 0.999825 0.002954 0.738297 0.244399 0.001647 0.969673 24.764445
0.972001 0.018617 -0.234239 -77.074186 -0.018492 0.999825 0.002728 0.727252 0.234248 0.001680 0.972175 25.441041
0.974283 0.018621 -0.224559 -77.196711 -0.018530 0.999825 0.002514 0.715951 0.224567 0.001711 0.974457 26.124830
0.976361 0.018632 -0.215340 -77.315595 -0.018570 0.999825 0.002311 0.704399 0.215345 0.001742 0.976536 26.815577
0.978254 0.018649 -0.206571 -77.431033 -0.018613 0.999825 0.002118 0.692604 0.206575 0.001773 0.978429 27.513045
0.979975 0.018671 -0.198245 -77.543215 -0.018658 0.999824 0.001935 0.680570 0.198246 0.001803 0.980151 28.216996
0.981538 0.018698 -0.190351 -77.652332 -0.018705 0.999823 0.001761 0.668304 0.190350 0.001832 0.981715 28.927192
0.982957 0.018729 -0.182880 -77.758569 -0.018754 0.999823 0.001595 0.655810 0.182877 0.001862 0.983134 29.643394
0.984243 0.018764 -0.175822 -77.862110 -0.018804 0.999822 0.001438 0.643094 0.175818 0.001890 0.984421 30.365364
0.985408 0.018802 -0.169168 -77.963137 -0.018855 0.999821 0.001290 0.630163 0.169162 0.001918 0.985586 31.092864
0.986461 0.018843 -0.162909 -78.061829 -0.018908 0.999821 0.001150 0.617021 0.162901 0.001946 0.986640 31.825656
0.987412 0.018887 -0.157035 -78.158363 -0.018962 0.999820 0.001017 0.603675 0.157026 0.001973 0.987593 32.563504
0.988270 0.018934 -0.151537 -78.252913 -0.019018 0.999819 0.000893 0.590131 0.151527 0.002000 0.988451 33.306173
0.989042 0.018984 -0.146408 -78.345650 -0.019076 0.999818 0.000775 0.576395 0.146396 0.002026 0.989224 34.053429
0.989736 0.019037 -0.141637 -78.436742 -0.019135 0.999817 0.000665 0.562474 0.141624 0.002052 0.989918 34.805044
0.990357 0.019092 -0.137217 -78.526355 -0.019197 0.999816 0.000563 0.548373 0.137202 0.002077 0.990541 35.560788
0.990912 0.019150 -0.133139 -78.614650 -0.019259 0.999814 0.000468 0.534101 0.133123 0.002101 0.991097 36.320439
0.991407 0.019211 -0.129395 -78.701787 -0.019324 0.999813 0.000381 0.519665 0.129378 0.002123 0.991593 37.083774
0.991846 0.019273 -0.125977 -78.787922 -0.019390 0.999812 0.000301 0.505072 0.125959 0.002144 0.992033 37.850578
0.992233 0.019338 -0.122878 -78.873207 -0.019457 0.999811 0.000229 0.490330 0.122860 0.002164 0.992422 38.620636
0.992573 0.019405 -0.120091 -78.957794 -0.019527 0.999809 0.000164 0.475448 0.120071 0.002183 0.992763 39.393742
0.992869 0.019475 -0.117607 -79.041831 -0.019599 0.999808 0.000105 0.460432 0.117587 0.002200 0.993060 40.169690
0.993124 0.019547 -0.115421 -79.125463 -0.019672 0.999806 0.000054 0.445292 0.115399 0.002217 0.993317 40.948282
0.993341 0.019623 -0.113524 -79.208832 -0.019749 0.999805 0.000010 0.430036 0.113502 0.002232 0.993535 41.729323
0.993523 0.019701 -0.111912 -79.292080 -0.019829 0.999803 -0.000027 0.414672 0.111889 0.002246 0.993718 42.512622
0.993671 0.019783 -0.110576 -79.375342 -0.019911 0.999802 -0.000056 0.399209 0.110553 0.002258 0.993868 43.297994
0.993787 0.019868 -0.109511 -79.458754 -0.019997 0.999800 -0.000078 0.383656 0.109487 0.002267 0.993986 44.085258
0.993873 0.019957 -0.108710 -79.542449 -0.020086 0.999798 -0.000092 0.368022 0.108686 0.002275 0.994074 44.874238
0.993931 0.020049 -0.108167 -79.626555 -0.020178 0.999796 -0.000097 0.352316 0.108143 0.002279 0.994133 45.664762
0.993960 0.020144 -0.107876 -79.711201 -0.020273 0.999794 -0.000094 0.336549 0.107852 0.002280 0.994164 46.456663
0.993963 0.020243 -0.107831 -79.796511 -0.020370 0.999793 -0.000082 0.320731 0.107807 0.002278 0.994169 47.249777
0.993940 0.020343 -0.108025 -79.882609 -0.020470 0.999790 -0.000063 0.304870 0.108001 0.002274 0.994148 48.043944
0.993891 0.020447 -0.108453 -79.969616 -0.020572 0.999788 -0.000036 0.288977 0.108430 0.002267 0.994102 48.839008
0.993817 0.020554 -0.109109 -80.057652 -0.020677 0.999786 -0.000002 0.273061 0.109086 0.002258 0.994030 49.634818
0.993718 0.020663 -0.109987 -80.146836 -0.020784 0.999784 0.000040 0.257131 0.109964 0.002246 0.993933 50.431226
0.993594 0.020774 -0.111080 -80.237283 -0.020894 0.999782 0.000088 0.241197 0.111058 0.002233 0.993811 51.228085
0.993445 0.020888 -0.112383 -80.329108 -0.021006 0.999779 0.000143 0.225267 0.112361 0.002219 0.993665 52.025255
0.993271 0.021005 -0.113890 -80.422421 -0.021119 0.999777 0.000203 0.209350 0.113868 0.002203 0.993493 52.822597
0.993072 0.021123 -0.115594 -80.517333 -0.021235 0.999774 0.000270 0.193455 0.115573 0.002187 0.993297 53.619975
0.992847 0.021244 -0.117490 -80.613952 -0.021352 0.999772 0.000342 0.177591 0.117470 0.002169 0.993074 54.417259
0.992596 0.021366 -0.119572 -80.712382 -0.021470 0.999769 0.000421 0.161764 0.119554 0.002150 0.992825 55.214318
0.992318 0.021489 -0.121836 -80.812727 -0.021589 0.999767 0.000504 0.145984 0.121818 0.002130 0.992550 56.011028
0.992012 0.021614 -0.124274 -80.915088 -0.021709 0.999764 0.000593 0.130259 0.124258 0.002109 0.992248 56.807266
0.991679 0.021740 -0.126883 -81.019566 -0.021830 0.999761 0.000687 0.114597 0.126868 0.002089 0.991917 57.602912
0.991318 0.021868 -0.129658 -81.126257 -0.021951 0.999759 0.000785 0.099005 0.129644 0.002068 0.991558 58.397849
0.990926 0.021996 -0.132593 -81.235257 -0.022073 0.999756 0.000887 0.083491 0.132580 0.002048 0.991170 59.191965
0.990505 0.022126 -0.135684 -81.346661 -0.022197 0.999753 0.000994 0.068064 0.135672 0.002027 0.990752 59.985149
0.990053 0.022258 -0.138926 -81.460561 -0.022321 0.999750 0.001105 0.052730 0.138916 0.002007 0.990302 60.777294
0.989568 0.022392 -0.142316 -81.577045 -0.022447 0.999747 0.001219 0.037497 0.142307 0.001988 0.989821 61.568293
0.989050 0.022527 -0.145848 -81.696199 -0.022574 0.999744 0.001337 0.022373 0.145841 0.001970 0.989306 62.358045
0.988499 0.022665 -0.149520 -81.818110 -0.022702 0.999741 0.001457 0.007365 0.149514 0.001954 0.988758 63.146448
0.987912 0.022805 -0.153327 -81.942857 -0.022832 0.999738 0.001579 -0.007519 0.153323 0.001940 0.988174 63.933407
0.987290 0.022946 -0.157265 -82.070520 -0.022964 0.999735 0.001705 -0.022274 0.157263 0.001928 0.987555 64.718826
0.986630 0.023090 -0.161332 -82.201174 -0.023096 0.999732 0.001833 -0.036893 0.161331 0.001918 0.986899 65.502612
0.985932 0.023235 -0.165523 -82.334892 -0.023230 0.999728 0.001963 -0.051369 0.165523 0.001910 0.986204 66.284674
0.985195 0.023382 -0.169834 -82.471745 -0.023365 0.999725 0.002096 -0.065696 0.169837 0.001903 0.985470 67.064924
0.984418 0.023530 -0.174263 -82.611796 -0.023501 0.999721 0.002231 -0.079868 0.174267 0.001899 0.984697 67.843273
0.983600 0.023681 -0.178805 -82.755110 -0.023638 0.999718 0.002369 -0.093879 0.178811 0.001897 0.983882 68.619637
0.982739 0.023833 -0.183456 -82.901744 -0.023777 0.999714 0.002508 -0.107724 0.183463 0.001897 0.983025 69.393929
0.981835 0.023988 -0.188212 -83.051753 -0.023916 0.999710 0.002650 -0.121397 0.188221 0.001900 0.982125 70.166068
0.980888 0.024144 -0.193069 -83.205185 -0.024057 0.999707 0.002794 -0.134893 0.193080 0.001904 0.981181 70.935970
0.979896 0.024302 -0.198023 -83.362085 -0.024199 0.999703 0.002941 -0.148206 0.198035 0.001910 0.980193 71.703555
0.978859 0.024461 -0.203069 -83.522493 -0.024341 0.999699 0.003092 -0.161331 0.203084 0.001916 0.979160 72.468741
0.977775 0.024622 -0.208204 -83.686445 -0.024483 0.999695 0.003245 -0.174264 0.208221 0.001924 0.978080 73.231449
0.976645 0.024783 -0.213423 -83.853969 -0.024624 0.999691 0.003402 -0.187001 0.213442 0.001933 0.976954 73.991597
0.975468 0.024945 -0.218723 -84.025090 -0.024766 0.999687 0.003562 -0.199536 0.218743 0.001942 0.975781 74.749104
0.974243 0.025108 -0.224099 -84.199827 -0.024907 0.999683 0.003723 -0.211869 0.224121 0.001954 0.974559 75.503887
0.972970 0.025269 -0.229547 -84.378194 -0.025046 0.999679 0.003887 -0.223996 0.229571 0.001968 0.973290 76.255863
0.971647 0.025431 -0.235063 -84.560198 -0.025184 0.999675 0.004051 -0.235915 0.235090 0.001983 0.971972 77.004949
0.970276 0.025591 -0.240645 -84.745843 -0.025320 0.999670 0.004218 -0.247627 0.240673 0.002001 0.970604 77.751060
0.968855 0.025750 -0.246287 -84.935126 -0.025454 0.999666 0.004385 -0.259129 0.246318 0.002020 0.969187 78.494107
0.967384 0.025908 -0.251987 -85.128038 -0.025586 0.999662 0.004555 -0.270421 0.252020 0.002041 0.967720 79.234004
0.965863 0.026062 -0.257741 -85.324563 -0.025713 0.999658 0.004725 -0.281503 0.257776 0.002063 0.966203 79.970659
0.964291 0.026214 -0.263546 -85.524684 -0.025837 0.999654 0.004897 -0.292374 0.263583 0.002087 0.964635 80.703980
0.962668 0.026362 -0.269398 -85.728373 -0.025956 0.999650 0.005070 -0.303035 0.269438 0.002112 0.963015 81.433873
0.960994 0.026506 -0.275296 -85.935600 -0.026070 0.999646 0.005244 -0.313485 0.275338 0.002138 0.961345 82.160240
0.959269 0.026646 -0.281236 -86.146328 -0.026179 0.999643 0.005419 -0.323725 0.281280 0.002164 0.959623 82.882983
0.957491 0.026781 -0.287216 -86.360516 -0.026281 0.999639 0.005595 -0.333757 0.287262 0.002191 0.957849 83.601999
0.955662 0.026910 -0.293234 -86.578114 -0.026377 0.999635 0.005771 -0.343580 0.293282 0.002219 0.956023 84.317186
0.953780 0.027034 -0.299286 -86.799071 -0.026467 0.999632 0.005948 -0.353197 0.299337 0.002248 0.954145 85.028437
0.951846 0.027153 -0.305373 -87.023328 -0.026551 0.999629 0.006125 -0.362608 0.305426 0.002278 0.952213 85.735642
0.949858 0.027267 -0.311491 -87.250821 -0.026628 0.999626 0.006303 -0.371817 0.311547 0.002308 0.950228 86.438690
0.947816 0.027375 -0.317640 -87.481481 -0.026699 0.999623 0.006481 -0.380825 0.317698 0.002338 0.948189 87.137469
0.945720 0.027477 -0.323819 -87.715234 -0.026763 0.999620 0.006661 -0.389635 0.323878 0.002367 0.946096 87.831862
0.943569 0.027575 -0.330025 -87.952003 -0.026819 0.999617 0.006842 -0.398247 0.330088 0.002396 0.943947 88.521751
0.941363 0.027666 -0.336260 -88.191703 -0.026869 0.999614 0.007024 -0.406663 0.336325 0.002423 0.941743 89.207014
0.939099 0.027752 -0.342523 -88.434249 -0.026911 0.999612 0.007209 -0.414886 0.342590 0.002448 0.939482 89.887530
0.936778 0.027833 -0.348814 -88.679550 -0.026946 0.999610 0.007396 -0.422916 0.348884 0.002471 0.937163 90.563171
0.934399 0.027908 -0.355134 -88.927512 -0.026973 0.999607 0.007585 -0.430756 0.355206 0.002491 0.934785 91.233809
0.931959 0.027979 -0.361482 -89.178038 -0.026993 0.999605 0.007777 -0.438405 0.361557 0.002509 0.932347 91.899312
0.929458 0.028044 -0.367861 -89.431028 -0.027006 0.999603 0.007971 -0.445866 0.367939 0.002525 0.929847 92.559544
0.926893 0.028105 -0.374271 -89.686378 -0.027011 0.999602 0.008168 -0.453140 0.374352 0.002539 0.927283 93.214368
0.924264 0.028161 -0.380714 -89.943984 -0.027010 0.999600 0.008366 -0.460229 0.380798 0.002551 0.924655 93.863642
0.921567 0.028213 -0.387193 -90.203739 -0.027003 0.999599 0.008567 -0.467135 0.387279 0.002560 0.921959 94.507224
0.918801 0.028262 -0.393708 -90.465534 -0.026989 0.999597 0.008770 -0.473859 0.393797 0.002567 0.919194 95.144968
0.915963 0.028306 -0.400263 -90.729259 -0.026968 0.999596 0.008976 -0.480403 0.400355 0.002573 0.916357 95.776725
0.913051 0.028347 -0.406860 -90.994802 -0.026942 0.999595 0.009185 -0.486770 0.406955 0.002576 0.913444 96.402342
0.910061 0.028385 -0.413502 -91.262051 -0.026909 0.999594 0.009396 -0.492962 0.413601 0.002576 0.910455 97.021668
0.906989 0.028420 -0.420194 -91.530897 -0.026870 0.999593 0.009610 -0.498980 0.420296 0.002574 0.907384 97.634547
0.903833 0.028453 -0.426938 -91.801228 -0.026825 0.999592 0.009828 -0.504827 0.427043 0.002569 0.904228 98.240821
0.900588 0.028483 -0.433739 -92.072934 -0.026774 0.999591 0.010051 -0.510505 0.433847 0.002561 0.900983 98.840331
0.897250 0.028512 -0.440601 -92.345909 -0.026717 0.999590 0.010278 -0.516016 0.440713 0.002550 0.897644 99.432914
0.893814 0.028539 -0.447529 -92.620047 -0.026655 0.999589 0.010509 -0.521360 0.447645 0.002535 0.894208 100.018409
0.890274 0.028566 -0.454528 -92.895243 -0.026587 0.999589 0.010746 -0.526540 0.454648 0.002517 0.890668 100.596649
0.886626 0.028592 -0.461603 -93.171397 -0.026514 0.999588 0.010989 -0.531556 0.461727 0.002495 0.887019 101.167469
0.882862 0.028619 -0.468760 -93.448412 -0.026436 0.999587 0.011239 -0.536408 0.468888 0.002470 0.883254 101.730702
0.878976 0.028647 -0.476005 -93.726196 -0.026353 0.999587 0.011495 -0.541098 0.476138 0.002440 0.879367 102.286181
0.874961 0.028676 -0.483344 -94.004657 -0.026264 0.999586 0.011759 -0.545626 0.483481 0.002406 0.875351 102.833738
0.870809 0.028706 -0.490783 -94.283713 -0.026171 0.999585 0.012030 -0.549992 0.490925 0.002368 0.871199 103.373203
0.866511 0.028737 -0.498329 -94.563284 -0.026071 0.999584 0.012309 -0.554195 0.498476 0.002326 0.866900 103.904409
0.862061 0.028770 -0.505988 -94.843296 -0.025967 0.999583 0.012595 -0.558237 0.506140 0.002281 0.862448 104.427186
0.857446 0.028804 -0.513767 -95.123683 -0.025856 0.999583 0.012888 -0.562116 0.513923 0.002233 0.857833 104.941367
0.852659 0.028840 -0.521671 -95.404384 -0.025741 0.999582 0.013188 -0.565833 0.521833 0.002183 0.853045 105.446783
0.847688 0.028879 -0.529708 -95.685347 -0.025620 0.999581 0.013495 -0.569388 0.529876 0.002131 0.848073 105.943269
0.842523 0.028919 -0.537884 -95.966524 -0.025494 0.999580 0.013809 -0.572778 0.538057 0.002078 0.842906 106.430659
0.837151 0.028963 -0.546204 -96.247878 -0.025363 0.999578 0.014131 -0.576002 0.546383 0.002024 0.837533 106.908790
0.831562 0.029011 -0.554674 -96.529379 -0.025227 0.999577 0.014460 -0.579058 0.554859 0.001968 0.831942 107.377502
0.825741 0.029063 -0.563300 -96.811006 -0.025086 0.999576 0.014799 -0.581944 0.563491 0.001911 0.826120 107.836634
0.819677 0.029121 -0.572085 -97.092743 -0.024941 0.999574 0.015146 -0.584655 0.572283 0.001853 0.820054 108.286029
0.813355 0.029184 -0.581036 -97.374587 -0.024790 0.999572 0.015503 -0.587188 0.581240 0.001794 0.813730 108.725534
0.806760 0.029253 -0.590155 -97.656540 -0.024635 0.999571 0.015871 -0.589539 0.590365 0.001734 0.807134 109.154994
0.799878 0.029330 -0.599445 -97.938614 -0.024474 0.999568 0.016250 -0.591704 0.599663 0.001673 0.800251 109.574262
0.792693 0.029414 -0.608911 -98.220829 -0.024308 0.999566 0.016640 -0.593678 0.609136 0.001611 0.793064 109.983189
0.785189 0.029507 -0.618553 -98.503215 -0.024137 0.999563 0.017042 -0.595458 0.618786 0.001549 0.785558 110.381631
0.777348 0.029608 -0.628373 -98.785809 -0.023961 0.999560 0.017457 -0.597038 0.628614 0.001486 0.777716 110.769445
0.769154 0.029719 -0.638372 -99.068657 -0.023778 0.999557 0.017884 -0.598413 0.638621 0.001424 0.769520 111.146493
0.760589 0.029839 -0.648548 -99.351815 -0.023590 0.999554 0.018324 -0.599579 0.648805 0.001362 0.760953 111.512638
0.751633 0.029970 -0.658901 -99.635347 -0.023394 0.999550 0.018777 -0.600532 0.659167 0.001301 0.751996 111.867747
0.742268 0.030110 -0.669426 -99.919327 -0.023192 0.999546 0.019243 -0.601265 0.669702 0.001241 0.742629 112.211690
0.732474 0.030261 -0.680122 -100.203837 -0.022980 0.999541 0.019723 -0.601774 0.680407 0.001183 0.732834 112.544341
0.722232 0.030421 -0.690981 -100.488968 -0.022760 0.999537 0.020216 -0.602054 0.691276 0.001126 0.722590 112.865574
0.711521 0.030591 -0.701998 -100.774819 -0.022528 0.999531 0.020723 -0.602098 0.702303 0.001070 0.711877 113.175270
0.700321 0.030771 -0.713165 -101.061499 -0.022286 0.999526 0.021242 -0.601903 0.713480 0.001017 0.700675 113.473310
0.688611 0.030961 -0.724470 -101.349124 -0.022031 0.999520 0.021776 -0.601462 0.724797 0.000966 0.688962 113.759580
0.676370 0.031162 -0.735903 -101.637817 -0.021762 0.999514 0.022322 -0.600770 0.736240 0.000917 0.676719 114.033967
0.663579 0.031372 -0.747448 -101.927709 -0.021479 0.999507 0.022882 -0.599822 0.747798 0.000870 0.663926 114.296363
0.650218 0.031592 -0.759090 -102.218937 -0.021181 0.999500 0.023455 -0.598614 0.759452 0.000827 0.650563 114.546663
0.636269 0.031823 -0.770811 -102.511643 -0.020866 0.999493 0.024040 -0.597141 0.771185 0.000787 0.636611 114.784766
0.621714 0.032064 -0.782588 -102.805976 -0.020533 0.999486 0.024638 -0.595399 0.782976 0.000751 0.622052 115.010572
0.606535 0.032315 -0.794400 -103.102090 -0.020181 0.999477 0.025249 -0.593383 0.794800 0.000717 0.606870 115.223990
0.590720 0.032577 -0.806219 -103.400145 -0.019809 0.999469 0.025872 -0.591089 0.806634 0.000687 0.591051 115.424930
0.574254 0.032850 -0.818018 -103.700304 -0.019414 0.999460 0.026507 -0.588513 0.818447 0.000660 0.574582 115.613308
0.557128 0.033133 -0.829765 -104.002734 -0.018997 0.999451 0.027154 -0.585649 0.830209 0.000635 0.557452 115.789044
0.539335 0.033427 -0.841428 -104.307607 -0.018555 0.999441 0.027811 -0.582495 0.841887 0.000613 0.539653 115.952063
0.520868 0.033732 -0.852970 -104.615097 -0.018088 0.999431 0.028478 -0.579044 0.853445 0.000595 0.521182 116.102295
0.501729 0.034046 -0.864355 -104.925381 -0.017593 0.999420 0.029154 -0.575292 0.864846 0.000580 0.502037 116.239675
0.481918 0.034371 -0.875542 -105.238639 -0.017071 0.999409 0.029837 -0.571235 0.876050 0.000568 0.482220 116.364143
0.461445 0.034705 -0.886490 -105.555053 -0.016521 0.999397 0.030525 -0.566868 0.887015 0.000560 0.461740 116.475645
0.440319 0.035048 -0.897157 -105.874803 -0.015941 0.999385 0.031217 -0.562188 0.897700 0.000556 0.440607 116.574132
0.418559 0.035399 -0.907500 -106.198075 -0.015332 0.999373 0.031912 -0.557189 0.908060 0.000557 0.418839 116.659561
0.396185 0.035759 -0.917474 -106.525050 -0.014693 0.999360 0.032606 -0.551868 0.918053 0.000562 0.396457 116.731896
0.373224 0.036125 -0.927038 -106.855912 -0.014024 0.999347 0.033297 -0.546221 0.927635 0.000573 0.373487 116.791106
0.349710 0.036498 -0.936147 -107.190843 -0.013326 0.999334 0.033984 -0.540246 0.936763 0.000590 0.349963 116.837167
0.325680 0.036877 -0.944761 -107.530024 -0.012599 0.999320 0.034663 -0.533940 0.945396 0.000614 0.325923 116.870061
0.301176 0.037260 -0.952840 -107.873636 -0.011843 0.999305 0.035334 -0.527301 0.953495 0.000643 0.301408 116.889778
0.276246 0.037646 -0.960349 -108.221856 -0.011059 0.999291 0.035992 -0.520326 0.961023 0.000678 0.276466 116.896313
0.250942 0.038035 -0.967255 -108.574859 -0.010249 0.999276 0.036636 -0.513013 0.967948 0.000720 0.251150 116.889667
0.225320 0.038426 -0.973527 -108.932816 -0.009414 0.999261 0.037263 -0.505360 0.974239 0.000768 0.225515 116.869850
0.199439 0.038818 -0.979141 -109.295898 -0.008554 0.999246 0.037873 -0.497367 0.979873 0.000823 0.199620 116.836875
0.173361 0.039211 -0.984077 -109.664267 -0.007673 0.999231 0.038463 -0.489030 0.984828 0.000883 0.173529 116.790764
0.147151 0.039604 -0.988321 -110.038084 -0.006771 0.999215 0.039032 -0.480351 0.989091 0.000948 0.147304 116.731543
0.120874 0.039996 -0.991862 -110.417502 -0.005850 0.999199 0.039579 -0.471326 0.992651 0.001018 0.121011 116.659246
0.094595 0.040387 -0.994696 -110.802670 -0.004912 0.999184 0.040102 -0.461957 0.995504 0.001092 0.094716 116.573912
0.068381 0.040777 -0.996826 -111.193730 -0.003958 0.999168 0.040601 -0.452242 0.997651 0.001169 0.068485 116.475586
0.042296 0.041165 -0.998257 -111.590817 -0.002992 0.999152 0.041075 -0.442182 0.999101 0.001249 0.042383 116.364319
0.016402 0.041550 -0.999002 -111.994062 -0.002014 0.999136 0.041522 -0.431777 0.999863 0.001331 0.016471 116.240167
-0.009241 0.041932 -0.999078 -112.403584 -0.001028 0.999119 0.041943 -0.421030 0.999957 0.001415 -0.009190 116.103193
-0.034576 0.042310 -0.998506 -112.819497 -0.000036 0.999103 0.042336 -0.409940 0.999402 0.001499 -0.034543 115.953462
-0.059549 0.042683 -0.997312 -113.241906 0.000961 0.999087 0.042702 -0.398512 0.998225 0.001584 -0.059536 115.791050
-0.084111 0.043052 -0.995526 -113.670909 0.001960 0.999071 0.043040 -0.386746 0.996454 0.001669 -0.084118 115.616033
-0.108218 0.043415 -0.993179 -114.106594 0.002958 0.999056 0.043350 -0.374646 0.994123 0.001754 -0.108244 115.428498
-0.131828 0.043772 -0.990306 -114.549043 0.003953 0.999040 0.043632 -0.362215 0.991265 0.001837 -0.131874 115.228535
-0.154905 0.044123 -0.986944 -114.998325 0.004943 0.999024 0.043887 -0.349457 0.987917 0.001920 -0.154972 115.016241
-0.177419 0.044467 -0.983130 -115.454504 0.005926 0.999009 0.044115 -0.336375 0.984118 0.002001 -0.177506 114.791719
-0.199341 0.044803 -0.978905 -115.917633 0.006900 0.998994 0.044318 -0.322975 0.979906 0.002080 -0.199450 114.555079
-0.220651 0.045133 -0.974308 -116.387756 0.007863 0.998979 0.044495 -0.309260 0.975321 0.002157 -0.220781 114.306437
-0.241330 0.045455 -0.969378 -116.864909 0.008813 0.998964 0.044648 -0.295235 0.970403 0.002232 -0.241480 114.045914
-0.261363 0.045771 -0.964155 -117.349115 0.009749 0.998949 0.044780 -0.280905 0.965191 0.002304 -0.261535 113.773640
-0.280742 0.046080 -0.958676 -117.840391 0.010669 0.998935 0.044890 -0.266276 0.959724 0.002375 -0.280935 113.489749
-0.299459 0.046383 -0.952981 -118.338741 0.011571 0.998921 0.044982 -0.251353 0.954039 0.002443 -0.299672 113.194383
-0.317511 0.046680 -0.947105 -118.844162 0.012455 0.998907 0.045058 -0.236142 0.948173 0.002510 -0.317745 112.887690
-0.334897 0.046972 -0.941083 -119.356638 0.013319 0.998893 0.045118 -0.220647 0.942160 0.002576 -0.335152 112.569827
