0.999965 0.004962 0.006788 0.009162 -0.004963 0.999988 0.000138 -1.361636 -0.006787 -0.000172 0.999977 3.086787
0.999976 0.005025 0.004715 0.007455 -0.005025 0.999987 0.000103 -1.455168 -0.004715 -0.000127 0.999989 3.278417
0.999984 0.005091 0.002522 0.005264 -0.005091 0.999987 0.000071 -1.551909 -0.002522 -0.000084 0.999997 3.474291
0.999987 0.005160 0.000204 0.002526 -0.005160 0.999987 0.000041 -1.651892 -0.000204 -0.000042 1.000000 3.674363
0.999984 0.005233 -0.002243 -0.000826 -0.005233 0.999986 0.000015 -1.755149 0.002243 -0.000003 0.999997 3.878583
0.999974 0.005309 -0.004820 -0.004866 -0.005309 0.999986 -0.000007 -1.861707 0.004820 0.000033 0.999988 4.086901
0.999957 0.005389 -0.007532 -0.009674 -0.005389 0.999985 -0.000025 -1.971595 0.007532 0.000066 0.999972 4.299267
0.999931 0.005471 -0.010381 -0.015331 -0.005472 0.999985 -0.000039 -2.084836 0.010380 0.000096 0.999946 4.515630
0.999895 0.005557 -0.013368 -0.021930 -0.005558 0.999985 -0.000048 -2.201454 0.013368 0.000122 0.999911 4.735939
0.999848 0.005646 -0.016498 -0.029565 -0.005648 0.999984 -0.000052 -2.321469 0.016497 0.000145 0.999864 4.960142
0.999788 0.005738 -0.019771 -0.038339 -0.005740 0.999984 -0.000050 -2.444902 0.019771 0.000164 0.999805 5.188184
0.999714 0.005834 -0.023191 -0.048361 -0.005837 0.999983 -0.000043 -2.571768 0.023191 0.000178 0.999731 5.420011
0.999624 0.005933 -0.026760 -0.059746 -0.005936 0.999982 -0.000030 -2.702083 0.026760 0.000189 0.999642 5.655568
0.999517 0.006036 -0.030481 -0.072616 -0.006039 0.999982 -0.000010 -2.835860 0.030480 0.000194 0.999535 5.894800
0.999391 0.006142 -0.034355 -0.087099 -0.006145 0.999981 0.000017 -2.973110 0.034355 0.000194 0.999410 6.137649
0.999243 0.006252 -0.038386 -0.103334 -0.006255 0.999980 0.000052 -3.113842 0.038386 0.000188 0.999263 6.384058
0.999073 0.006365 -0.042577 -0.121461 -0.006367 0.999980 0.000094 -3.258062 0.042577 0.000177 0.999093 6.633968
0.998877 0.006482 -0.046930 -0.141632 -0.006482 0.999979 0.000145 -3.405778 0.046930 0.000159 0.998898 6.887319
0.998654 0.006602 -0.051447 -0.164004 -0.006600 0.999978 0.000205 -3.556990 0.051447 0.000135 0.998676 7.144051
0.998401 0.006726 -0.056132 -0.188743 -0.006721 0.999977 0.000274 -3.711701 0.056132 0.000104 0.998423 7.404102
0.998115 0.006852 -0.060987 -0.216022 -0.006844 0.999977 0.000353 -3.869910 0.060988 0.000065 0.998139 7.667410
0.997794 0.006982 -0.066015 -0.246020 -0.006969 0.999976 0.000441 -4.031614 0.066016 0.000020 0.997819 7.933910
0.997435 0.007116 -0.071219 -0.278926 -0.007096 0.999975 0.000538 -4.196810 0.071221 -0.000032 0.997461 8.203538
0.997035 0.007254 -0.076601 -0.314937 -0.007226 0.999974 0.000646 -4.365491 0.076603 -0.000091 0.997062 8.476227
0.996591 0.007396 -0.082164 -0.354256 -0.007358 0.999973 0.000765 -4.537649 0.082167 -0.000158 0.996619 8.751909
0.996100 0.007543 -0.087911 -0.397097 -0.007493 0.999972 0.000895 -4.713273 0.087915 -0.000233 0.996128 9.030514
0.995444 0.007725 -0.095034 -0.444229 -0.007662 0.999970 0.001025 -4.866605 0.095039 -0.000292 0.995473 9.244697
0.994701 0.007917 -0.102500 -0.495364 -0.007838 0.999969 0.001174 -5.021552 0.102506 -0.000364 0.994732 9.457628
0.993863 0.008119 -0.110322 -0.550738 -0.008020 0.999967 0.001341 -5.178020 0.110329 -0.000448 0.993895 9.669120
0.992918 0.008332 -0.118511 -0.610594 -0.008208 0.999965 0.001529 -5.335913 0.118520 -0.000546 0.992952 9.878997
0.991856 0.008556 -0.127080 -0.675182 -0.008404 0.999963 0.001738 -5.495130 0.127090 -0.000656 0.991891 10.087091
0.990664 0.008793 -0.136041 -0.744760 -0.008605 0.999961 0.001970 -5.655569 0.136053 -0.000781 0.990701 10.293239
0.989331 0.009043 -0.145406 -0.819588 -0.008813 0.999959 0.002224 -5.817124 0.145420 -0.000919 0.989370 10.497288
0.987841 0.009307 -0.155187 -0.899936 -0.009028 0.999956 0.002503 -5.979687 0.155203 -0.001072 0.987882 10.699088
0.986181 0.009585 -0.165394 -0.986078 -0.009248 0.999953 0.002807 -6.143146 0.165414 -0.001239 0.986224 10.898496
0.984333 0.009878 -0.176040 -1.078293 -0.009474 0.999950 0.003137 -6.307388 0.176063 -0.001420 0.984378 11.095373
0.982281 0.010188 -0.187136 -1.176864 -0.009706 0.999947 0.003493 -6.472295 0.187161 -0.001615 0.982328 11.289584
0.980006 0.010514 -0.198691 -1.282079 -0.009942 0.999943 0.003877 -6.637749 0.198720 -0.001824 0.980055 11.480997
0.977487 0.010859 -0.210715 -1.394228 -0.010184 0.999939 0.004289 -6.803628 0.210749 -0.002047 0.977538 11.669484
0.974704 0.011222 -0.223219 -1.513606 -0.010429 0.999934 0.004731 -6.969807 0.223258 -0.002283 0.974757 11.854920
0.971632 0.011604 -0.236211 -1.640509 -0.010677 0.999929 0.005202 -7.136163 0.236255 -0.002533 0.971688 12.037183
0.968249 0.012006 -0.249699 -1.775235 -0.010928 0.999924 0.005705 -7.302565 0.249749 -0.002795 0.968307 12.216152
0.964527 0.012430 -0.263691 -1.918085 -0.011180 0.999918 0.006239 -7.468885 0.263747 -0.003070 0.964587 12.391707
0.960439 0.012874 -0.278191 -2.069361 -0.011432 0.999911 0.006807 -7.634991 0.278254 -0.003357 0.960502 12.563729
0.955956 0.013342 -0.293206 -2.229364 -0.011683 0.999904 0.007407 -7.800750 0.293277 -0.003655 0.956021 12.732099
0.951046 0.013832 -0.308738 -2.398395 -0.011932 0.999896 0.008041 -7.966027 0.308817 -0.003964 0.951113 12.896698
0.945677 0.014347 -0.324790 -2.576755 -0.012178 0.999888 0.008710 -8.130686 0.324878 -0.004282 0.945746 13.057407
0.939815 0.014888 -0.341360 -2.764742 -0.012420 0.999879 0.009415 -8.294589 0.341459 -0.004608 0.939885 13.214104
0.933422 0.015456 -0.358447 -2.962653 -0.012657 0.999868 0.010155 -8.457597 0.358557 -0.004942 0.933495 13.366671
0.926462 0.016052 -0.376046 -3.170781 -0.012886 0.999857 0.010933 -8.619569 0.376168 -0.005283 0.926536 13.514984
0.918895 0.016678 -0.394149 -3.389414 -0.013108 0.999845 0.011747 -8.780363 0.394284 -0.005628 0.918971 13.658920
0.910682 0.017334 -0.412744 -3.618838 -0.013320 0.999832 0.012600 -8.939836 0.412893 -0.005977 0.910760 13.798354
0.901829 0.018019 -0.431717 -3.859323 -0.013520 0.999818 0.013488 -9.098288 0.431882 -0.006327 0.901908 13.934651
0.892310 0.018733 -0.451034 -4.111142 -0.013705 0.999802 0.014411 -9.255610 0.451214 -0.006678 0.892391 14.067779
0.882102 0.019476 -0.470655 -4.374562 -0.013874 0.999786 0.015369 -9.411694 0.470854 -0.007027 0.882183 14.197706
0.871184 0.020249 -0.490538 -4.649844 -0.014027 0.999768 0.016359 -9.566433 0.490756 -0.007371 0.871266 14.324401
0.859539 0.021052 -0.510636 -4.937240 -0.014160 0.999749 0.017381 -9.719719 0.510874 -0.007709 0.859621 14.447831
0.847154 0.021884 -0.530897 -5.236997 -0.014274 0.999728 0.018433 -9.871447 0.531156 -0.008037 0.847236 14.567966
0.834020 0.022746 -0.551265 -5.549353 -0.014367 0.999706 0.019512 -10.021510 0.551547 -0.008353 0.834102 14.684773
0.820136 0.023635 -0.571680 -5.874535 -0.014438 0.999683 0.020618 -10.169804 0.571987 -0.008655 0.820217 14.798225
0.805504 0.024552 -0.592082 -6.212764 -0.014485 0.999659 0.021747 -10.316224 0.592414 -0.008941 0.805584 14.908293
0.790133 0.025493 -0.612405 -6.564248 -0.014507 0.999633 0.022896 -10.460667 0.612764 -0.009206 0.790212 15.014950
0.774039 0.026458 -0.632584 -6.929186 -0.014504 0.999605 0.024062 -10.603030 0.632971 -0.009450 0.774118 15.118171
0.757246 0.027445 -0.652553 -7.307767 -0.014476 0.999577 0.025241 -10.743211 0.652970 -0.009668 0.757322 15.217930
0.739781 0.028450 -0.672246 -7.700169 -0.014422 0.999547 0.026431 -10.881108 0.672693 -0.009858 0.739856 15.314206
0.721683 0.029472 -0.691597 -8.106558 -0.014343 0.999515 0.027627 -11.016621 0.692076 -0.010018 0.721755 15.406976
0.702991 0.030509 -0.710544 -8.527088 -0.014241 0.999483 0.028826 -11.149652 0.711056 -0.010145 0.703062 15.496218
0.683757 0.031557 -0.729027 -8.961904 -0.014117 0.999450 0.030023 -11.280101 0.729573 -0.010237 0.683826 15.581914
0.664032 0.032614 -0.746992 -9.411134 -0.013972 0.999415 0.031215 -11.407872 0.747573 -0.010290 0.664100 15.664047
0.643877 0.033678 -0.764387 -9.874897 -0.013810 0.999380 0.032398 -11.532866 0.765004 -0.010305 0.643943 15.742600
0.623355 0.034745 -0.781167 -10.353296 -0.013631 0.999343 0.033571 -11.654988 0.781820 -0.010279 0.623419 15.817561
0.602532 0.035812 -0.797291 -10.846424 -0.013439 0.999306 0.034730 -11.774143 0.797982 -0.010212 0.602595 15.888917
0.581476 0.036878 -0.812727 -11.354356 -0.013235 0.999269 0.035873 -11.890236 0.813456 -0.010103 0.581539 15.956659
0.560260 0.037937 -0.827448 -11.877154 -0.013022 0.999231 0.036996 -12.003173 0.828215 -0.009952 0.560323 16.020782
0.538953 0.038987 -0.841433 -12.414865 -0.012802 0.999192 0.038097 -12.112861 0.842238 -0.009760 0.539017 16.081281
0.517628 0.040025 -0.854669 -12.967520 -0.012578 0.999153 0.039173 -12.219209 0.855513 -0.009527 0.517693 16.138157
0.496354 0.041046 -0.867149 -13.535136 -0.012353 0.999114 0.040221 -12.322127 0.868032 -0.009252 0.496421 16.191412
0.475198 0.042047 -0.878873 -14.117716 -0.012129 0.999076 0.041240 -12.421526 0.879795 -0.008937 0.475269 16.241054
0.454219 0.043027 -0.889850 -14.715248 -0.011910 0.999037 0.042227 -12.517326 0.890810 -0.008582 0.454294 16.287095
0.433470 0.043982 -0.900094 -15.327700 -0.011697 0.998999 0.043181 -12.609455 0.901092 -0.008190 0.433550 16.329545
0.413000 0.044911 -0.909623 -15.955031 -0.011494 0.998961 0.044103 -12.697848 0.910658 -0.007760 0.413087 16.368414
0.392856 0.045813 -0.918458 -16.597181 -0.011303 0.998923 0.044992 -12.782448 0.919531 -0.007294 0.392951 16.403711
0.373078 0.046686 -0.926625 -17.254079 -0.011127 0.998887 0.045847 -12.863202 0.927733 -0.006794 0.373182 16.435447
0.353703 0.047530 -0.934149 -17.925635 -0.010968 0.998850 0.046669 -12.940068 0.935293 -0.006261 0.353818 16.463633
0.334765 0.048344 -0.941061 -18.611751 -0.010828 0.998815 0.047459 -13.013008 0.942239 -0.005697 0.334892 16.488281
0.316292 0.049126 -0.947389 -19.312310 -0.010709 0.998780 0.048216 -13.081992 0.948601 -0.005104 0.316432 16.509408
0.298308 0.049877 -0.953165 -20.027185 -0.010613 0.998745 0.048941 -13.146994 0.954411 -0.004484 0.298463 16.527032
0.280834 0.050597 -0.958422 -20.756235 -0.010540 0.998712 0.049635 -13.207997 0.959698 -0.003838 0.281006 16.541175
0.263887 0.051285 -0.963189 -21.499307 -0.010492 0.998679 0.050300 -13.264987 0.964496 -0.003168 0.264077 16.551859
0.247480 0.051941 -0.967500 -22.256239 -0.010470 0.998647 0.050935 -13.317957 0.968836 -0.002476 0.247689 16.559113
0.231624 0.052567 -0.971384 -23.026855 -0.010475 0.998616 0.051543 -13.366905 0.972749 -0.001763 0.231854 16.562966
0.216326 0.053162 -0.974873 -23.810971 -0.010508 0.998585 0.052123 -13.411832 0.976265 -0.001031 0.216578 16.563452
0.201590 0.053728 -0.977995 -24.608392 -0.010570 0.998556 0.052679 -13.452746 0.979413 -0.000282 0.201866 16.560610
0.187418 0.054265 -0.980780 -25.418913 -0.010662 0.998526 0.053210 -13.489658 0.982222 0.000484 0.187720 16.554483
0.173811 0.054774 -0.983255 -26.242322 -0.010782 0.998498 0.053718 -13.522585 0.984720 0.001265 0.174141 16.545119
0.160766 0.055257 -0.985444 -27.078398 -0.010932 0.998470 0.054204 -13.551546 0.986932 0.002059 0.161124 16.532571
0.148280 0.055714 -0.987375 -27.926914 -0.011112 0.998443 0.054670 -13.576566 0.988883 0.002865 0.148668 16.516899
0.136346 0.056147 -0.989069 -28.787634 -0.011321 0.998416 0.055117 -13.597673 0.990597 0.003682 0.136765 16.498166
0.124957 0.056555 -0.990549 -29.660318 -0.011559 0.998389 0.055545 -13.614899 0.992095 0.004509 0.125409 16.476441
0.114105 0.056941 -0.991836 -30.544721 -0.011826 0.998363 0.055955 -13.628279 0.993398 0.005344 0.114591 16.451796
0.103779 0.057304 -0.992948 -31.440590 -0.012121 0.998338 0.056349 -13.637855 0.994527 0.006188 0.104301 16.424311
0.093968 0.057646 -0.993905 -32.347672 -0.012443 0.998312 0.056726 -13.643669 0.995497 0.007037 0.094527 16.394070
0.084660 0.057968 -0.994722 -33.265709 -0.012792 0.998287 0.057087 -13.645770 0.996328 0.007892 0.085256 16.361162
0.075840 0.058270 -0.995416 -34.194439 -0.013166 0.998263 0.057433 -13.644208 0.997033 0.008750 0.076476 16.325681
0.067496 0.058553 -0.996000 -35.133601 -0.013564 0.998238 0.057766 -13.639040 0.997627 0.009611 0.068171 16.287723
0.059611 0.058819 -0.996487 -36.082930 -0.013986 0.998214 0.058085 -13.630322 0.998124 0.010474 0.060327 16.247388
0.052171 0.059068 -0.996890 -37.042160 -0.014429 0.998190 0.058390 -13.618118 0.998534 0.011338 0.052929 16.204778
0.045159 0.059302 -0.997218 -38.011024 -0.014892 0.998166 0.058683 -13.602492 0.998869 0.012201 0.045959 16.159996
0.038560 0.059519 -0.997482 -38.989256 -0.015375 0.998142 0.058964 -13.583512 0.999138 0.013063 0.039403 16.113144
0.032357 0.059722 -0.997691 -39.976590 -0.015877 0.998118 0.059232 -13.561252 0.999350 0.013924 0.033244 16.064327
0.026534 0.059911 -0.997851 -40.972761 -0.016396 0.998094 0.059489 -13.535784 0.999513 0.014782 0.027466 16.013649
0.021076 0.060087 -0.997971 -41.977505 -0.016932 0.998071 0.059736 -13.507189 0.999634 0.015639 0.022053 15.961213
0.015969 0.060252 -0.998055 -42.990561 -0.017484 0.998047 0.059972 -13.475546 0.999720 0.016492 0.016991 15.907123
0.011197 0.060406 -0.998111 -44.011667 -0.018050 0.998023 0.060199 -13.440941 0.999774 0.017342 0.012265 15.851482
0.006747 0.060550 -0.998142 -45.040563 -0.018629 0.997999 0.060416 -13.403459 0.999804 0.018187 0.007861 15.794396
0.002605 0.060685 -0.998154 -46.076992 -0.019221 0.997976 0.060624 -13.363191 0.999812 0.019027 0.003766 15.735967
-0.001240 0.060811 -0.998149 -47.120698 -0.019823 0.997952 0.060824 -13.320229 0.999803 0.019861 -0.000032 15.676302
-0.004801 0.060929 -0.998131 -48.171429 -0.020433 0.997928 0.061015 -13.274669 0.999780 0.020688 -0.003546 15.615503
-0.008090 0.061040 -0.998103 -49.228936 -0.021051 0.997904 0.061198 -13.226608 0.999746 0.021506 -0.006788 15.553673
-0.011117 0.061143 -0.998067 -50.292973 -0.021675 0.997880 0.061373 -13.176147 0.999703 0.022316 -0.009768 15.490913
-0.013893 0.061238 -0.998027 -51.363298 -0.022305 0.997855 0.061538 -13.123388 0.999655 0.023116 -0.012497 15.427322
-0.016428 0.061326 -0.997983 -52.439675 -0.022938 0.997831 0.061694 -13.068435 0.999602 0.023906 -0.014986 15.363000
-0.018734 0.061406 -0.997937 -53.521871 -0.023575 0.997808 0.061841 -13.011398 0.999547 0.024685 -0.017245 15.298043
-0.020819 0.061480 -0.997891 -54.609662 -0.024215 0.997784 0.061978 -12.952386 0.999490 0.025454 -0.019284 15.232546
-0.022695 0.061547 -0.997846 -55.702828 -0.024857 0.997760 0.062107 -12.891512 0.999433 0.026213 -0.021114 15.166603
-0.024370 0.061609 -0.997803 -56.801157 -0.025499 0.997736 0.062228 -12.828891 0.999378 0.026960 -0.022743 15.100308
-0.025853 0.061666 -0.997762 -57.904443 -0.026142 0.997712 0.062341 -12.764637 0.999324 0.027695 -0.024182 15.033751
-0.027156 0.061720 -0.997724 -59.012484 -0.026784 0.997689 0.062447 -12.698870 0.999272 0.028419 -0.025440 14.967020
-0.028286 0.061771 -0.997689 -60.125085 -0.027424 0.997665 0.062547 -12.631702 0.999224 0.029130 -0.026525 14.900201
-0.029252 0.061819 -0.997659 -61.242062 -0.028063 0.997642 0.062641 -12.563241 0.999178 0.029829 -0.027448 14.833379
-0.030065 0.061865 -0.997632 -62.363233 -0.028697 0.997618 0.062729 -12.493587 0.999136 0.030515 -0.028218 14.766635
-0.030732 0.061908 -0.997609 -63.488426 -0.029328 0.997594 0.062810 -12.422837 0.999097 0.031188 -0.028842 14.700048
-0.031264 0.061948 -0.997590 -64.617476 -0.029954 0.997571 0.062886 -12.351083 0.999062 0.031848 -0.029332 14.633693
-0.031669 0.061987 -0.997574 -65.750224 -0.030574 0.997548 0.062956 -12.278410 0.999031 0.032493 -0.029696 14.567644
-0.031956 0.062024 -0.997563 -66.886520 -0.031187 0.997525 0.063021 -12.204899 0.999003 0.033125 -0.029943 14.501969
-0.032135 0.062060 -0.997555 -68.026220 -0.031794 0.997502 0.063080 -12.130626 0.998978 0.033743 -0.030082 14.436732
-0.032215 0.062094 -0.997550 -69.169188 -0.032392 0.997479 0.063135 -12.055665 0.998956 0.034347 -0.030122 14.371995
-0.032204 0.062127 -0.997549 -70.315295 -0.032983 0.997457 0.063186 -11.980081 0.998937 0.034937 -0.030073 14.307814
-0.032111 0.062159 -0.997550 -71.464420 -0.033565 0.997434 0.063232 -11.903940 0.998921 0.035513 -0.029942 14.244244
-0.031945 0.062190 -0.997553 -72.616447 -0.034138 0.997412 0.063274 -11.827302 0.998906 0.036076 -0.029739 14.181334
-0.031714 0.062220 -0.997558 -73.771266 -0.034702 0.997390 0.063313 -11.750225 0.998894 0.036626 -0.029472 14.119129
-0.031426 0.062250 -0.997566 -74.928773 -0.035257 0.997368 0.063349 -11.672761 0.998884 0.037162 -0.029148 14.057673
-0.031088 0.062280 -0.997574 -76.088870 -0.035801 0.997347 0.063382 -11.594963 0.998875 0.037685 -0.028776 13.997001
-0.030709 0.062310 -0.997584 -77.251464 -0.036336 0.997326 0.063412 -11.516879 0.998868 0.038196 -0.028363 13.937146
-0.030295 0.062338 -0.997595 -78.416468 -0.036861 0.997305 0.063439 -11.438555 0.998861 0.038695 -0.027915 13.878136
-0.029853 0.062366 -0.997607 -79.583800 -0.037377 0.997284 0.063464 -11.360033 0.998855 0.039182 -0.027441 13.819994
-0.029389 0.062393 -0.997619 -80.753382 -0.037882 0.997263 0.063487 -11.281354 0.998850 0.039658 -0.026945 13.762739
-0.028910 0.062419 -0.997631 -81.925141 -0.038377 0.997243 0.063507 -11.202558 0.998845 0.040122 -0.026435 13.706384
-0.028421 0.062444 -0.997644 -83.099007 -0.038862 0.997223 0.063524 -11.123681 0.998840 0.040576 -0.025915 13.650941
-0.027927 0.062468 -0.997656 -84.274915 -0.039336 0.997204 0.063541 -11.044756 0.998836 0.041018 -0.025391 13.596416
-0.027431 0.062492 -0.997668 -85.452804 -0.039800 0.997184 0.063556 -10.965815 0.998831 0.041450 -0.024867 13.542810
-0.026940 0.062515 -0.997680 -86.632616 -0.040254 0.997165 0.063570 -10.886888 0.998826 0.041873 -0.024347 13.490120
-0.026455 0.062538 -0.997692 -87.814293 -0.040698 0.997146 0.063583 -10.807999 0.998821 0.042286 -0.023834 13.438340
-0.025979 0.062562 -0.997703 -88.997783 -0.041134 0.997128 0.063597 -10.729174 0.998816 0.042691 -0.023331 13.387460
-0.025515 0.062585 -0.997713 -90.183035 -0.041561 0.997109 0.063610 -10.650433 0.998810 0.043089 -0.022840 13.337466
-0.025064 0.062608 -0.997723 -91.369997 -0.041980 0.997091 0.063623 -10.571798 0.998804 0.043480 -0.022363 13.288343
-0.024628 0.062632 -0.997733 -92.558620 -0.042393 0.997072 0.063637 -10.493285 0.998797 0.043864 -0.021901 13.240073
-0.024207 0.062656 -0.997742 -93.748858 -0.042799 0.997054 0.063651 -10.414911 0.998790 0.044243 -0.021454 13.192639
-0.023803 0.062681 -0.997750 -94.940660 -0.043198 0.997036 0.063667 -10.336689 0.998783 0.044617 -0.021024 13.146020
-0.023414 0.062708 -0.997757 -96.133979 -0.043592 0.997018 0.063685 -10.258629 0.998775 0.044986 -0.020610 13.100195
-0.023041 0.062736 -0.997764 -97.328764 -0.043981 0.996999 0.063704 -10.180742 0.998767 0.045351 -0.020213 13.055144
-0.022684 0.062765 -0.997771 -98.524963 -0.044365 0.996981 0.063724 -10.103035 0.998758 0.045711 -0.019831 13.010846
-0.022342 0.062795 -0.997776 -99.722524 -0.044743 0.996963 0.063746 -10.025514 0.998749 0.046068 -0.019464 12.967280
-0.022015 0.062827 -0.997782 -100.921396 -0.045116 0.996944 0.063769 -9.948183 0.998739 0.046420 -0.019113 12.924424
-0.021702 0.062859 -0.997786 -102.121523 -0.045484 0.996926 0.063794 -9.871044 0.998729 0.046767 -0.018777 12.882255
-0.021404 0.062892 -0.997791 -103.322852 -0.045847 0.996908 0.063820 -9.794098 0.998719 0.047111 -0.018455 12.840750
-0.021120 0.062927 -0.997795 -104.525328 -0.046205 0.996889 0.063848 -9.717343 0.998709 0.047451 -0.018147 12.799886
-0.020850 0.062963 -0.997798 -105.728894 -0.046559 0.996871 0.063877 -9.640776 0.998698 0.047788 -0.017854 12.759639
-0.020594 0.062999 -0.997801 -106.933492 -0.046908 0.996853 0.063908 -9.564395 0.998687 0.048121 -0.017574 12.719987
-0.020351 0.063037 -0.997804 -108.139064 -0.047254 0.996834 0.063939 -9.488194 0.998676 0.048451 -0.017308 12.680910
-0.020122 0.063075 -0.997806 -109.345546 -0.047595 0.996816 0.063972 -9.412169 0.998664 0.048778 -0.017056 12.642388
-0.019906 0.063114 -0.997808 -110.552876 -0.047933 0.996798 0.064007 -9.336313 0.998652 0.049102 -0.016817 12.604400
-0.019703 0.063155 -0.997809 -111.760987 -0.048266 0.996779 0.064042 -9.260620 0.998640 0.049422 -0.016591 12.566929
-0.019513 0.063196 -0.997810 -112.969811 -0.048595 0.996761 0.064079 -9.185080 0.998628 0.049739 -0.016378 12.529957
-0.019335 0.063237 -0.997811 -114.179276 -0.048919 0.996743 0.064118 -9.109685 0.998616 0.050052 -0.016179 12.493464
-0.019170 0.063279 -0.997812 -115.389307 -0.049240 0.996724 0.064156 -9.034423 0.998603 0.050362 -0.015991 12.457434
-0.019017 0.063321 -0.997812 -116.599828 -0.049556 0.996706 0.064195 -8.959285 0.998590 0.050668 -0.015817 12.421848
-0.018877 0.063362 -0.997812 -117.810761 -0.049867 0.996688 0.064234 -8.884259 0.998577 0.050971 -0.015655 12.386690
-0.018748 0.063403 -0.997812 -119.022026 -0.050174 0.996670 0.064273 -8.809334 0.998564 0.051270 -0.015504 12.351943
-0.018631 0.063443 -0.997812 -120.233539 -0.050477 0.996652 0.064312 -8.734503 0.998551 0.051565 -0.015366 12.317591
-0.018525 0.063482 -0.997811 -121.445215 -0.050775 0.996635 0.064350 -8.659757 0.998538 0.051856 -0.015239 12.283619
-0.018429 0.063521 -0.997810 -122.656966 -0.051069 0.996617 0.064388 -8.585092 0.998525 0.052144 -0.015123 12.250009
-0.018345 0.063559 -0.997809 -123.868703 -0.051358 0.996600 0.064426 -8.510504 0.998512 0.052427 -0.015018 12.216746
-0.018269 0.063597 -0.997808 -125.080331 -0.051643 0.996583 0.064464 -8.435988 0.998499 0.052707 -0.014923 12.183815
-0.018203 0.063633 -0.997807 -126.291755 -0.051923 0.996566 0.064501 -8.361545 0.998485 0.052984 -0.014837 12.151203
-0.018146 0.063669 -0.997806 -127.502877 -0.052200 0.996549 0.064538 -8.287173 0.998472 0.053256 -0.014760 12.118894
-0.018096 0.063703 -0.997805 -128.713596 -0.052472 0.996532 0.064574 -8.212874 0.998458 0.053525 -0.014691 12.086876
-0.018054 0.063737 -0.997803 -129.923807 -0.052739 0.996516 0.064609 -8.138649 0.998445 0.053790 -0.014629 12.055137
-0.018017 0.063770 -0.997802 -131.133406 -0.053003 0.996500 0.064644 -8.064499 0.998432 0.054051 -0.014574 12.023666
-0.017987 0.063802 -0.997800 -132.342284 -0.053262 0.996484 0.064678 -7.990430 0.998419 0.054308 -0.014525 11.992452
-0.017961 0.063832 -0.997799 -133.550331 -0.053516 0.996468 0.064710 -7.916443 0.998405 0.054561 -0.014481 11.961487
-0.017939 0.063860 -0.997798 -134.757435 -0.053765 0.996453 0.064741 -7.842544 0.998392 0.054808 -0.014442 11.930762
-0.017920 0.063887 -0.997796 -135.963484 -0.054009 0.996438 0.064770 -7.768737 0.998380 0.055051 -0.014406 11.900271
-0.017904 0.063912 -0.997795 -137.168362 -0.054248 0.996423 0.064798 -7.695030 0.998367 0.055288 -0.014373 11.870008
-0.017889 0.063936 -0.997794 -138.371952 -0.054480 0.996408 0.064824 -7.621426 0.998355 0.055520 -0.014341 11.839972
-0.017875 0.063959 -0.997792 -139.574136 -0.054707 0.996394 0.064849 -7.547933 0.998342 0.055745 -0.014312 11.810157
-0.017861 0.063981 -0.997791 -140.774796 -0.054927 0.996381 0.064873 -7.474556 0.998331 0.055965 -0.014282 11.780563
-0.017846 0.064001 -0.997790 -141.973811 -0.055143 0.996367 0.064896 -7.401301 0.998319 0.056179 -0.014252 11.751189
-0.017830 0.064021 -0.997789 -143.171060 -0.055353 0.996354 0.064918 -7.328175 0.998308 0.056388 -0.014221 11.722032
-0.017811 0.064040 -0.997788 -144.366422 -0.055557 0.996341 0.064939 -7.255183 0.998297 0.056591 -0.014188 11.693095
-0.017790 0.064057 -0.997788 -145.559774 -0.055757 0.996329 0.064957 -7.182334 0.998286 0.056789 -0.014153 11.664377
-0.017765 0.064073 -0.997787 -146.750995 -0.055951 0.996317 0.064974 -7.109634 0.998275 0.056981 -0.014115 11.635881
-0.017737 0.064087 -0.997787 -147.939963 -0.056140 0.996306 0.064989 -7.037093 0.998265 0.057168 -0.014074 11.607610
-0.017704 0.064099 -0.997786 -149.126556 -0.056323 0.996294 0.065002 -6.964719 0.998256 0.057349 -0.014029 11.579569
-0.017668 0.064109 -0.997786 -150.310655 -0.056500 0.996284 0.065013 -6.892520 0.998246 0.057523 -0.013980 11.551760
-0.017626 0.064118 -0.997787 -151.492145 -0.056671 0.996273 0.065022 -6.820508 0.998237 0.057691 -0.013927 11.524191
-0.017580 0.064124 -0.997787 -152.670911 -0.056835 0.996264 0.065027 -6.748689 0.998229 0.057853 -0.013870 11.496866
-0.017530 0.064128 -0.997788 -153.846845 -0.056993 0.996254 0.065030 -6.677075 0.998221 0.058007 -0.013809 11.469791
-0.017475 0.064128 -0.997789 -155.019842 -0.057144 0.996246 0.065030 -6.605675 0.998213 0.058155 -0.013745 11.442973
-0.017416 0.064126 -0.997790 -156.189805 -0.057289 0.996238 0.065026 -6.534499 0.998206 0.058295 -0.013676 11.416417
-0.017352 0.064120 -0.997791 -157.356642 -0.057427 0.996230 0.065018 -6.463556 0.998199 0.058428 -0.013604 11.390129
-0.017285 0.064110 -0.997793 -158.520271 -0.057558 0.996224 0.065006 -6.392857 0.998193 0.058555 -0.013529 11.364114
-0.017214 0.064096 -0.997795 -159.680616 -0.057683 0.996217 0.064990 -6.322413 0.998187 0.058674 -0.013452 11.338377
-0.017140 0.064079 -0.997798 -160.837608 -0.057802 0.996212 0.064970 -6.252231 0.998181 0.058788 -0.013371 11.312923
-0.017063 0.064057 -0.997800 -161.991189 -0.057915 0.996207 0.064945 -6.182323 0.998176 0.058895 -0.013289 11.287757
-0.016983 0.064030 -0.997803 -163.141305 -0.058022 0.996203 0.064915 -6.112697 0.998171 0.058997 -0.013204 11.262882
-0.016901 0.064000 -0.997807 -164.287914 -0.058124 0.996199 0.064881 -6.043364 0.998166 0.059093 -0.013117 11.238304
-0.016816 0.063965 -0.997810 -165.430980 -0.058220 0.996196 0.064842 -5.974332 0.998162 0.059183 -0.013028 11.214026
-0.016728 0.063926 -0.997814 -166.570476 -0.058310 0.996193 0.064799 -5.905610 0.998158 0.059267 -0.012937 11.190053
-0.016638 0.063883 -0.997819 -167.706385 -0.058396 0.996191 0.064752 -5.837206 0.998155 0.059346 -0.012844 11.166387
-0.016544 0.063836 -0.997823 -168.838696 -0.058476 0.996190 0.064701 -5.769125 0.998152 0.059419 -0.012748 11.143028
-0.016449 0.063786 -0.997828 -169.967411 -0.058551 0.996189 0.064646 -5.701375 0.998149 0.059487 -0.012651 11.119979
-0.016350 0.063731 -0.997833 -171.092537 -0.058622 0.996189 0.064587 -5.633962 0.998146 0.059550 -0.012552 11.097240
-0.016249 0.063674 -0.997838 -172.214093 -0.058687 0.996189 0.064524 -5.566889 0.998144 0.059609 -0.012450 11.074811
-0.016144 0.063612 -0.997844 -173.332105 -0.058748 0.996190 0.064458 -5.500162 0.998142 0.059662 -0.012346 11.052693
-0.016037 0.063548 -0.997850 -174.446609 -0.058805 0.996191 0.064388 -5.433785 0.998141 0.059711 -0.012239 11.030885
-0.015928 0.063482 -0.997856 -175.557650 -0.058857 0.996192 0.064315 -5.367760 0.998139 0.059755 -0.012131 11.009388
-0.015815 0.063413 -0.997862 -176.665278 -0.058905 0.996194 0.064240 -5.302090 0.998138 0.059795 -0.012019 10.988199
-0.015699 0.063342 -0.997868 -177.769555 -0.058948 0.996197 0.064163 -5.236776 0.998138 0.059830 -0.011906 10.967317
-0.015581 0.063269 -0.997875 -178.870548 -0.058988 0.996200 0.064083 -5.171819 0.998137 0.059861 -0.011790 10.946742
-0.015460 0.063194 -0.997882 -179.968334 -0.059023 0.996203 0.064002 -5.107221 0.998137 0.059888 -0.011671 10.926472
-0.015336 0.063117 -0.997888 -181.062995 -0.059055 0.996206 0.063919 -5.042980 0.998137 0.059911 -0.011551 10.906505
-0.015210 0.063040 -0.997895 -182.154623 -0.059083 0.996210 0.063834 -4.979098 0.998137 0.059929 -0.011428 10.886840
-0.015081 0.062962 -0.997902 -183.243317 -0.059107 0.996214 0.063748 -4.915573 0.998138 0.059944 -0.011303 10.867473
-0.014950 0.062882 -0.997909 -184.329183 -0.059127 0.996218 0.063662 -4.852406 0.998139 0.059955 -0.011175 10.848403
-0.014817 0.062803 -0.997916 -185.412331 -0.059142 0.996223 0.063574 -4.789593 0.998140 0.059961 -0.011046 10.829626
-0.014681 0.062723 -0.997923 -186.492882 -0.059154 0.996228 0.063486 -4.727136 0.998141 0.059963 -0.010916 10.811136
-0.014545 0.062642 -0.997930 -187.570958 -0.059161 0.996233 0.063398 -4.665031 0.998142 0.059961 -0.010784 10.792928
-0.014407 0.062562 -0.997937 -188.646692 -0.059164 0.996239 0.063310 -4.603279 0.998144 0.059954 -0.010651 10.774994
-0.014268 0.062482 -0.997944 -189.720219 -0.059162 0.996244 0.063222 -4.541878 0.998146 0.059943 -0.010517 10.757326
-0.014128 0.062403 -0.997951 -190.791680 -0.059157 0.996250 0.063134 -4.480824 0.998149 0.059927 -0.010383 10.739914
-0.013988 0.062324 -0.997958 -191.861220 -0.059147 0.996256 0.063047 -4.420116 0.998151 0.059908 -0.010250 10.722747
-0.013849 0.062246 -0.997965 -192.928991 -0.059133 0.996263 0.062960 -4.359749 0.998154 0.059885 -0.010116 10.705810
-0.013711 0.062169 -0.997971 -193.995147 -0.059116 0.996269 0.062875 -4.299719 0.998157 0.059859 -0.009984 10.689091
-0.013574 0.062092 -0.997978 -195.059851 -0.059096 0.996276 0.062790 -4.240022 0.998160 0.059829 -0.009854 10.672574
-0.013439 0.062016 -0.997985 -196.123267 -0.059071 0.996282 0.062706 -4.180653 0.998163 0.059795 -0.009726 10.656244
-0.013307 0.061941 -0.997991 -197.185566 -0.059043 0.996289 0.062622 -4.121609 0.998167 0.059758 -0.009601 10.640086
-0.013179 0.061865 -0.997997 -198.246920 -0.059010 0.996296 0.062539 -4.062883 0.998170 0.059716 -0.009480 10.624084
-0.013055 0.061790 -0.998004 -199.307506 -0.058972 0.996304 0.062457 -4.004469 0.998174 0.059669 -0.009363 10.608223
-0.012936 0.061716 -0.998010 -200.367507 -0.058929 0.996312 0.062375 -3.946362 0.998178 0.059618 -0.009251 10.592488
-0.012822 0.061643 -0.998016 -201.427106 -0.058880 0.996319 0.062294 -3.888554 0.998183 0.059562 -0.009145 10.576862
-0.012714 0.061570 -0.998022 -202.486492 -0.058827 0.996328 0.062215 -3.831036 0.998187 0.059501 -0.009046 10.561330
-0.012613 0.061499 -0.998027 -203.545855 -0.058767 0.996336 0.062137 -3.773799 0.998192 0.059435 -0.008953 10.545877
-0.012519 0.061429 -0.998033 -204.605385 -0.058703 0.996345 0.062061 -3.716833 0.998197 0.059364 -0.008867 10.530486
-0.012432 0.061360 -0.998038 -205.665275 -0.058632 0.996353 0.061987 -3.660127 0.998202 0.059288 -0.008789 10.515141
-0.012353 0.061293 -0.998043 -206.725716 -0.058555 0.996362 0.061915 -3.603668 0.998208 0.059206 -0.008719 10.499826
-0.012282 0.061228 -0.998048 -207.786899 -0.058473 0.996372 0.061844 -3.547445 0.998213 0.059118 -0.008657 10.484523
-0.012219 0.061164 -0.998053 -208.849013 -0.058384 0.996381 0.061776 -3.491445 0.998219 0.059025 -0.008604 10.469215
-0.012165 0.061102 -0.998057 -209.912242 -0.058289 0.996391 0.061711 -3.435654 0.998226 0.058926 -0.008559 10.453884
-0.012120 0.061043 -0.998062 -210.976769 -0.058187 0.996400 0.061648 -3.380059 0.998232 0.058821 -0.008524 10.438513
-0.012084 0.060986 -0.998065 -212.042772 -0.058077 0.996410 0.061588 -3.324644 0.998239 0.058709 -0.008498 10.423083
-0.012056 0.060933 -0.998069 -213.110422 -0.057961 0.996421 0.061532 -3.269396 0.998246 0.058591 -0.008482 10.407578
-0.012038 0.060883 -0.998072 -214.179884 -0.057838 0.996431 0.061480 -3.214298 0.998253 0.058466 -0.008474 10.391977
-0.012030 0.060837 -0.998075 -215.251318 -0.057707 0.996442 0.061433 -3.159337 0.998261 0.058335 -0.008476 10.376265
-0.012030 0.060795 -0.998078 -216.324876 -0.057570 0.996452 0.061390 -3.104494 0.998269 0.058198 -0.008488 10.360422
-0.012040 0.060757 -0.998080 -217.400704 -0.057426 0.996463 0.061351 -3.049757 0.998277 0.058054 -0.008509 10.344430
-0.012060 0.060723 -0.998082 -218.478940 -0.057276 0.996474 0.061317 -2.995108 0.998286 0.057905 -0.008540 10.328271
-0.012090 0.060694 -0.998083 -219.559716 -0.057119 0.996484 0.061288 -2.940533 0.998294 0.057751 -0.008581 10.311927
-0.012131 0.060668 -0.998084 -220.643156 -0.056957 0.996495 0.061264 -2.886016 0.998303 0.057592 -0.008633 10.295378
-0.012181 0.060647 -0.998085 -221.729375 -0.056790 0.996506 0.061244 -2.831543 0.998312 0.057427 -0.008695 10.278606
-0.012243 0.060631 -0.998085 -222.818484 -0.056618 0.996517 0.061230 -2.777100 0.998321 0.057259 -0.008767 10.261594
-0.012315 0.060619 -0.998085 -223.910581 -0.056440 0.996527 0.061221 -2.722674 0.998330 0.057086 -0.008851 10.244324
-0.012399 0.060611 -0.998084 -225.005760 -0.056258 0.996538 0.061216 -2.668251 0.998339 0.056909 -0.008946 10.226778
-0.012494 0.060609 -0.998083 -226.104103 -0.056071 0.996548 0.061217 -2.613819 0.998349 0.056728 -0.009052 10.208938
-0.012600 0.060610 -0.998082 -227.205686 -0.055880 0.996559 0.061223 -2.559367 0.998358 0.056544 -0.009169 10.190788
-0.012717 0.060617 -0.998080 -228.310578 -0.055685 0.996569 0.061234 -2.504883 0.998367 0.056357 -0.009298 10.172312
-0.012845 0.060627 -0.998078 -229.418837 -0.055486 0.996579 0.061250 -2.450357 0.998377 0.056166 -0.009437 10.153494
-0.012985 0.060641 -0.998075 -230.530516 -0.055283 0.996589 0.061270 -2.395779 0.998386 0.055972 -0.009588 10.134321
-0.013135 0.060659 -0.998072 -231.645657 -0.055077 0.996599 0.061294 -2.341140 0.998396 0.055776 -0.009749 10.114778
-0.013296 0.060680 -0.998069 -232.764298 -0.054867 0.996609 0.061322 -2.286431 0.998405 0.055576 -0.009922 10.094851
-0.013468 0.060705 -0.998065 -233.886468 -0.054653 0.996619 0.061354 -2.231644 0.998415 0.055374 -0.010105 10.074527
-0.013651 0.060733 -0.998061 -235.012186 -0.054436 0.996628 0.061390 -2.176772 0.998424 0.055169 -0.010299 10.053794
-0.013844 0.060764 -0.998056 -236.141468 -0.054216 0.996638 0.061430 -2.121805 0.998433 0.054961 -0.010503 10.032640
-0.014047 0.060798 -0.998051 -237.274320 -0.053992 0.996647 0.061473 -2.066737 0.998443 0.054751 -0.010717 10.011052
-0.014260 0.060835 -0.998046 -238.410743 -0.053766 0.996657 0.061518 -2.011559 0.998452 0.054539 -0.010941 9.989020
-0.014482 0.060874 -0.998040 -239.550731 -0.053538 0.996666 0.061567 -1.956262 0.998461 0.054325 -0.011175 9.966534
-0.014714 0.060916 -0.998034 -240.694273 -0.053308 0.996675 0.061619 -1.900839 0.998470 0.054110 -0.011418 9.943586
-0.014955 0.060960 -0.998028 -241.841351 -0.053077 0.996684 0.061673 -1.845281 0.998478 0.053895 -0.011670 9.920168
-0.015204 0.061006 -0.998022 -242.991944 -0.052845 0.996693 0.061730 -1.789579 0.998487 0.053679 -0.011930 9.896276
-0.015462 0.061054 -0.998015 -244.146023 -0.052613 0.996702 0.061789 -1.733724 0.998495 0.053464 -0.012199 9.871906
-0.015727 0.061104 -0.998007 -245.303557 -0.052382 0.996710 0.061850 -1.677709 0.998503 0.053250 -0.012474 9.847054
-0.015998 0.061157 -0.998000 -246.464510 -0.052151 0.996718 0.061914 -1.621525 0.998511 0.053037 -0.012756 9.821721
-0.016276 0.061210 -0.997992 -247.628839 -0.051921 0.996726 0.061980 -1.565165 0.998519 0.052826 -0.013045 9.795909
-0.016559 0.061266 -0.997984 -248.796500 -0.051693 0.996734 0.062047 -1.508623 0.998526 0.052616 -0.013338 9.769621
-0.016847 0.061322 -0.997976 -249.967440 -0.051466 0.996741 0.062115 -1.451892 0.998533 0.052408 -0.013636 9.742861
-0.017139 0.061381 -0.997967 -251.141606 -0.051242 0.996748 0.062186 -1.394966 0.998539 0.052203 -0.013938 9.715633
-0.017433 0.061441 -0.997958 -252.318939 -0.051020 0.996755 0.062258 -1.337840 0.998545 0.052002 -0.014242 9.687944
-0.017730 0.061503 -0.997949 -253.499375 -0.050803 0.996762 0.062333 -1.280510 0.998551 0.051804 -0.014548 9.659798
-0.018028 0.061567 -0.997940 -254.682846 -0.050591 0.996768 0.062409 -1.222973 0.998557 0.051612 -0.014855 9.631202
-0.018326 0.061633 -0.997931 -255.869282 -0.050383 0.996773 0.062487 -1.165225 0.998562 0.051424 -0.015162 9.602162
-0.018624 0.061701 -0.997921 -257.058605 -0.050182 0.996778 0.062567 -1.107265 0.998566 0.051243 -0.015468 9.572685
-0.018921 0.061769 -0.997911 -258.250738 -0.049987 0.996783 0.062647 -1.049094 0.998571 0.051068 -0.015772 9.542778
-0.019216 0.061839 -0.997901 -259.445596 -0.049799 0.996787 0.062729 -0.990712 0.998574 0.050899 -0.016074 9.512447
-0.019508 0.061911 -0.997891 -260.643096 -0.049618 0.996791 0.062812 -0.932121 0.998578 0.050739 -0.016373 9.481701
-0.019797 0.061983 -0.997881 -261.843149 -0.049446 0.996794 0.062896 -0.873323 0.998581 0.050586 -0.016669 9.450548
-0.020082 0.062056 -0.997871 -263.045665 -0.049282 0.996797 0.062981 -0.814323 0.998583 0.050442 -0.016959 9.418997
-0.020362 0.062131 -0.997860 -264.250551 -0.049128 0.996799 0.063068 -0.755125 0.998585 0.050307 -0.017245 9.387058
-0.020638 0.062207 -0.997850 -265.457715 -0.048984 0.996801 0.063155 -0.695734 0.998586 0.050182 -0.017525 9.354741
-0.020907 0.062285 -0.997839 -266.667059 -0.048850 0.996802 0.063243 -0.636157 0.998587 0.050067 -0.017798 9.322057
-0.021171 0.062363 -0.997829 -267.878486 -0.048728 0.996802 0.063333 -0.576402 0.998588 0.049963 -0.018064 9.289019
-0.021428 0.062443 -0.997819 -269.091898 -0.048618 0.996802 0.063423 -0.516476 0.998588 0.049871 -0.018323 9.255638
-0.021677 0.062522 -0.997808 -270.307196 -0.048521 0.996801 0.063513 -0.456390 0.998587 0.049792 -0.018574 9.221927
-0.021919 0.062603 -0.997798 -271.524280 -0.048437 0.996799 0.063604 -0.396155 0.998586 0.049724 -0.018817 9.187900
-0.022154 0.062683 -0.997788 -272.743052 -0.048365 0.996797 0.063694 -0.335783 0.998584 0.049669 -0.019051 9.153571
-0.022380 0.062763 -0.997778 -273.963412 -0.048307 0.996794 0.063784 -0.275286 0.998582 0.049627 -0.019276 9.118955
-0.022597 0.062843 -0.997768 -275.185259 -0.048261 0.996790 0.063874 -0.214677 0.998579 0.049596 -0.019492 9.084067
-0.022806 0.062923 -0.997758 -276.408494 -0.048227 0.996786 0.063964 -0.153969 0.998576 0.049578 -0.019698 9.048922
-0.023005 0.063003 -0.997748 -277.633014 -0.048206 0.996781 0.064053 -0.093175 0.998572 0.049571 -0.019894 9.013535
-0.023194 0.063083 -0.997739 -278.858719 -0.048198 0.996776 0.064143 -0.032308 0.998568 0.049577 -0.020079 8.977924
-0.023374 0.063164 -0.997729 -280.085504 -0.048202 0.996770 0.064233 0.028619 0.998564 0.049594 -0.020254 8.942105
-0.023543 0.063245 -0.997720 -281.313266 -0.048219 0.996764 0.064322 0.089596 0.998559 0.049623 -0.020417 8.906093
-0.023701 0.063325 -0.997711 -282.541900 -0.048249 0.996756 0.064411 0.150610 0.998554 0.049665 -0.020569 8.869906
-0.023848 0.063405 -0.997703 -283.771300 -0.048292 0.996749 0.064499 0.211652 0.998549 0.049719 -0.020709 8.833562
-0.023984 0.063486 -0.997695 -285.001362 -0.048348 0.996740 0.064587 0.272712 0.998543 0.049785 -0.020836 8.797077
-0.024107 0.063565 -0.997686 -286.231975 -0.048417 0.996731 0.064675 0.333779 0.998536 0.049864 -0.020950 8.760469
-0.024216 0.063645 -0.997679 -287.463032 -0.048500 0.996721 0.064762 0.394847 0.998530 0.049955 -0.021050 8.723756
-0.024312 0.063725 -0.997671 -288.694419 -0.048596 0.996711 0.064848 0.455907 0.998523 0.050060 -0.021135 8.686957
-0.024392 0.063805 -0.997664 -289.926024 -0.048707 0.996700 0.064934 0.516952 0.998515 0.050177 -0.021204 8.650088
-0.024456 0.063885 -0.997658 -291.157730 -0.048832 0.996688 0.065020 0.577974 0.998508 0.050308 -0.021255 8.613170
-0.024501 0.063965 -0.997651 -292.389416 -0.048972 0.996676 0.065106 0.638968 0.998500 0.050452 -0.021287 8.576222
-0.024526 0.064046 -0.997646 -293.620964 -0.049128 0.996663 0.065191 0.699926 0.998491 0.050611 -0.021298 8.539267
-0.024529 0.064127 -0.997640 -294.852247 -0.049298 0.996649 0.065275 0.760841 0.998483 0.050783 -0.021285 8.502329
-0.024506 0.064209 -0.997636 -296.083138 -0.049484 0.996634 0.065360 0.821708 0.998474 0.050969 -0.021246 8.465431
-0.024455 0.064291 -0.997631 -297.313506 -0.049686 0.996618 0.065444 0.882518 0.998465 0.051168 -0.021178 8.428603
-0.024373 0.064375 -0.997628 -298.543215 -0.049902 0.996602 0.065528 0.943265 0.998457 0.051381 -0.021078 8.391872
-0.024257 0.064459 -0.997625 -299.772126 -0.050134 0.996585 0.065611 1.003939 0.998448 0.051606 -0.020942 8.355270
-0.024102 0.064544 -0.997624 -301.000095 -0.050380 0.996567 0.065693 1.064533 0.998439 0.051844 -0.020767 8.318830
-0.023904 0.064630 -0.997623 -302.226972 -0.050641 0.996549 0.065774 1.125037 0.998431 0.052093 -0.020549 8.282589
-0.023659 0.064716 -0.997623 -303.452605 -0.050915 0.996530 0.065853 1.185441 0.998423 0.052352 -0.020282 8.246586
-0.023362 0.064803 -0.997625 -304.676835 -0.051201 0.996510 0.065930 1.245734 0.998415 0.052620 -0.019962 8.210861
-0.023007 0.064890 -0.997627 -305.899498 -0.051500 0.996489 0.066004 1.305906 0.998408 0.052896 -0.019585 8.175458
-0.022590 0.064979 -0.997631 -307.120424 -0.051810 0.996469 0.066076 1.365946 0.998401 0.053180 -0.019144 8.140423
-0.022106 0.065068 -0.997636 -308.339438 -0.052132 0.996447 0.066146 1.425841 0.998396 0.053471 -0.018635 8.105804
-0.021547 0.065159 -0.997642 -309.556360 -0.052464 0.996425 0.066213 1.485581 0.998390 0.053767 -0.018051 8.071654
-0.020908 0.065252 -0.997650 -310.771003 -0.052806 0.996403 0.066277 1.545153 0.998386 0.054067 -0.017387 8.038028
