0.976928 -0.009018 -0.213380 -0.654277 0.001281 0.999338 -0.036368 -0.137823 0.213567 0.035255 0.976292 3.296914
0.976448 -0.008953 -0.215569 -0.710275 0.001047 0.999323 -0.036763 -0.149520 0.215752 0.035671 0.975796 3.537948
0.975947 -0.008890 -0.217826 -0.769601 0.000807 0.999309 -0.037169 -0.161877 0.218006 0.036099 0.975280 3.789078
0.975427 -0.008828 -0.220144 -0.832391 0.000561 0.999293 -0.037585 -0.174918 0.220320 0.036538 0.974743 4.050530
0.974889 -0.008766 -0.222517 -0.898785 0.000310 0.999277 -0.038010 -0.188667 0.222689 0.036986 0.974188 4.322529
0.974334 -0.008705 -0.224938 -0.968921 0.000053 0.999261 -0.038441 -0.203147 0.225107 0.037442 0.973614 4.605298
0.973762 -0.008644 -0.227405 -1.042945 -0.000209 0.999244 -0.038878 -0.218382 0.227569 0.037905 0.973024 4.899058
0.973174 -0.008583 -0.229912 -1.121001 -0.000476 0.999227 -0.039319 -0.234394 0.230072 0.038374 0.972417 5.204026
0.972569 -0.008522 -0.232457 -1.203237 -0.000748 0.999209 -0.039764 -0.251208 0.232612 0.038847 0.971794 5.520418
0.971950 -0.008461 -0.235036 -1.289803 -0.001025 0.999191 -0.040211 -0.268847 0.235186 0.039324 0.971155 5.848446
0.971315 -0.008399 -0.237647 -1.380851 -0.001308 0.999172 -0.040659 -0.287334 0.237792 0.039803 0.970500 6.188322
0.970666 -0.008337 -0.240289 -1.476536 -0.001595 0.999154 -0.041106 -0.306693 0.240428 0.040284 0.969831 6.540250
0.970001 -0.008273 -0.242959 -1.577012 -0.001886 0.999135 -0.041552 -0.326947 0.243093 0.040764 0.969146 6.904435
0.969322 -0.008209 -0.245656 -1.682438 -0.002182 0.999115 -0.041995 -0.348119 0.245784 0.041243 0.968447 7.281077
0.968629 -0.008143 -0.248380 -1.792974 -0.002482 0.999096 -0.042434 -0.370230 0.248501 0.041719 0.967733 7.670372
0.967920 -0.008077 -0.251128 -1.908779 -0.002785 0.999077 -0.042866 -0.393303 0.251243 0.042190 0.967004 8.072511
0.967197 -0.008010 -0.253901 -2.030017 -0.003091 0.999058 -0.043292 -0.417358 0.254009 0.042657 0.966261 8.487684
0.966459 -0.007943 -0.256699 -2.156851 -0.003399 0.999039 -0.043709 -0.442414 0.256799 0.043116 0.965503 8.916073
0.965706 -0.007875 -0.259519 -2.289447 -0.003710 0.999019 -0.044118 -0.468492 0.259612 0.043567 0.964730 9.357860
0.964938 -0.007806 -0.262363 -2.427971 -0.004022 0.999001 -0.044516 -0.495610 0.262448 0.044010 0.963942 9.813217
0.964154 -0.007738 -0.265230 -2.572592 -0.004335 0.998982 -0.044903 -0.523785 0.265308 0.044443 0.963139 10.282316
0.963355 -0.007670 -0.268120 -2.723478 -0.004648 0.998964 -0.045279 -0.553034 0.268190 0.044866 0.962321 10.765321
0.962540 -0.007602 -0.271033 -2.880801 -0.004962 0.998945 -0.045643 -0.583372 0.271094 0.045278 0.961487 11.262391
0.961709 -0.007535 -0.273968 -3.044731 -0.005276 0.998928 -0.045995 -0.614815 0.274021 0.045680 0.960638 11.773681
0.960862 -0.007468 -0.276927 -3.215441 -0.005590 0.998910 -0.046335 -0.647377 0.276971 0.046070 0.959773 12.299339
0.959998 -0.007403 -0.279908 -3.393104 -0.005903 0.998893 -0.046664 -0.681071 0.279943 0.046449 0.958892 12.839509
0.958805 -0.007321 -0.283970 -3.569273 -0.006343 0.998867 -0.047168 -0.714131 0.283993 0.047027 0.957672 13.337184
0.957570 -0.007241 -0.288110 -3.751890 -0.006788 0.998840 -0.047663 -0.748165 0.288121 0.047596 0.956410 13.845231
0.956292 -0.007162 -0.292326 -3.941066 -0.007237 0.998814 -0.048146 -0.783170 0.292324 0.048157 0.955106 14.363558
0.954971 -0.007086 -0.296614 -4.136915 -0.007689 0.998788 -0.048617 -0.819143 0.296599 0.048708 0.953759 14.892068
0.953607 -0.007011 -0.300972 -4.339544 -0.008145 0.998762 -0.049075 -0.856077 0.300944 0.049250 0.952369 15.430656
0.952200 -0.006939 -0.305397 -4.549059 -0.008604 0.998736 -0.049520 -0.893967 0.305355 0.049780 0.950937 15.979208
0.950749 -0.006870 -0.309886 -4.765562 -0.009064 0.998711 -0.049951 -0.932806 0.309830 0.050299 0.949461 16.537602
0.949254 -0.006804 -0.314437 -4.989152 -0.009526 0.998685 -0.050368 -0.972584 0.314367 0.050807 0.947941 17.105709
0.947714 -0.006741 -0.319049 -5.219924 -0.009988 0.998660 -0.050771 -1.013293 0.318964 0.051304 0.946377 17.683391
0.946130 -0.006683 -0.323719 -5.457970 -0.010451 0.998636 -0.051161 -1.054922 0.323619 0.051788 0.944769 18.270503
0.944500 -0.006628 -0.328446 -5.703379 -0.010914 0.998612 -0.051536 -1.097462 0.328331 0.052260 0.943116 18.866890
0.942823 -0.006577 -0.333229 -5.956236 -0.011376 0.998588 -0.051897 -1.140901 0.333100 0.052720 0.941416 19.472392
0.941099 -0.006531 -0.338069 -6.216622 -0.011838 0.998564 -0.052243 -1.185226 0.337925 0.053168 0.939670 20.086838
0.939326 -0.006489 -0.342966 -6.484614 -0.012298 0.998541 -0.052575 -1.230425 0.342806 0.053603 0.937875 20.710050
0.937503 -0.006452 -0.347919 -6.760287 -0.012758 0.998519 -0.052893 -1.276484 0.347745 0.054026 0.936031 21.341843
0.935628 -0.006419 -0.352929 -7.043711 -0.013215 0.998497 -0.053195 -1.323389 0.352740 0.054435 0.934137 21.982019
0.933700 -0.006392 -0.357999 -7.334953 -0.013671 0.998475 -0.053483 -1.371123 0.357795 0.054831 0.932189 22.630375
0.931717 -0.006370 -0.363130 -7.634077 -0.014125 0.998454 -0.053755 -1.419671 0.362911 0.055213 0.930187 23.286697
0.929676 -0.006353 -0.368323 -7.941142 -0.014576 0.998434 -0.054011 -1.469016 0.368090 0.055582 0.928128 23.950762
0.927576 -0.006342 -0.373582 -8.256205 -0.015024 0.998414 -0.054252 -1.519140 0.373333 0.055936 0.926009 24.622340
0.925413 -0.006337 -0.378907 -8.579317 -0.015469 0.998395 -0.054477 -1.570023 0.378645 0.056275 0.923830 25.301189
0.923185 -0.006338 -0.384303 -8.910530 -0.015911 0.998377 -0.054686 -1.621648 0.384026 0.056600 0.921586 25.987062
0.920890 -0.006345 -0.389772 -9.249887 -0.016349 0.998359 -0.054879 -1.673993 0.389481 0.056910 0.919275 26.679699
0.918523 -0.006360 -0.395316 -9.597431 -0.016783 0.998342 -0.055055 -1.727038 0.395011 0.057204 0.916894 27.378836
0.916082 -0.006381 -0.400940 -9.953201 -0.017212 0.998326 -0.055216 -1.780762 0.400621 0.057483 0.914439 28.084198
0.913564 -0.006410 -0.406645 -10.317232 -0.017637 0.998311 -0.055360 -1.835142 0.406312 0.057747 0.911908 28.795504
0.910991 -0.006446 -0.412375 -10.689622 -0.018050 0.998297 -0.055480 -1.890175 0.412030 0.057985 0.909323 29.513325
0.908364 -0.006489 -0.418131 -11.070409 -0.018450 0.998284 -0.055575 -1.945840 0.417774 0.058197 0.906685 30.237448
0.905681 -0.006540 -0.423910 -11.459629 -0.018837 0.998273 -0.055646 -2.002117 0.423542 0.058383 0.903993 30.967653
0.902941 -0.006598 -0.429714 -11.857316 -0.019209 0.998263 -0.055692 -2.058985 0.429335 0.058541 0.901246 31.703722
0.900145 -0.006665 -0.435539 -12.263499 -0.019566 0.998255 -0.055714 -2.116424 0.435151 0.058672 0.898444 32.445433
0.897292 -0.006740 -0.441387 -12.678207 -0.019906 0.998248 -0.055711 -2.174413 0.440989 0.058776 0.895586 33.192562
0.894380 -0.006825 -0.447256 -13.101466 -0.020229 0.998243 -0.055685 -2.232932 0.446850 0.058851 0.892671 33.944885
0.891410 -0.006919 -0.453144 -13.533300 -0.020534 0.998240 -0.055634 -2.291961 0.452732 0.058898 0.889699 34.702177
0.888382 -0.007023 -0.459052 -13.973731 -0.020819 0.998238 -0.055560 -2.351478 0.458634 0.058916 0.886670 35.464209
0.885293 -0.007137 -0.464978 -14.422780 -0.021083 0.998238 -0.055464 -2.411463 0.464555 0.058905 0.883583 36.230755
0.882146 -0.007263 -0.470920 -14.880465 -0.021327 0.998239 -0.055347 -2.471897 0.470493 0.058867 0.880438 37.001585
0.878938 -0.007401 -0.476878 -15.346803 -0.021549 0.998242 -0.055209 -2.532759 0.476449 0.058801 0.877234 37.776471
0.875671 -0.007551 -0.482850 -15.821811 -0.021748 0.998247 -0.055053 -2.594034 0.482419 0.058709 0.873971 38.555184
0.872343 -0.007715 -0.488834 -16.305504 -0.021925 0.998252 -0.054880 -2.655702 0.488403 0.058591 0.870649 39.337496
0.868955 -0.007891 -0.494828 -16.797893 -0.022078 0.998259 -0.054691 -2.717749 0.494398 0.058448 0.867268 40.123178
0.865507 -0.008082 -0.500831 -17.298992 -0.022208 0.998267 -0.054488 -2.780160 0.500403 0.058282 0.863828 40.912004
0.862000 -0.008287 -0.506840 -17.808811 -0.022314 0.998277 -0.054272 -2.842921 0.506416 0.058092 0.860330 41.703747
0.858434 -0.008507 -0.512853 -18.327360 -0.022396 0.998287 -0.054047 -2.906021 0.512434 0.057881 0.856774 42.498183
0.854810 -0.008742 -0.518867 -18.854646 -0.022454 0.998299 -0.053812 -2.969449 0.518455 0.057649 0.853160 43.295090
0.851129 -0.008993 -0.524880 -19.390676 -0.022488 0.998311 -0.053569 -3.033195 0.524475 0.057397 0.849489 44.094245
0.847390 -0.009259 -0.530889 -19.935454 -0.022497 0.998324 -0.053320 -3.097251 0.530493 0.057126 0.845762 44.895431
0.843597 -0.009541 -0.536892 -20.488983 -0.022481 0.998338 -0.053066 -3.161610 0.536506 0.056836 0.841980 45.698431
0.839750 -0.009840 -0.542884 -21.051265 -0.022441 0.998353 -0.052807 -3.226266 0.542510 0.056528 0.838146 46.503031
0.835850 -0.010155 -0.548864 -21.622301 -0.022375 0.998368 -0.052546 -3.291215 0.548502 0.056202 0.834259 47.309019
0.831899 -0.010486 -0.554827 -22.202088 -0.022285 0.998384 -0.052283 -3.356452 0.554479 0.055859 0.830321 48.116189
0.827900 -0.010832 -0.560771 -22.790624 -0.022171 0.998400 -0.052019 -3.421975 0.560437 0.055499 0.826335 48.924335
0.823851 -0.011195 -0.566696 -23.387902 -0.022032 0.998417 -0.051754 -3.487781 0.566378 0.055123 0.822300 49.733254
0.819752 -0.011575 -0.572602 -23.993915 -0.021869 0.998434 -0.051491 -3.553870 0.572301 0.054732 0.818215 50.542747
0.815602 -0.011970 -0.578490 -24.608654 -0.021683 0.998451 -0.051230 -3.620239 0.578208 0.054327 0.814079 51.352613
0.811400 -0.012382 -0.584361 -25.232106 -0.021473 0.998469 -0.050973 -3.686888 0.584097 0.053908 0.809892 52.162655
0.807145 -0.012811 -0.590214 -25.864259 -0.021241 0.998487 -0.050720 -3.753818 0.589971 0.053475 0.805652 52.972675
0.802838 -0.013255 -0.596050 -26.505097 -0.020986 0.998505 -0.050472 -3.821027 0.595828 0.053029 0.801359 53.782479
0.798476 -0.013716 -0.601870 -27.154604 -0.020709 0.998523 -0.050229 -3.888517 0.601670 0.052570 0.797013 54.591873
0.794060 -0.014193 -0.607673 -27.812758 -0.020410 0.998541 -0.049991 -3.956289 0.607496 0.052099 0.792612 55.400665
0.789589 -0.014685 -0.613460 -28.479539 -0.020089 0.998559 -0.049761 -4.024342 0.613307 0.051615 0.788156 56.208668
0.785063 -0.015193 -0.619230 -29.154923 -0.019748 0.998577 -0.049537 -4.092678 0.619101 0.051118 0.783646 57.015695
0.780481 -0.015717 -0.624982 -29.838883 -0.019385 0.998595 -0.049321 -4.161298 0.624879 0.050609 0.779080 57.821562
0.775843 -0.016256 -0.630716 -30.531389 -0.019002 0.998612 -0.049113 -4.230202 0.630639 0.050089 0.774458 58.626088
0.771151 -0.016811 -0.636431 -31.232412 -0.018598 0.998630 -0.048913 -4.299393 0.636381 0.049556 0.769781 59.429097
0.766403 -0.017381 -0.642125 -31.941915 -0.018175 0.998647 -0.048723 -4.368871 0.642103 0.049012 0.765050 60.230416
0.761601 -0.017965 -0.647797 -32.659863 -0.017732 0.998664 -0.048542 -4.438639 0.647804 0.048457 0.760265 61.029875
0.756746 -0.018564 -0.653445 -33.386214 -0.017270 0.998680 -0.048372 -4.508699 0.653481 0.047890 0.755426 61.827310
0.751839 -0.019176 -0.659068 -34.120925 -0.016790 0.998696 -0.048212 -4.579052 0.659133 0.047313 0.750537 62.622564
0.746882 -0.019801 -0.664662 -34.863949 -0.016293 0.998711 -0.048062 -4.649701 0.664757 0.046726 0.745597 63.415480
0.741877 -0.020439 -0.670225 -35.615235 -0.015780 0.998726 -0.047924 -4.720646 0.670351 0.046130 0.740609 64.205912
0.736826 -0.021089 -0.675754 -36.374728 -0.015250 0.998741 -0.047797 -4.791888 0.675911 0.045524 0.735576 64.993714
0.731731 -0.021750 -0.681246 -37.142369 -0.014706 0.998754 -0.047682 -4.863431 0.681435 0.044909 0.730500 65.778750
0.726596 -0.022421 -0.686699 -37.918094 -0.014147 0.998767 -0.047579 -4.935273 0.686919 0.044285 0.725383 66.560888
0.721424 -0.023102 -0.692108 -38.701833 -0.013574 0.998780 -0.047488 -5.007417 0.692361 0.043653 0.720230 67.340001
0.716218 -0.023792 -0.697471 -39.493513 -0.012988 0.998791 -0.047408 -5.079864 0.697756 0.043013 0.715043 68.115969
0.710981 -0.024491 -0.702784 -40.293055 -0.012389 0.998802 -0.047340 -5.152613 0.703102 0.042365 0.709826 68.888677
0.705718 -0.025197 -0.708044 -41.100374 -0.011779 0.998812 -0.047285 -5.225665 0.708394 0.041709 0.704583 69.658016
0.700433 -0.025910 -0.713248 -41.915381 -0.011157 0.998821 -0.047240 -5.299019 0.713631 0.041047 0.699318 70.423882
0.695130 -0.026628 -0.718391 -42.737980 -0.010526 0.998830 -0.047208 -5.372673 0.718807 0.040377 0.694036 71.186177
0.689814 -0.027351 -0.723470 -43.568072 -0.009885 0.998837 -0.047186 -5.446626 0.723919 0.039701 0.688742 71.944809
0.684490 -0.028077 -0.728481 -44.405547 -0.009235 0.998844 -0.047175 -5.520875 0.728964 0.039019 0.683439 72.699692
0.679164 -0.028807 -0.733421 -45.250293 -0.008578 0.998850 -0.047176 -5.595417 0.733937 0.038331 0.678136 73.450746
0.673841 -0.029538 -0.738286 -46.102187 -0.007914 0.998855 -0.047186 -5.670248 0.738834 0.037639 0.672836 74.197897
0.668528 -0.030270 -0.743071 -46.961102 -0.007243 0.998859 -0.047207 -5.745365 0.743652 0.036941 0.667546 74.941076
0.663231 -0.031002 -0.747773 -47.826901 -0.006567 0.998862 -0.047237 -5.820764 0.748386 0.036240 0.662272 75.680222
0.657956 -0.031733 -0.752388 -48.699440 -0.005886 0.998865 -0.047276 -5.896438 0.753034 0.035534 0.657022 76.415281
0.652710 -0.032461 -0.756912 -49.578567 -0.005201 0.998866 -0.047322 -5.972381 0.757590 0.034824 0.651801 77.146203
0.647501 -0.033186 -0.761342 -50.464124 -0.004512 0.998867 -0.047376 -6.048585 0.762051 0.034111 0.646618 77.872948
0.642335 -0.033905 -0.765673 -51.355941 -0.003820 0.998867 -0.047435 -6.125040 0.766414 0.033394 0.641478 78.595478
0.637221 -0.034618 -0.769903 -52.253843 -0.003125 0.998866 -0.047499 -6.201737 0.770675 0.032674 0.636390 79.313764
0.632165 -0.035323 -0.774028 -53.157645 -0.002429 0.998865 -0.047567 -6.278662 0.774830 0.031950 0.631362 80.027783
0.627175 -0.036019 -0.778045 -54.067155 -0.001732 0.998863 -0.047638 -6.355804 0.778876 0.031224 0.626400 80.737517
0.622259 -0.036706 -0.781950 -54.982171 -0.001034 0.998861 -0.047710 -6.433149 0.782810 0.030497 0.621512 81.442957
0.617425 -0.037381 -0.785741 -55.902486 -0.000336 0.998858 -0.047784 -6.510680 0.786629 0.029767 0.616708 82.144097
0.612681 -0.038044 -0.789414 -56.827883 0.000360 0.998854 -0.047858 -6.588382 0.790330 0.029037 0.611993 82.840940
0.608035 -0.038693 -0.792967 -57.758139 0.001054 0.998850 -0.047931 -6.666237 0.793910 0.028308 0.607376 83.533496
0.603494 -0.039329 -0.796397 -58.693021 0.001746 0.998846 -0.048003 -6.744227 0.797365 0.027579 0.602866 84.221780
0.599067 -0.039949 -0.799701 -59.632292 0.002435 0.998841 -0.048074 -6.822333 0.800695 0.026853 0.598470 84.905813
0.594763 -0.040554 -0.802878 -60.575707 0.003119 0.998836 -0.048142 -6.900536 0.803895 0.026129 0.594197 85.585625
0.590588 -0.041142 -0.805924 -61.523014 0.003798 0.998830 -0.048207 -6.978814 0.806964 0.025410 0.590053 86.261252
0.586551 -0.041712 -0.808837 -62.473955 0.004471 0.998824 -0.048268 -7.057146 0.809900 0.024696 0.586048 86.932736
0.582661 -0.042265 -0.811615 -63.428268 0.005137 0.998818 -0.048325 -7.135511 0.812699 0.023988 0.582190 87.600128
0.578926 -0.042798 -0.814256 -64.385682 0.005796 0.998812 -0.048377 -7.213886 0.815360 0.023287 0.578486 88.263485
0.575353 -0.043311 -0.816758 -65.345925 0.006446 0.998806 -0.048424 -7.292250 0.817880 0.022596 0.574945 88.922871
0.571950 -0.043804 -0.819118 -66.308717 0.007087 0.998800 -0.048464 -7.370580 0.820258 0.021914 0.571574 89.578359
0.568725 -0.044275 -0.821335 -67.273773 0.007717 0.998794 -0.048497 -7.448852 0.822491 0.021243 0.568381 90.230029
0.565687 -0.044725 -0.823406 -68.240806 0.008337 0.998787 -0.048523 -7.527043 0.824578 0.020584 0.565374 90.877970
0.562841 -0.045152 -0.825331 -69.209523 0.008944 0.998781 -0.048541 -7.605129 0.826517 0.019939 0.562559 91.522274
0.560196 -0.045556 -0.827106 -70.179627 0.009539 0.998775 -0.048551 -7.683086 0.828305 0.019308 0.559945 92.163043
0.557758 -0.045937 -0.828731 -71.150818 0.010121 0.998769 -0.048551 -7.760890 0.829942 0.018692 0.557537 92.800386
0.555534 -0.046295 -0.830204 -72.122793 0.010688 0.998764 -0.048542 -7.838517 0.831425 0.018093 0.555342 93.434416
0.553529 -0.046628 -0.831523 -73.095245 0.011241 0.998759 -0.048523 -7.915941 0.832754 0.017512 0.553366 94.065254
0.551750 -0.046936 -0.832688 -74.067866 0.011777 0.998754 -0.048493 -7.993138 0.833926 0.016949 0.551616 94.693027
0.550202 -0.047219 -0.833695 -75.040344 0.012298 0.998750 -0.048451 -8.070083 0.834941 0.016405 0.550095 95.317866
0.548890 -0.047476 -0.834545 -76.012368 0.012802 0.998746 -0.048397 -8.146749 0.835796 0.015881 0.548810 95.939909
0.547819 -0.047707 -0.835235 -76.983622 0.013289 0.998743 -0.048330 -8.223111 0.836491 0.015377 0.547765 96.559299
0.546993 -0.047911 -0.835765 -77.953792 0.013758 0.998741 -0.048249 -8.299144 0.837024 0.014893 0.546964 97.176181
0.546416 -0.048089 -0.836132 -78.922561 0.014210 0.998739 -0.048154 -8.374820 0.837393 0.014430 0.546410 97.790708
0.546090 -0.048240 -0.836336 -79.889612 0.014645 0.998738 -0.048045 -8.450117 0.837599 0.013989 0.546107 98.403033
0.546018 -0.048364 -0.836376 -80.854628 0.015061 0.998738 -0.047920 -8.525007 0.837638 0.013568 0.546058 99.013315
0.546203 -0.048462 -0.836250 -81.817294 0.015461 0.998738 -0.047780 -8.599468 0.837510 0.013169 0.546263 99.621717
0.546646 -0.048532 -0.835956 -82.777296 0.015842 0.998740 -0.047623 -8.673474 0.837214 0.012790 0.546726 100.228403
0.547349 -0.048576 -0.835494 -83.734320 0.016205 0.998742 -0.047451 -8.747001 0.836748 0.012433 0.547447 100.833542
0.548311 -0.048592 -0.834862 -84.688056 0.016550 0.998745 -0.047261 -8.820026 0.836111 0.012097 0.548427 101.437304
0.549533 -0.048581 -0.834058 -85.638198 0.016877 0.998750 -0.047054 -8.892525 0.835301 0.011782 0.549666 102.039864
0.551016 -0.048542 -0.833082 -86.584439 0.017184 0.998755 -0.046830 -8.964474 0.834318 0.011488 0.551164 102.641397
0.552758 -0.048476 -0.831931 -87.526478 0.017473 0.998761 -0.046587 -9.035850 0.833158 0.011215 0.552921 103.242082
0.554759 -0.048382 -0.830603 -88.464017 0.017743 0.998769 -0.046327 -9.106631 0.831822 0.010963 0.554935 103.842100
0.557018 -0.048260 -0.829097 -89.396762 0.017994 0.998777 -0.046048 -9.176795 0.830306 0.010731 0.557205 104.441636
0.559531 -0.048110 -0.827412 -90.324423 0.018225 0.998787 -0.045750 -9.246321 0.828609 0.010519 0.559729 105.040873
0.562298 -0.047932 -0.825544 -91.246714 0.018437 0.998797 -0.045433 -9.315185 0.826729 0.010327 0.562506 105.640001
0.565315 -0.047726 -0.823493 -92.163356 0.018629 0.998809 -0.045097 -9.383368 0.824665 0.010153 0.565531 106.239208
0.568580 -0.047491 -0.821256 -93.074075 0.018801 0.998822 -0.044742 -9.450848 0.822413 0.009999 0.568803 106.838685
0.572088 -0.047228 -0.818831 -93.978600 0.018954 0.998835 -0.044368 -9.517605 0.819973 0.009862 0.572317 107.438625
0.575836 -0.046936 -0.816217 -94.876669 0.019085 0.998850 -0.043973 -9.583619 0.817342 0.009744 0.576070 108.039222
0.579821 -0.046615 -0.813410 -95.768027 0.019197 0.998866 -0.043559 -9.648871 0.814518 0.009642 0.580058 108.640672
0.584036 -0.046265 -0.810408 -96.652422 0.019287 0.998883 -0.043126 -9.713341 0.811499 0.009556 0.584276 109.243171
0.588477 -0.045887 -0.807211 -97.529612 0.019357 0.998902 -0.042673 -9.777011 0.808282 0.009487 0.588719 109.846921
0.593139 -0.045481 -0.803814 -98.399361 0.019405 0.998921 -0.042201 -9.839865 0.804866 0.009433 0.593381 110.452120
0.598016 -0.045046 -0.800217 -99.261441 0.019433 0.998941 -0.041710 -9.901885 0.801248 0.009392 0.598258 111.058972
0.603102 -0.044584 -0.796417 -100.115630 0.019440 0.998962 -0.041201 -9.963056 0.797427 0.009366 0.603343 111.667680
0.608391 -0.044094 -0.792411 -100.961715 0.019427 0.998984 -0.040674 -10.023365 0.793399 0.009352 0.608630 112.278449
0.613876 -0.043578 -0.788199 -101.799490 0.019393 0.999006 -0.040129 -10.082796 0.789164 0.009349 0.614111 112.891484
0.619550 -0.043034 -0.783777 -102.628756 0.019339 0.999030 -0.039566 -10.141338 0.784719 0.009356 0.619781 113.506994
0.625405 -0.042464 -0.779144 -103.449323 0.019265 0.999054 -0.038986 -10.198977 0.780063 0.009372 0.625631 114.125184
0.631433 -0.041868 -0.774299 -104.261006 0.019172 0.999079 -0.038388 -10.255704 0.775193 0.009395 0.631654 114.746263
0.637627 -0.041247 -0.769240 -105.063630 0.019059 0.999105 -0.037773 -10.311508 0.770109 0.009424 0.637843 115.370438
0.643978 -0.040600 -0.763966 -105.857024 0.018928 0.999131 -0.037142 -10.366379 0.764810 0.009458 0.644187 115.997918
0.650477 -0.039929 -0.758475 -106.641025 0.018778 0.999157 -0.036494 -10.420310 0.759293 0.009496 0.650679 116.628910
0.657116 -0.039233 -0.752768 -107.415478 0.018610 0.999185 -0.035831 -10.473291 0.753560 0.009536 0.657310 117.263620
0.663884 -0.038515 -0.746843 -108.180231 0.018424 0.999212 -0.035152 -10.525317 0.747609 0.009577 0.664071 117.902255
0.670773 -0.037774 -0.740700 -108.935142 0.018221 0.999240 -0.034458 -10.576382 0.741439 0.009617 0.670951 118.545018
0.677773 -0.037011 -0.734340 -109.680071 0.018000 0.999268 -0.033749 -10.626480 0.735051 0.009656 0.677943 119.192114
0.684874 -0.036227 -0.727761 -110.414886 0.017763 0.999297 -0.033027 -10.675607 0.728445 0.009692 0.685035 119.843741
0.692066 -0.035423 -0.720965 -111.139459 0.017510 0.999325 -0.032291 -10.723760 0.721622 0.009724 0.692219 120.500100
0.699340 -0.034599 -0.713951 -111.853667 0.017241 0.999354 -0.031543 -10.770936 0.714581 0.009750 0.699485 121.161386
0.706686 -0.033758 -0.706721 -112.557394 0.016955 0.999382 -0.030782 -10.817136 0.707324 0.009771 0.706822 121.827792
0.714094 -0.032898 -0.699276 -113.250524 0.016655 0.999411 -0.030011 -10.862358 0.699851 0.009784 0.714221 122.499511
0.721555 -0.032022 -0.691616 -113.932947 0.016339 0.999439 -0.029228 -10.906604 0.692164 0.009789 0.721674 123.176730
0.729060 -0.031130 -0.683742 -114.604556 0.016008 0.999467 -0.028435 -10.949878 0.684263 0.009786 0.729170 123.859637
0.736598 -0.030222 -0.675655 -115.265247 0.015662 0.999495 -0.027634 -10.992182 0.676149 0.009773 0.736700 124.548414
0.744162 -0.029301 -0.667356 -115.914917 0.015300 0.999523 -0.026824 -11.033523 0.667823 0.009750 0.744256 125.243243
0.751743 -0.028366 -0.658845 -116.553463 0.014925 0.999550 -0.026006 -11.073907 0.659287 0.009717 0.751829 125.944302
0.759333 -0.027420 -0.650124 -117.180787 0.014534 0.999577 -0.025183 -11.113343 0.650540 0.009673 0.759410 126.651765
0.766923 -0.026463 -0.641193 -117.796788 0.014129 0.999604 -0.024355 -11.151842 0.641584 0.009619 0.766993 127.365805
0.774505 -0.025496 -0.632053 -118.401365 0.013709 0.999629 -0.023524 -11.189416 0.632419 0.009554 0.774568 128.086591
0.782073 -0.024520 -0.622704 -118.994417 0.013275 0.999654 -0.022690 -11.226078 0.623045 0.009479 0.782128 128.814288
0.789618 -0.023536 -0.613147 -119.575842 0.012826 0.999679 -0.021856 -11.261844 0.613464 0.009394 0.789667 129.549058
0.797135 -0.022545 -0.603381 -120.145535 0.012361 0.999703 -0.021022 -11.296730 0.603675 0.009299 0.797176 130.291061
0.804615 -0.021547 -0.593406 -120.703390 0.011881 0.999726 -0.020190 -11.330754 0.593678 0.009195 0.804650 131.040449
0.812052 -0.020542 -0.583223 -121.249297 0.011385 0.999748 -0.019361 -11.363937 0.583473 0.009082 0.812081 131.797373
0.819441 -0.019533 -0.572831 -121.783142 0.010873 0.999769 -0.018537 -11.396299 0.573060 0.008961 0.819464 132.561977
0.826774 -0.018519 -0.562229 -122.304808 0.010345 0.999789 -0.017718 -11.427863 0.562438 0.008833 0.826792 133.334403
0.834046 -0.017501 -0.551417 -122.814173 0.009801 0.999809 -0.016907 -11.458655 0.551607 0.008697 0.834059 134.114785
0.841250 -0.016479 -0.540395 -123.311110 0.009240 0.999828 -0.016105 -11.488698 0.540567 0.008555 0.841258 134.903251
0.848380 -0.015456 -0.529162 -123.795490 0.008664 0.999845 -0.015313 -11.518023 0.529316 0.008407 0.848383 135.699924
0.855430 -0.014430 -0.517718 -124.267177 0.008071 0.999862 -0.014533 -11.546658 0.517856 0.008253 0.855428 136.504918
0.862393 -0.013404 -0.506062 -124.726031 0.007462 0.999877 -0.013767 -11.574634 0.506185 0.008096 0.862387 137.318343
0.869263 -0.012378 -0.494195 -125.171906 0.006838 0.999892 -0.013016 -11.601985 0.494303 0.007935 0.869254 138.140298
0.876034 -0.011352 -0.482116 -125.604653 0.006197 0.999905 -0.012283 -11.628746 0.482210 0.007772 0.876021 138.970876
0.882699 -0.010327 -0.469825 -126.024116 0.005541 0.999918 -0.011569 -11.654954 0.469906 0.007609 0.882684 139.810161
0.889252 -0.009304 -0.457323 -126.430136 0.004869 0.999929 -0.010876 -11.680649 0.457392 0.007445 0.889234 140.658226
0.895687 -0.008284 -0.444609 -126.822549 0.004182 0.999939 -0.010207 -11.705873 0.444666 0.007283 0.895667 141.515136
0.901996 -0.007267 -0.431683 -127.201185 0.003480 0.999948 -0.009562 -11.730668 0.431730 0.007123 0.901975 142.380947
0.908174 -0.006253 -0.418547 -127.565870 0.002763 0.999956 -0.008945 -11.755081 0.418584 0.006967 0.908151 143.255700
0.914213 -0.005243 -0.405200 -127.916427 0.002031 0.999963 -0.008356 -11.779159 0.405229 0.006816 0.914190 144.139429
0.920107 -0.004237 -0.391643 -128.252671 0.001285 0.999969 -0.007798 -11.802953 0.391664 0.006671 0.920084 145.032153
0.925850 -0.003234 -0.377878 -128.574417 0.000525 0.999973 -0.007272 -11.826514 0.377891 0.006534 0.925827 145.933877
0.931434 -0.002235 -0.363904 -128.881472 -0.000249 0.999977 -0.006781 -11.849896 0.363911 0.006406 0.931412 146.844597
0.936852 -0.001241 -0.349723 -129.173640 -0.001037 0.999979 -0.006325 -11.873155 0.349724 0.006289 0.936832 147.764290
0.942099 -0.000249 -0.335336 -129.450721 -0.001838 0.999981 -0.005908 -11.896346 0.335331 0.006182 0.942080 148.692922
0.947166 0.000738 -0.320744 -129.712510 -0.002652 0.999981 -0.005530 -11.919529 0.320734 0.006089 0.947150 149.630445
0.952047 0.001723 -0.305948 -129.958800 -0.003479 0.999980 -0.005194 -11.942764 0.305933 0.006009 0.952034 150.576795
0.956735 0.002706 -0.290949 -130.189379 -0.004318 0.999979 -0.004900 -11.966112 0.290929 0.005945 0.956726 151.531892
0.961223 0.003685 -0.275748 -130.404034 -0.005169 0.999976 -0.004652 -11.989634 0.275724 0.005897 0.961219 152.495643
0.965504 0.004663 -0.260347 -130.602547 -0.006030 0.999972 -0.004451 -12.013396 0.260319 0.005867 0.965505 153.467937
0.969570 0.005640 -0.244748 -130.784700 -0.006902 0.999967 -0.004298 -12.037461 0.244715 0.005856 0.969577 154.448647
0.973416 0.006616 -0.228951 -130.950272 -0.007783 0.999961 -0.004194 -12.061895 0.228914 0.005864 0.973429 155.437633
0.977032 0.007593 -0.212957 -131.099040 -0.008673 0.999954 -0.004141 -12.086763 0.212916 0.005893 0.977053 156.434736
0.980412 0.008570 -0.196769 -131.230783 -0.009572 0.999946 -0.004141 -12.112132 0.196723 0.005943 0.980441 157.439782
0.983549 0.009549 -0.180388 -131.345276 -0.010477 0.999936 -0.004193 -12.138070 0.180337 0.006014 0.983587 158.452579
0.986435 0.010530 -0.163817 -131.442296 -0.011388 0.999926 -0.004300 -12.164644 0.163759 0.006107 0.986481 159.472920
0.989061 0.011516 -0.147056 -131.521621 -0.012305 0.999914 -0.004462 -12.191924 0.146992 0.006223 0.989118 160.500581
0.991421 0.012506 -0.130109 -131.583028 -0.013227 0.999902 -0.004681 -12.219976 0.130037 0.006361 0.991489 161.535321
0.993506 0.013501 -0.112978 -131.626298 -0.014152 0.999888 -0.004956 -12.248871 0.112898 0.006523 0.993585 162.576883
0.995308 0.014504 -0.095665 -131.651212 -0.015079 0.999872 -0.005289 -12.278675 0.095576 0.006707 0.995399 163.624992
0.996819 0.015515 -0.078175 -131.657555 -0.016007 0.999856 -0.005681 -12.309459 0.078076 0.006914 0.996923 164.679357
0.998031 0.016534 -0.060511 -131.645115 -0.016935 0.999838 -0.006131 -12.341291 0.060400 0.007144 0.998149 165.739669
0.998935 0.017563 -0.042677 -131.613683 -0.017862 0.999818 -0.006642 -12.374237 0.042552 0.007397 0.999067 166.805604
0.999522 0.018602 -0.024677 -131.563057 -0.018785 0.999798 -0.007212 -12.408367 0.024538 0.007672 0.999669 167.876820
0.999786 0.019653 -0.006518 -131.493041 -0.019704 0.999775 -0.007842 -12.443747 0.006362 0.007969 0.999948 168.952959
0.999716 0.020718 0.011796 -131.403444 -0.020618 0.999751 -0.008532 -12.480442 -0.011970 0.008287 0.999894 170.033645
0.999304 0.021795 0.030257 -131.294085 -0.021523 0.999725 -0.009282 -12.518517 -0.030451 0.008624 0.999499 171.118488
0.998543 0.022887 0.048859 -131.164790 -0.022420 0.999698 -0.010091 -12.558034 -0.049075 0.008981 0.998755 172.207080
0.997425 0.023995 0.067591 -131.015397 -0.023306 0.999668 -0.010958 -12.599055 -0.067832 0.009354 0.997653 173.299000
0.995940 0.025118 0.086447 -130.845753 -0.024180 0.999637 -0.011883 -12.641638 -0.086714 0.009745 0.996186 174.393809
0.994082 0.026259 0.105415 -130.655721 -0.025040 0.999604 -0.012865 -12.685843 -0.105711 0.010149 0.994345 175.491056
0.991843 0.027416 0.124485 -130.445172 -0.025884 0.999568 -0.013903 -12.731723 -0.124813 0.010568 0.992124 176.590277
0.989216 0.028590 0.143646 -130.213996 -0.026711 0.999531 -0.014996 -12.779333 -0.144007 0.010997 0.989516 177.690994
0.986196 0.029783 0.162885 -129.962094 -0.027518 0.999491 -0.016142 -12.828724 -0.163282 0.011437 0.986513 178.792717
0.982775 0.030993 0.182189 -129.689385 -0.028304 0.999449 -0.017341 -12.879945 -0.182626 0.011885 0.983111 179.894945
0.978949 0.032221 0.201545 -129.395804 -0.029067 0.999405 -0.018589 -12.933041 -0.202024 0.012339 0.979303 180.997167
0.974713 0.033467 0.220939 -129.081304 -0.029806 0.999358 -0.019886 -12.988058 -0.221462 0.012798 0.975085 182.098863
0.970063 0.034732 0.240356 -128.745856 -0.030519 0.999309 -0.021230 -13.045035 -0.240928 0.013259 0.970453 183.199503
0.964995 0.036014 0.259783 -128.389447 -0.031204 0.999257 -0.022618 -13.104011 -0.260405 0.013720 0.965402 184.298551
0.959507 0.037316 0.279204 -128.012084 -0.031862 0.999203 -0.024048 -13.165021 -0.279879 0.014179 0.959931 185.395464
0.953595 0.038635 0.298603 -127.613793 -0.032490 0.999146 -0.025519 -13.228098 -0.299334 0.014633 0.954036 186.489693
0.947259 0.039973 0.317967 -127.194617 -0.033088 0.999087 -0.027027 -13.293271 -0.318757 0.015080 0.947717 187.580685
0.940497 0.041330 0.337278 -126.754620 -0.033656 0.999025 -0.028569 -13.360565 -0.338130 0.015518 0.940971 188.667883
0.933311 0.042704 0.356522 -126.293884 -0.034193 0.998961 -0.030144 -13.430003 -0.357438 0.015943 0.933801 189.750726
0.925699 0.044095 0.375682 -125.812510 -0.034698 0.998893 -0.031747 -13.501603 -0.376666 0.016352 0.926205 190.828654
0.917664 0.045504 0.394742 -125.310618 -0.035171 0.998824 -0.033376 -13.575381 -0.395797 0.016744 0.918185 191.901104
0.909209 0.046928 0.413687 -124.788348 -0.035612 0.998752 -0.035028 -13.651347 -0.414814 0.017116 0.909745 192.967516
0.900336 0.048367 0.432499 -124.245855 -0.036020 0.998677 -0.036700 -13.729510 -0.433702 0.017464 0.900887 194.027328
0.891050 0.049820 0.451163 -123.683317 -0.036395 0.998600 -0.038390 -13.809873 -0.452444 0.017787 0.891615 195.079987
0.881356 0.051285 0.469662 -123.100926 -0.036738 0.998520 -0.040094 -13.892436 -0.471023 0.018083 0.881936 196.124939
0.871260 0.052761 0.487979 -122.498895 -0.037046 0.998439 -0.041809 -13.977196 -0.489422 0.018349 0.871854 197.161640
0.860769 0.054246 0.506097 -121.877452 -0.037322 0.998355 -0.043532 -14.064145 -0.507626 0.018582 0.861377 198.189551
0.849892 0.055739 0.524001 -121.236846 -0.037565 0.998269 -0.045260 -14.153273 -0.525616 0.018783 0.850514 199.208143
0.838638 0.057237 0.541673 -120.577340 -0.037775 0.998181 -0.046991 -14.244566 -0.543378 0.018947 0.839275 200.216894
0.827018 0.058740 0.559098 -119.899216 -0.037953 0.998091 -0.048722 -14.338005 -0.560893 0.019074 0.827669 201.215294
0.815043 0.060245 0.576259 -119.202772 -0.038100 0.998000 -0.050449 -14.433570 -0.578146 0.019163 0.815708 202.202846
0.802727 0.061750 0.593141 -118.488322 -0.038216 0.997907 -0.052170 -14.531238 -0.595121 0.019211 0.803406 203.179063
0.790082 0.063255 0.609729 -117.756195 -0.038303 0.997812 -0.053883 -14.630981 -0.611803 0.019218 0.790776 204.143475
0.777124 0.064756 0.626007 -117.006737 -0.038361 0.997717 -0.055584 -14.732771 -0.628177 0.019182 0.777834 205.095624
0.763870 0.066252 0.641961 -116.240306 -0.038393 0.997620 -0.057273 -14.836576 -0.644228 0.019102 0.764595 206.035071
0.750335 0.067741 0.657578 -115.457277 -0.038400 0.997522 -0.058945 -14.942360 -0.659942 0.018978 0.751077 206.961391
0.736538 0.069222 0.672845 -114.658034 -0.038382 0.997424 -0.060599 -15.050088 -0.675306 0.018808 0.737298 207.874178
0.722499 0.070692 0.687749 -113.842978 -0.038342 0.997325 -0.062233 -15.159718 -0.690308 0.018594 0.723276 208.773044
0.708236 0.072148 0.702279 -113.012519 -0.038280 0.997225 -0.063845 -15.271210 -0.704937 0.018334 0.709033 209.657622
0.693772 0.073589 0.716425 -112.167080 -0.038198 0.997126 -0.065432 -15.384518 -0.719181 0.018029 0.694589 210.527563
0.679127 0.075013 0.730178 -111.307093 -0.038097 0.997026 -0.066993 -15.499596 -0.733032 0.017679 0.679965 211.382540
0.664323 0.076417 0.743529 -110.433003 -0.037979 0.996926 -0.068526 -15.616394 -0.746480 0.017285 0.665184 212.222248
0.649385 0.077798 0.756470 -109.545262 -0.037845 0.996827 -0.070029 -15.734861 -0.759518 0.016847 0.650269 213.046404
0.634334 0.079155 0.768996 -108.644331 -0.037697 0.996728 -0.071501 -15.854944 -0.772139 0.016367 0.635243 213.854748
0.619196 0.080487 0.781101 -107.730681 -0.037536 0.996630 -0.072940 -15.976588 -0.784339 0.015845 0.620130 214.647045
0.603993 0.081790 0.792782 -106.804787 -0.037363 0.996532 -0.074345 -16.099735 -0.796113 0.015283 0.604954 215.423082
0.588751 0.083064 0.804036 -105.867133 -0.037180 0.996436 -0.075715 -16.224327 -0.807459 0.014683 0.589741 216.182672
0.573493 0.084306 0.814861 -104.918208 -0.036989 0.996341 -0.077049 -16.350303 -0.818375 0.014047 0.574513 216.925654
0.558246 0.085515 0.825257 -103.958506 -0.036791 0.996247 -0.078347 -16.477602 -0.828860 0.013375 0.559297 217.651890
0.543032 0.086691 0.835225 -102.988522 -0.036587 0.996155 -0.079607 -16.606159 -0.838914 0.012671 0.544116 218.361272
0.527877 0.087831 0.844767 -102.008758 -0.036379 0.996064 -0.080829 -16.735913 -0.848541 0.011936 0.528994 219.053713
0.512804 0.088936 0.853887 -101.019714 -0.036169 0.995975 -0.082014 -16.866799 -0.857744 0.011172 0.513956 219.729157
0.497836 0.090005 0.862588 -100.021891 -0.035959 0.995887 -0.083161 -16.998753 -0.866526 0.010383 0.499025 220.387573
0.482995 0.091037 0.870878 -99.015787 -0.035748 0.995802 -0.084270 -17.131710 -0.874893 0.009569 0.484222 221.028955
0.468304 0.092032 0.878761 -98.001902 -0.035540 0.995718 -0.085341 -17.265606 -0.882852 0.008734 0.469570 221.653322
0.453784 0.092990 0.886247 -96.980728 -0.035336 0.995636 -0.086375 -17.400377 -0.890411 0.007880 0.455089 222.260722
0.439453 0.093910 0.893343 -95.952754 -0.035136 0.995556 -0.087371 -17.535958 -0.897578 0.007008 0.440800 222.851225
0.425332 0.094793 0.900059 -94.918464 -0.034941 0.995478 -0.088331 -17.672285 -0.904362 0.006121 0.426721 223.424926
0.411440 0.095638 0.906405 -93.878335 -0.034754 0.995402 -0.089253 -17.809295 -0.910774 0.005221 0.412872 223.981946
0.397792 0.096447 0.912392 -92.832836 -0.034574 0.995329 -0.090140 -17.946925 -0.916824 0.004312 0.399268 224.522428
0.384406 0.097219 0.918031 -91.782428 -0.034404 0.995257 -0.090992 -18.085114 -0.922523 0.003394 0.385928 225.046538
0.371297 0.097957 0.923332 -90.727562 -0.034243 0.995188 -0.091810 -18.223802 -0.927882 0.002471 0.372865 225.554466
0.358480 0.098659 0.928309 -89.668681 -0.034092 0.995120 -0.092595 -18.362930 -0.932915 0.001545 0.360094 226.046423
0.345969 0.099328 0.932974 -88.606215 -0.033952 0.995055 -0.093347 -18.502441 -0.937632 0.000618 0.347630 226.522642
0.333775 0.099963 0.937338 -87.540583 -0.033824 0.994991 -0.094068 -18.642279 -0.942046 -0.000307 0.335484 226.983376
0.321911 0.100567 0.941414 -86.472194 -0.033707 0.994930 -0.094758 -18.782389 -0.946170 -0.001228 0.323669 227.428898
0.310388 0.101139 0.945214 -85.401444 -0.033601 0.994870 -0.095418 -18.922720 -0.950016 -0.002143 0.312194 227.859499
0.299215 0.101680 0.948753 -84.328714 -0.033506 0.994812 -0.096049 -19.063219 -0.953597 -0.003050 0.301070 228.275491
0.288401 0.102192 0.952041 -83.254376 -0.033423 0.994757 -0.096653 -19.203840 -0.956926 -0.003946 0.290305 228.677201
0.277955 0.102676 0.955091 -82.178786 -0.033351 0.994703 -0.097229 -19.344533 -0.960015 -0.004828 0.279907 229.064977
0.267884 0.103133 0.957915 -81.102287 -0.033291 0.994651 -0.097779 -19.485256 -0.962876 -0.005697 0.269884 229.439178
0.258192 0.103564 0.960526 -80.025209 -0.033242 0.994601 -0.098303 -19.625964 -0.965521 -0.006549 0.260241 229.800181
0.248887 0.103971 0.962936 -78.947870 -0.033204 0.994553 -0.098803 -19.766617 -0.967963 -0.007383 0.250984 230.148377
0.239972 0.104354 0.965155 -77.870571 -0.033178 0.994506 -0.099278 -19.907176 -0.970213 -0.008198 0.242116 230.484167
0.231451 0.104715 0.967194 -76.793602 -0.033164 0.994462 -0.099731 -20.047605 -0.972281 -0.008993 0.233642 230.807968
0.223328 0.105056 0.969065 -75.717238 -0.033161 0.994418 -0.100162 -20.187868 -0.974179 -0.009766 0.225565 231.120203
0.215604 0.105377 0.970778 -74.641742 -0.033170 0.994377 -0.100572 -20.327932 -0.975917 -0.010517 0.217887 231.421307
0.208281 0.105679 0.972343 -73.567362 -0.033191 0.994337 -0.100960 -20.467767 -0.977506 -0.011245 0.210609 231.711724
0.201360 0.105964 0.973769 -72.494331 -0.033223 0.994298 -0.101328 -20.607343 -0.978954 -0.011948 0.203733 231.991904
0.194842 0.106232 0.975065 -71.422871 -0.033267 0.994261 -0.101676 -20.746633 -0.980270 -0.012627 0.197258 232.262302
0.188726 0.106483 0.976240 -70.353189 -0.033323 0.994226 -0.102003 -20.885610 -0.981464 -0.013280 0.191184 232.523382
0.183011 0.106719 0.977301 -69.285478 -0.033389 0.994192 -0.102311 -21.024249 -0.982544 -0.013907 0.185511 232.775609
0.177696 0.106941 0.978258 -68.219920 -0.033466 0.994160 -0.102600 -21.162527 -0.983516 -0.014507 0.180237 233.019452
0.172780 0.107148 0.979115 -67.156683 -0.033553 0.994129 -0.102870 -21.300422 -0.984389 -0.015079 0.175360 233.255383
0.168260 0.107341 0.979881 -66.095922 -0.033650 0.994100 -0.103121 -21.437912 -0.985168 -0.015622 0.170879 233.483872
0.164133 0.107522 0.980561 -65.037780 -0.033756 0.994072 -0.103353 -21.574979 -0.985860 -0.016136 0.166790 233.705394
0.160397 0.107690 0.981160 -63.982388 -0.033870 0.994046 -0.103567 -21.711605 -0.986471 -0.016620 0.163090 233.920421
0.157048 0.107846 0.981685 -62.929866 -0.033993 0.994021 -0.103763 -21.847773 -0.987006 -0.017075 0.159775 234.129423
0.154083 0.107991 0.982139 -61.880321 -0.034124 0.993998 -0.103941 -21.983468 -0.987469 -0.017499 0.156843 234.332869
0.151495 0.108125 0.982526 -60.833850 -0.034263 0.993976 -0.104103 -22.118677 -0.987864 -0.017893 0.154287 234.531225
0.149282 0.108250 0.982851 -59.790537 -0.034409 0.993956 -0.104247 -22.253388 -0.988196 -0.018257 0.152104 234.724952
0.147437 0.108366 0.983117 -58.750458 -0.034562 0.993937 -0.104375 -22.387592 -0.988467 -0.018590 0.150288 234.914507
0.145954 0.108472 0.983327 -57.713677 -0.034722 0.993920 -0.104487 -22.521280 -0.988682 -0.018893 0.148833 235.100343
0.144830 0.108570 0.983482 -56.680249 -0.034889 0.993904 -0.104582 -22.654444 -0.988841 -0.019166 0.147735 235.282905
0.144056 0.108659 0.983586 -55.650219 -0.035062 0.993890 -0.104662 -22.787080 -0.988948 -0.019409 0.146985 235.462632
0.143627 0.108741 0.983640 -54.623624 -0.035241 0.993876 -0.104727 -22.919183 -0.989004 -0.019623 0.146580 235.639956
0.143536 0.108814 0.983645 -53.600491 -0.035426 0.993865 -0.104776 -23.050750 -0.989011 -0.019808 0.146510 235.815302
0.143776 0.108881 0.983602 -52.580842 -0.035617 0.993854 -0.104809 -23.181779 -0.988969 -0.019964 0.146771 235.989083
0.144340 0.108939 0.983513 -51.564689 -0.035813 0.993845 -0.104828 -23.312269 -0.988880 -0.020092 0.147353 236.161706
0.145220 0.108990 0.983378 -50.552037 -0.036014 0.993838 -0.104831 -23.442220 -0.988744 -0.020192 0.148250 236.333567
0.146408 0.109033 0.983197 -49.542886 -0.036220 0.993832 -0.104819 -23.571631 -0.988561 -0.020265 0.149454 236.505051
0.147897 0.109068 0.982970 -48.537229 -0.036430 0.993827 -0.104791 -23.700504 -0.988332 -0.020312 0.150957 236.676534
0.149678 0.109094 0.982698 -47.535056 -0.036645 0.993823 -0.104748 -23.828839 -0.988056 -0.020333 0.152751 236.848381
0.151743 0.109112 0.982379 -46.536351 -0.036864 0.993822 -0.104689 -23.956637 -0.987732 -0.020329 0.154827 237.020944
