0.591354 -0.038208 0.805507 2.211008 0.005604 0.999048 0.043274 0.086437 -0.806393 -0.021076 0.591005 1.343099
0.584770 -0.038330 0.810293 2.387962 0.005457 0.999046 0.043320 0.093142 -0.811181 -0.020911 0.584422 1.428785
0.577922 -0.038447 0.815186 2.573936 0.005306 0.999046 0.043358 0.100136 -0.816075 -0.020732 0.577575 1.516430
0.570837 -0.038559 0.820158 2.769185 0.005152 0.999045 0.043384 0.107418 -0.821047 -0.020540 0.570491 1.605956
0.563538 -0.038663 0.825185 2.973964 0.004995 0.999045 0.043398 0.114989 -0.826075 -0.020334 0.563193 1.697278
0.556043 -0.038759 0.830249 3.188524 0.004837 0.999046 0.043399 0.122848 -0.831139 -0.020116 0.555701 1.790303
0.548372 -0.038845 0.835332 3.413113 0.004677 0.999047 0.043388 0.130992 -0.836222 -0.019886 0.548031 1.884935
0.540536 -0.038921 0.840420 3.647978 0.004515 0.999049 0.043363 0.139420 -0.841308 -0.019645 0.540198 1.981067
0.532550 -0.038985 0.845500 3.893361 0.004351 0.999052 0.043325 0.148128 -0.846388 -0.019394 0.532214 2.078588
0.524422 -0.039038 0.850563 4.149500 0.004186 0.999055 0.043273 0.157112 -0.851448 -0.019133 0.524089 2.177378
0.516161 -0.039079 0.855599 4.416630 0.004019 0.999058 0.043206 0.166367 -0.856482 -0.018862 0.515832 2.277314
0.507775 -0.039106 0.860602 4.694981 0.003851 0.999062 0.043125 0.175888 -0.861481 -0.018583 0.507450 2.378262
0.499270 -0.039120 0.865563 4.984780 0.003682 0.999067 0.043030 0.185668 -0.866439 -0.018296 0.498948 2.480083
0.490650 -0.039119 0.870478 5.286247 0.003512 0.999072 0.042919 0.195699 -0.871349 -0.018001 0.490333 2.582630
0.481922 -0.039104 0.875341 5.599600 0.003341 0.999078 0.042792 0.205974 -0.876208 -0.017698 0.481608 2.685750
0.473087 -0.039073 0.880149 5.925050 0.003169 0.999085 0.042650 0.216482 -0.881010 -0.017388 0.472778 2.789283
0.464149 -0.039027 0.884897 6.262801 0.002997 0.999092 0.042492 0.227212 -0.885752 -0.017071 0.463845 2.893060
0.455112 -0.038964 0.889581 6.613056 0.002824 0.999100 0.042316 0.238155 -0.890430 -0.016746 0.454812 2.996909
0.445977 -0.038884 0.894200 6.976010 0.002652 0.999109 0.042124 0.249295 -0.895041 -0.016415 0.445682 3.100649
0.436746 -0.038787 0.898748 7.351850 0.002479 0.999118 0.041913 0.260621 -0.899581 -0.016077 0.436457 3.204091
0.427422 -0.038671 0.903225 7.740762 0.002308 0.999128 0.041685 0.272116 -0.904049 -0.015733 0.427139 3.307045
0.418006 -0.038537 0.907626 8.142924 0.002137 0.999139 0.041439 0.283766 -0.908442 -0.015382 0.417729 3.409309
0.408500 -0.038385 0.911951 8.558507 0.001968 0.999150 0.041173 0.295552 -0.912756 -0.015025 0.408229 3.510680
0.398907 -0.038213 0.916195 8.987677 0.001800 0.999162 0.040889 0.307457 -0.916990 -0.014662 0.398641 3.610948
0.389227 -0.038022 0.920357 9.430595 0.001635 0.999175 0.040586 0.319462 -0.921141 -0.014292 0.388967 3.709897
0.379463 -0.037811 0.924434 9.887413 0.001473 0.999188 0.040264 0.331546 -0.925206 -0.013917 0.379210 3.807308
0.365906 -0.037601 0.929892 10.326220 0.001246 0.999202 0.039914 0.342471 -0.930651 -0.013446 0.365661 3.876152
0.352050 -0.037359 0.935235 10.776225 0.001023 0.999218 0.039530 0.353312 -0.935980 -0.012960 0.351813 3.941145
0.337912 -0.037082 0.940447 11.237373 0.000805 0.999235 0.039111 0.364037 -0.941177 -0.012460 0.337683 4.001991
0.323506 -0.036769 0.945511 11.709596 0.000593 0.999252 0.038656 0.374613 -0.946226 -0.011945 0.323286 4.058395
0.308847 -0.036418 0.950414 12.192811 0.000389 0.999271 0.038164 0.385008 -0.951112 -0.011417 0.308636 4.110062
0.293950 -0.036027 0.955142 12.686926 0.000195 0.999292 0.037632 0.395187 -0.955821 -0.010876 0.293749 4.156700
0.278829 -0.035595 0.959681 13.191833 0.000012 0.999313 0.037061 0.405115 -0.960341 -0.010322 0.278638 4.198018
0.263498 -0.035120 0.964020 13.707416 -0.000158 0.999335 0.036450 0.414754 -0.964660 -0.009757 0.263317 4.233732
0.247972 -0.034602 0.968149 14.233542 -0.000316 0.999359 0.035798 0.424069 -0.968767 -0.009182 0.247802 4.263560
0.232264 -0.034038 0.972057 14.770071 -0.000459 0.999384 0.035105 0.433023 -0.972653 -0.008599 0.232105 4.287226
0.216388 -0.033430 0.975735 15.316849 -0.000586 0.999409 0.034371 0.441578 -0.976307 -0.008010 0.216241 4.304459
0.200358 -0.032776 0.979174 15.873713 -0.000698 0.999435 0.033597 0.449697 -0.979723 -0.007415 0.200222 4.314993
0.184186 -0.032079 0.982368 16.440491 -0.000792 0.999462 0.032785 0.457342 -0.982891 -0.006816 0.184062 4.318572
0.167887 -0.031338 0.985308 17.017001 -0.000867 0.999490 0.031937 0.464478 -0.985806 -0.006216 0.167774 4.314944
0.151472 -0.030555 0.987989 17.603050 -0.000923 0.999517 0.031053 0.471070 -0.988461 -0.005615 0.151370 4.303865
0.134954 -0.029732 0.990406 18.198438 -0.000958 0.999545 0.030136 0.477081 -0.990851 -0.005015 0.134864 4.285100
0.118346 -0.028868 0.992553 18.802956 -0.000971 0.999573 0.029188 0.482479 -0.992972 -0.004418 0.118268 4.258422
0.101660 -0.027966 0.994426 19.416390 -0.000963 0.999602 0.028210 0.487231 -0.994819 -0.003825 0.101593 4.223612
0.084908 -0.027025 0.996022 20.038516 -0.000933 0.999630 0.027203 0.491305 -0.996388 -0.003239 0.084852 4.180461
0.068101 -0.026048 0.997338 20.669105 -0.000879 0.999657 0.026169 0.494669 -0.997678 -0.002659 0.068055 4.128769
0.051249 -0.025036 0.998372 21.307924 -0.000803 0.999684 0.025110 0.497293 -0.998686 -0.002089 0.051213 4.068345
0.034363 -0.023989 0.999121 21.954732 -0.000704 0.999711 0.024028 0.499149 -0.999409 -0.001530 0.034336 3.999005
0.017453 -0.022910 0.999585 22.609287 -0.000582 0.999737 0.022924 0.500209 -0.999848 -0.000982 0.017435 3.920577
0.000529 -0.021799 0.999762 23.271339 -0.000437 0.999762 0.021800 0.500444 -1.000000 -0.000448 0.000519 3.832897
-0.016400 -0.020659 0.999652 23.940638 -0.000268 0.999787 0.020658 0.499831 -0.999865 0.000071 -0.016403 3.735811
-0.033326 -0.019491 0.999254 24.616928 -0.000076 0.999810 0.019499 0.498343 -0.999445 0.000574 -0.033321 3.629176
-0.050045 -0.018299 0.998579 25.300252 0.000139 0.999832 0.018329 0.495968 -0.998747 0.001056 -0.050034 3.513319
-0.066545 -0.017087 0.997637 25.990391 0.000376 0.999853 0.017150 0.492684 -0.997783 0.001517 -0.066529 3.388157
-0.082813 -0.015857 0.996439 26.687127 0.000635 0.999872 0.015965 0.488471 -0.996565 0.001955 -0.082792 3.253617
-0.098836 -0.014612 0.994996 27.390242 0.000915 0.999890 0.014775 0.483314 -0.995103 0.002371 -0.098812 3.109639
-0.114605 -0.013354 0.993321 28.099520 0.001215 0.999907 0.013583 0.477194 -0.993410 0.002763 -0.114578 2.956175
-0.130107 -0.012086 0.991426 28.814748 0.001534 0.999922 0.012391 0.470099 -0.991499 0.003133 -0.130079 2.793187
-0.145335 -0.010810 0.989324 29.535712 0.001872 0.999936 0.011200 0.462014 -0.989381 0.003480 -0.145305 2.620653
-0.160276 -0.009528 0.987026 30.262203 0.002228 0.999947 0.010014 0.452930 -0.987070 0.003804 -0.160246 2.438559
-0.174922 -0.008243 0.984548 30.994012 0.002601 0.999958 0.008834 0.442836 -0.984579 0.004106 -0.174894 2.246909
-0.189265 -0.006957 0.981901 31.730933 0.002991 0.999966 0.007661 0.431724 -0.981922 0.004387 -0.189237 2.045716
-0.203294 -0.005672 0.979101 32.472763 0.003396 0.999973 0.006498 0.419588 -0.979112 0.004647 -0.203269 1.835010
-0.217001 -0.004391 0.976162 33.219304 0.003817 0.999978 0.005346 0.406424 -0.976164 0.004886 -0.216979 1.614832
-0.230378 -0.003115 0.973096 33.970359 0.004250 0.999982 0.004208 0.392230 -0.973092 0.005105 -0.230361 1.385239
-0.243418 -0.001848 0.969920 34.725737 0.004696 0.999984 0.003084 0.377004 -0.969910 0.005306 -0.243406 1.146301
-0.256114 -0.000591 0.966646 35.485248 0.005153 0.999985 0.001977 0.360747 -0.966633 0.005488 -0.256107 0.898102
-0.268458 0.000653 0.963291 36.248708 0.005620 0.999984 0.000889 0.343462 -0.963275 0.005652 -0.268457 0.640739
-0.280443 0.001882 0.959869 37.015937 0.006095 0.999981 -0.000180 0.325155 -0.959851 0.005800 -0.280450 0.374326
-0.292066 0.003094 0.956393 37.786759 0.006577 0.999978 -0.001227 0.305832 -0.956376 0.005932 -0.292079 0.098985
-0.303319 0.004287 0.952879 38.561003 0.007063 0.999973 -0.002251 0.285503 -0.952863 0.006048 -0.303341 -0.185145
-0.314198 0.005459 0.949342 39.338503 0.007554 0.999966 -0.003250 0.264177 -0.949327 0.006150 -0.314229 -0.477915
-0.324700 0.006608 0.945794 40.119097 0.008046 0.999959 -0.004224 0.241867 -0.945783 0.006238 -0.324740 -0.779162
-0.334820 0.007731 0.942250 40.902629 0.008538 0.999950 -0.005171 0.218587 -0.942244 0.006313 -0.334869 -1.088712
-0.344555 0.008827 0.938725 41.688948 0.009028 0.999941 -0.006090 0.194354 -0.938723 0.006376 -0.344614 -1.406381
-0.353903 0.009894 0.935230 42.477908 0.009513 0.999930 -0.006979 0.169185 -0.935234 0.006427 -0.353973 -1.731973
-0.362863 0.010930 0.931778 43.269369 0.009994 0.999919 -0.007838 0.143101 -0.931789 0.006468 -0.362943 -2.065283
-0.371432 0.011934 0.928383 44.063199 0.010466 0.999908 -0.008666 0.116121 -0.928401 0.006497 -0.371523 -2.406097
-0.379618 0.012902 0.925054 44.859268 0.010928 0.999896 -0.009461 0.088270 -0.925079 0.006517 -0.379719 -2.754193
-0.387425 0.013834 0.921798 45.657456 0.011379 0.999883 -0.010223 0.059573 -0.921831 0.006528 -0.387537 -3.109341
-0.394860 0.014727 0.918623 46.457647 0.011816 0.999870 -0.010951 0.030055 -0.918665 0.006530 -0.394982 -3.471306
-0.401929 0.015582 0.915538 47.259733 0.012238 0.999857 -0.011644 -0.000256 -0.915589 0.006524 -0.402062 -3.839845
-0.408639 0.016395 0.912549 48.063610 0.012643 0.999844 -0.012302 -0.031330 -0.912608 0.006511 -0.408783 -4.214713
-0.414996 0.017167 0.909661 48.869183 0.013031 0.999832 -0.012924 -0.063137 -0.909730 0.006490 -0.415150 -4.595659
-0.421006 0.017897 0.906881 49.676362 0.013400 0.999819 -0.013510 -0.095645 -0.906959 0.006464 -0.421170 -4.982430
-0.426676 0.018582 0.904213 50.485061 0.013749 0.999807 -0.014059 -0.128822 -0.904300 0.006434 -0.426849 -5.374767
-0.432012 0.019224 0.901663 51.295202 0.014079 0.999795 -0.014571 -0.162635 -0.901758 0.006400 -0.432194 -5.772412
-0.437021 0.019823 0.899233 52.106712 0.014388 0.999783 -0.015048 -0.197050 -0.899336 0.006362 -0.437211 -6.175101
-0.441708 0.020380 0.896927 52.919522 0.014676 0.999772 -0.015490 -0.232034 -0.897039 0.006321 -0.441907 -6.582569
-0.446081 0.020896 0.894748 53.733567 0.014943 0.999762 -0.015899 -0.267554 -0.894868 0.006278 -0.446287 -6.994550
-0.450147 0.021372 0.892699 54.548789 0.015188 0.999752 -0.016276 -0.303578 -0.892825 0.006232 -0.450360 -7.410777
-0.453911 0.021809 0.890780 55.365133 0.015412 0.999743 -0.016623 -0.340074 -0.890914 0.006184 -0.454130 -7.830983
-0.457380 0.022207 0.888994 56.182549 0.015614 0.999735 -0.016940 -0.377010 -0.889134 0.006133 -0.457606 -8.254898
-0.460562 0.022568 0.887340 57.000990 0.015795 0.999727 -0.017229 -0.414357 -0.887487 0.006080 -0.460793 -8.682255
-0.463463 0.022893 0.885821 57.820413 0.015953 0.999720 -0.017490 -0.452082 -0.885973 0.006026 -0.463698 -9.112787
-0.466089 0.023183 0.884434 58.640775 0.016091 0.999713 -0.017725 -0.490157 -0.884592 0.005971 -0.466328 -9.546226
-0.468445 0.023439 0.883182 59.462037 0.016209 0.999708 -0.017935 -0.528552 -0.883344 0.005914 -0.468688 -9.982307
-0.470539 0.023664 0.882062 60.284163 0.016307 0.999703 -0.018121 -0.567239 -0.882229 0.005858 -0.470785 -10.420763
-0.472375 0.023858 0.881075 61.107117 0.016387 0.999699 -0.018285 -0.606191 -0.881245 0.005801 -0.472624 -10.861329
-0.473960 0.024024 0.880219 61.930864 0.016448 0.999695 -0.018428 -0.645381 -0.880393 0.005743 -0.474210 -11.303743
-0.475298 0.024162 0.879493 62.755372 0.016491 0.999692 -0.018552 -0.684783 -0.879670 0.005686 -0.475550 -11.747740
-0.476396 0.024274 0.878896 63.580610 0.016518 0.999689 -0.018657 -0.724372 -0.879076 0.005630 -0.476649 -12.193062
-0.477258 0.024362 0.878426 64.406546 0.016529 0.999688 -0.018745 -0.764126 -0.878608 0.005573 -0.477511 -12.639448
-0.477889 0.024427 0.878081 65.233151 0.016523 0.999686 -0.018817 -0.804019 -0.878265 0.005516 -0.478142 -13.086644
-0.478293 0.024470 0.877859 66.060396 0.016502 0.999686 -0.018875 -0.844032 -0.878045 0.005459 -0.478547 -13.534396
-0.478477 0.024493 0.877758 66.888255 0.016467 0.999685 -0.018919 -0.884143 -0.877946 0.005402 -0.478730 -13.982453
-0.478443 0.024498 0.877777 67.716702 0.016417 0.999686 -0.018952 -0.924332 -0.877965 0.005343 -0.478695 -14.430569
-0.478196 0.024485 0.877912 68.545713 0.016353 0.999686 -0.018974 -0.964583 -0.878101 0.005283 -0.478446 -14.878500
-0.477740 0.024457 0.878161 69.375266 0.016275 0.999687 -0.018988 -1.004879 -0.878350 0.005221 -0.477989 -15.326007
-0.477080 0.024414 0.878521 70.205339 0.016183 0.999689 -0.018993 -1.045203 -0.878711 0.005155 -0.477326 -15.772855
-0.476219 0.024358 0.878989 71.035915 0.016077 0.999690 -0.018992 -1.085542 -0.879180 0.005086 -0.476463 -16.218814
-0.475162 0.024288 0.879563 71.866977 0.015956 0.999692 -0.018986 -1.125883 -0.879753 0.005013 -0.475404 -16.663659
-0.473915 0.024207 0.880238 72.698510 0.015822 0.999695 -0.018974 -1.166213 -0.880429 0.004935 -0.474153 -17.107171
-0.472480 0.024116 0.881011 73.530500 0.015673 0.999697 -0.018959 -1.206522 -0.881202 0.004850 -0.472715 -17.549139
-0.470864 0.024014 0.881879 74.362935 0.015510 0.999700 -0.018942 -1.246800 -0.882069 0.004759 -0.471095 -17.989356
-0.469071 0.023904 0.882837 75.195806 0.015333 0.999703 -0.018922 -1.287038 -0.883027 0.004661 -0.469298 -18.427624
-0.467106 0.023786 0.883881 76.029103 0.015142 0.999707 -0.018901 -1.327227 -0.884072 0.004555 -0.467329 -18.863753
-0.464974 0.023660 0.885008 76.862820 0.014938 0.999710 -0.018878 -1.367360 -0.885198 0.004443 -0.465193 -19.297558
-0.462680 0.023528 0.886213 77.696952 0.014722 0.999714 -0.018856 -1.407431 -0.886403 0.004323 -0.462894 -19.728861
-0.460227 0.023391 0.887493 78.531493 0.014493 0.999718 -0.018833 -1.447436 -0.887683 0.004195 -0.460436 -20.157493
-0.457622 0.023249 0.888843 79.366441 0.014253 0.999721 -0.018811 -1.487368 -0.889033 0.004061 -0.457826 -20.583289
-0.454868 0.023103 0.890259 80.201794 0.014002 0.999725 -0.018789 -1.527224 -0.890449 0.003919 -0.455066 -21.006093
-0.451969 0.022953 0.891738 81.037549 0.013740 0.999729 -0.018769 -1.567002 -0.891928 0.003769 -0.452162 -21.425754
-0.448931 0.022802 0.893276 81.873706 0.013469 0.999733 -0.018751 -1.606698 -0.893465 0.003613 -0.449118 -21.842128
-0.445756 0.022650 0.894868 82.710265 0.013189 0.999737 -0.018735 -1.646311 -0.895057 0.003451 -0.445938 -22.255076
-0.442449 0.022498 0.896511 83.547226 0.012901 0.999741 -0.018722 -1.685841 -0.896701 0.003283 -0.442625 -22.664468
-0.439015 0.022348 0.898202 84.384590 0.012607 0.999745 -0.018712 -1.725287 -0.898391 0.003109 -0.439185 -23.070177
-0.435456 0.022199 0.899936 85.222356 0.012308 0.999749 -0.018705 -1.764650 -0.900126 0.002931 -0.435620 -23.472081
-0.431776 0.022054 0.901711 86.060526 0.012004 0.999753 -0.018704 -1.803933 -0.901901 0.002748 -0.431934 -23.870065
-0.427981 0.021913 0.903522 86.899097 0.011696 0.999757 -0.018707 -1.843137 -0.903712 0.002561 -0.428133 -24.264020
-0.424073 0.021779 0.905366 87.738069 0.011385 0.999760 -0.018716 -1.882266 -0.905556 0.002371 -0.424219 -24.653840
-0.420058 0.021651 0.907239 88.577440 0.011073 0.999763 -0.018732 -1.921325 -0.907430 0.002177 -0.420198 -25.039426
-0.415938 0.021531 0.909138 89.417205 0.010759 0.999766 -0.018755 -1.960319 -0.909329 0.001981 -0.416072 -25.420683
-0.411718 0.021419 0.911060 90.257361 0.010445 0.999769 -0.018785 -1.999254 -0.911251 0.001782 -0.411847 -25.797523
-0.407403 0.021318 0.913000 91.097899 0.010131 0.999772 -0.018823 -2.038135 -0.913193 0.001581 -0.407525 -26.169860
-0.402996 0.021227 0.914956 91.938813 0.009817 0.999774 -0.018871 -2.076971 -0.915149 0.001377 -0.403113 -26.537615
-0.398502 0.021148 0.916923 92.780092 0.009504 0.999776 -0.018928 -2.115769 -0.917118 0.001172 -0.398614 -26.900713
-0.393926 0.021079 0.918900 93.621726 0.009192 0.999777 -0.018994 -2.154537 -0.919096 0.000964 -0.394033 -27.259085
-0.389273 0.021023 0.920883 94.463702 0.008882 0.999779 -0.019069 -2.193283 -0.921080 0.000756 -0.389374 -27.612668
-0.384546 0.020977 0.922867 95.306005 0.008573 0.999780 -0.019153 -2.232015 -0.923066 0.000547 -0.384642 -27.961403
-0.379751 0.020943 0.924852 96.148619 0.008267 0.999781 -0.019246 -2.270740 -0.925052 0.000338 -0.379841 -28.305236
-0.374892 0.020922 0.926832 96.991525 0.007964 0.999781 -0.019347 -2.309468 -0.927034 0.000129 -0.374977 -28.644120
-0.369974 0.020912 0.928807 97.834702 0.007665 0.999781 -0.019457 -2.348204 -0.929010 -0.000079 -0.370054 -28.978010
-0.365002 0.020914 0.930772 98.678128 0.007369 0.999781 -0.019575 -2.386959 -0.930978 -0.000286 -0.365076 -29.306868
-0.359980 0.020929 0.932725 99.521780 0.007077 0.999781 -0.019702 -2.425739 -0.932933 -0.000492 -0.360049 -29.630659
-0.354913 0.020956 0.934664 100.365631 0.006789 0.999780 -0.019838 -2.464552 -0.934875 -0.000696 -0.354977 -29.949354
-0.349806 0.020995 0.936587 101.209655 0.006504 0.999779 -0.019982 -2.503408 -0.936800 -0.000899 -0.349866 -30.262929
-0.344665 0.021045 0.938490 102.053822 0.006222 0.999778 -0.020135 -2.542312 -0.938705 -0.001100 -0.344719 -30.571365
-0.339493 0.021107 0.940372 102.898102 0.005944 0.999776 -0.020294 -2.581274 -0.940590 -0.001300 -0.339542 -30.874647
-0.334295 0.021179 0.942230 103.742463 0.005669 0.999775 -0.020461 -2.620299 -0.942451 -0.001499 -0.334340 -31.172766
-0.329077 0.021262 0.944064 104.586869 0.005397 0.999772 -0.020636 -2.659395 -0.944288 -0.001696 -0.329117 -31.465718
-0.323842 0.021356 0.945870 105.431287 0.005128 0.999770 -0.020817 -2.698568 -0.946097 -0.001891 -0.323877 -31.753500
-0.318595 0.021461 0.947648 106.275676 0.004863 0.999768 -0.021006 -2.737826 -0.947878 -0.002084 -0.318625 -32.036118
-0.313339 0.021576 0.949396 107.120000 0.004603 0.999765 -0.021202 -2.777175 -0.949630 -0.002274 -0.313365 -32.313577
-0.308078 0.021702 0.951114 107.964216 0.004346 0.999761 -0.021404 -2.816619 -0.951351 -0.002461 -0.308099 -32.585888
-0.302815 0.021838 0.952799 108.808283 0.004094 0.999758 -0.021613 -2.856166 -0.953041 -0.002644 -0.302831 -32.853064
-0.297552 0.021984 0.954452 109.652157 0.003848 0.999754 -0.021828 -2.895818 -0.954698 -0.002822 -0.297564 -33.115121
-0.292292 0.022139 0.956073 110.495792 0.003606 0.999750 -0.022048 -2.935582 -0.956322 -0.002996 -0.292299 -33.372076
-0.287038 0.022303 0.957660 111.339141 0.003371 0.999746 -0.022273 -2.975458 -0.957913 -0.003165 -0.287040 -33.623949
-0.281790 0.022475 0.959213 112.182154 0.003142 0.999742 -0.022502 -3.015452 -0.959471 -0.003326 -0.281787 -33.870761
-0.276549 0.022655 0.960733 113.024781 0.002921 0.999737 -0.022734 -3.055564 -0.960995 -0.003480 -0.276543 -34.112535
-0.271318 0.022843 0.962219 113.866969 0.002708 0.999732 -0.022970 -3.095797 -0.962486 -0.003626 -0.271307 -34.349295
-0.266095 0.023037 0.963672 114.708664 0.002504 0.999728 -0.023208 -3.136150 -0.963944 -0.003762 -0.266080 -34.581064
-0.260881 0.023239 0.965091 115.549809 0.002309 0.999722 -0.023448 -3.176626 -0.965368 -0.003889 -0.260862 -34.807865
-0.255675 0.023446 0.966478 116.390348 0.002124 0.999717 -0.023691 -3.217223 -0.966760 -0.004004 -0.255653 -35.029721
-0.250477 0.023660 0.967833 117.230222 0.001949 0.999712 -0.023935 -3.257942 -0.968121 -0.004109 -0.250451 -35.246653
-0.245286 0.023879 0.969157 118.069368 0.001783 0.999706 -0.024181 -3.298781 -0.969449 -0.004203 -0.245256 -35.458682
-0.240101 0.024104 0.970449 118.907726 0.001626 0.999700 -0.024428 -3.339741 -0.970747 -0.004287 -0.240068 -35.665828
-0.234921 0.024335 0.971710 119.745232 0.001479 0.999694 -0.024678 -3.380820 -0.972013 -0.004361 -0.234885 -35.868110
-0.229745 0.024571 0.972941 120.581821 0.001340 0.999688 -0.024930 -3.422016 -0.973250 -0.004424 -0.229706 -36.065548
-0.224572 0.024812 0.974142 121.417426 0.001209 0.999682 -0.025184 -3.463330 -0.974457 -0.004477 -0.224531 -36.258158
-0.219402 0.025059 0.975313 122.251980 0.001087 0.999676 -0.025441 -3.504759 -0.975634 -0.004522 -0.219358 -36.445959
-0.214234 0.025311 0.976454 123.085416 0.000972 0.999669 -0.025700 -3.546303 -0.976782 -0.004557 -0.214188 -36.628969
-0.209068 0.025568 0.977567 123.917664 0.000863 0.999663 -0.025962 -3.587958 -0.977901 -0.004584 -0.209019 -36.807204
-0.203903 0.025830 0.978650 124.748655 0.000760 0.999656 -0.026226 -3.629725 -0.978991 -0.004604 -0.203852 -36.980680
-0.198739 0.026095 0.979705 125.578318 0.000661 0.999649 -0.026492 -3.671602 -0.980052 -0.004617 -0.198686 -37.149415
-0.193575 0.026364 0.980731 126.406583 0.000566 0.999642 -0.026760 -3.713586 -0.981085 -0.004625 -0.193521 -37.313424
-0.188413 0.026635 0.981729 127.233378 0.000473 0.999635 -0.027030 -3.755674 -0.982090 -0.004628 -0.188357 -37.472726
-0.183252 0.026908 0.982698 128.058633 0.000382 0.999627 -0.027300 -3.797864 -0.983066 -0.004627 -0.183194 -37.627338
-0.178092 0.027182 0.983638 128.882279 0.000292 0.999620 -0.027570 -3.840153 -0.984014 -0.004623 -0.178032 -37.777278
-0.172933 0.027455 0.984551 129.704244 0.000203 0.999612 -0.027839 -3.882535 -0.984934 -0.004614 -0.172872 -37.922566
-0.167776 0.027726 0.985435 130.524460 0.000114 0.999605 -0.028106 -3.925008 -0.985825 -0.004603 -0.167713 -38.063220
-0.162621 0.027996 0.986291 131.342858 0.000024 0.999597 -0.028370 -3.967564 -0.986689 -0.004590 -0.162556 -38.199261
-0.157468 0.028262 0.987120 132.159370 -0.000067 0.999590 -0.028629 -4.010198 -0.987524 -0.004574 -0.157401 -38.330710
-0.152316 0.028523 0.987920 132.973932 -0.000159 0.999583 -0.028884 -4.052905 -0.988332 -0.004557 -0.152248 -38.457586
-0.147166 0.028777 0.988693 133.786477 -0.000253 0.999576 -0.029132 -4.095675 -0.989112 -0.004537 -0.147096 -38.579913
-0.142016 0.029025 0.989439 134.596942 -0.000348 0.999568 -0.029372 -4.138502 -0.989864 -0.004515 -0.141945 -38.697711
-0.136866 0.029264 0.990157 135.405263 -0.000444 0.999562 -0.029604 -4.181377 -0.990589 -0.004491 -0.136793 -38.810999
-0.131714 0.029495 0.990849 136.211381 -0.000543 0.999555 -0.029826 -4.224290 -0.991288 -0.004466 -0.131639 -38.919797
-0.126558 0.029716 0.991514 137.015233 -0.000643 0.999549 -0.030039 -4.267232 -0.991959 -0.004439 -0.126482 -39.024123
-0.121396 0.029926 0.992153 137.816764 -0.000746 0.999542 -0.030240 -4.310194 -0.992604 -0.004412 -0.121318 -39.123994
-0.116226 0.030124 0.992766 138.615915 -0.000853 0.999537 -0.030429 -4.353164 -0.993222 -0.004383 -0.116147 -39.219425
-0.111046 0.030309 0.993353 139.412632 -0.000962 0.999531 -0.030605 -4.396131 -0.993815 -0.004354 -0.110964 -39.310429
-0.105851 0.030481 0.993915 140.206862 -0.001074 0.999526 -0.030767 -4.439083 -0.994381 -0.004324 -0.105768 -39.397019
-0.100639 0.030638 0.994451 140.998553 -0.001189 0.999521 -0.030915 -4.482007 -0.994922 -0.004294 -0.100554 -39.479202
-0.095406 0.030780 0.994962 141.787658 -0.001307 0.999517 -0.031046 -4.524892 -0.995438 -0.004263 -0.095320 -39.556986
-0.090148 0.030905 0.995449 142.574129 -0.001428 0.999513 -0.031160 -4.567722 -0.995927 -0.004231 -0.090060 -39.630376
-0.084862 0.031013 0.995910 143.357923 -0.001552 0.999510 -0.031257 -4.610483 -0.996392 -0.004198 -0.084772 -39.699374
-0.079542 0.031102 0.996346 144.138999 -0.001678 0.999508 -0.031335 -4.653161 -0.996830 -0.004164 -0.079451 -39.763978
-0.074186 0.031172 0.996757 144.917318 -0.001807 0.999505 -0.031393 -4.695740 -0.997243 -0.004130 -0.074093 -39.824185
-0.068790 0.031222 0.997142 145.692846 -0.001938 0.999504 -0.031430 -4.738204 -0.997629 -0.004094 -0.068695 -39.879987
-0.063349 0.031251 0.997502 146.465550 -0.002072 0.999503 -0.031445 -4.780536 -0.997989 -0.004058 -0.063253 -39.931378
-0.057861 0.031256 0.997835 147.235402 -0.002208 0.999503 -0.031436 -4.822718 -0.998322 -0.004022 -0.057763 -39.978344
-0.052322 0.031238 0.998142 148.002374 -0.002346 0.999504 -0.031403 -4.864734 -0.998628 -0.003985 -0.052223 -40.020874
-0.046730 0.031194 0.998420 148.766445 -0.002488 0.999506 -0.031345 -4.906563 -0.998904 -0.003949 -0.046630 -40.058952
-0.041084 0.031125 0.998671 149.527594 -0.002633 0.999508 -0.031259 -4.948187 -0.999152 -0.003913 -0.040981 -40.092564
-0.035381 0.031029 0.998892 150.285803 -0.002780 0.999511 -0.031147 -4.989587 -0.999370 -0.003879 -0.035277 -40.121692
-0.029621 0.030906 0.999083 151.041060 -0.002931 0.999515 -0.031007 -5.030744 -0.999557 -0.003847 -0.029516 -40.146321
-0.023803 0.030756 0.999243 151.793353 -0.003085 0.999520 -0.030838 -5.071638 -0.999712 -0.003816 -0.023697 -40.166432
-0.017928 0.030579 0.999372 152.542674 -0.003242 0.999525 -0.030642 -5.112248 -0.999834 -0.003789 -0.017821 -40.182010
-0.011997 0.030375 0.999467 153.289018 -0.003403 0.999531 -0.030417 -5.152556 -0.999922 -0.003766 -0.011888 -40.193036
-0.006010 0.030143 0.999528 154.032386 -0.003568 0.999539 -0.030165 -5.192543 -0.999976 -0.003747 -0.005900 -40.199495
0.000030 0.029884 0.999553 154.772779 -0.003736 0.999546 -0.029884 -5.232187 -0.999993 -0.003734 0.000142 -40.201371
0.006122 0.029599 0.999543 155.510203 -0.003909 0.999555 -0.029575 -5.271472 -0.999974 -0.003726 0.006235 -40.198651
0.012262 0.029286 0.999496 156.244667 -0.004086 0.999564 -0.029238 -5.310378 -0.999916 -0.003725 0.012376 -40.191323
0.018447 0.028947 0.999411 156.976185 -0.004266 0.999574 -0.028873 -5.348886 -0.999821 -0.003730 0.018562 -40.179378
0.024673 0.028581 0.999287 157.704772 -0.004448 0.999584 -0.028480 -5.386979 -0.999686 -0.003742 0.024790 -40.162809
0.030938 0.028188 0.999124 158.430450 -0.004633 0.999596 -0.028058 -5.424638 -0.999511 -0.003761 0.031056 -40.141610
0.037236 0.027769 0.998921 159.153242 -0.004819 0.999607 -0.027608 -5.461845 -0.999295 -0.003785 0.037355 -40.115778
0.043564 0.027322 0.998677 159.873177 -0.005005 0.999619 -0.027130 -5.498583 -0.999038 -0.003817 0.043684 -40.085313
0.049917 0.026848 0.998392 160.590286 -0.005192 0.999632 -0.026622 -5.534832 -0.998740 -0.003854 0.050038 -40.050215
0.056291 0.026345 0.998067 161.304605 -0.005377 0.999645 -0.026084 -5.570577 -0.998400 -0.003899 0.056412 -40.010489
0.062682 0.025813 0.997700 162.016174 -0.005561 0.999659 -0.025515 -5.605798 -0.998018 -0.003949 0.062804 -39.966139
0.069085 0.025253 0.997291 162.725035 -0.005742 0.999673 -0.024915 -5.640478 -0.997594 -0.004005 0.069208 -39.917172
0.075498 0.024663 0.996841 163.431233 -0.005919 0.999688 -0.024285 -5.674599 -0.997128 -0.004066 0.075620 -39.863598
0.081916 0.024045 0.996349 164.134818 -0.006090 0.999702 -0.023625 -5.708141 -0.996621 -0.004132 0.082038 -39.805427
0.088336 0.023398 0.995816 164.835843 -0.006255 0.999717 -0.022935 -5.741089 -0.996071 -0.004203 0.088457 -39.742670
0.094755 0.022723 0.995241 165.534361 -0.006412 0.999733 -0.022215 -5.773423 -0.995480 -0.004277 0.094875 -39.675340
0.101169 0.022021 0.994625 166.230432 -0.006562 0.999748 -0.021467 -5.805128 -0.994848 -0.004355 0.101288 -39.603449
0.107577 0.021292 0.993969 166.924117 -0.006703 0.999763 -0.020691 -5.836186 -0.994174 -0.004437 0.107695 -39.527010
0.113976 0.020538 0.993271 167.615478 -0.006835 0.999779 -0.019888 -5.866584 -0.993460 -0.004523 0.114091 -39.446037
0.120363 0.019759 0.992533 168.304583 -0.006958 0.999794 -0.019060 -5.896304 -0.992706 -0.004612 0.120476 -39.360544
0.126736 0.018956 0.991755 168.991499 -0.007070 0.999809 -0.018206 -5.925334 -0.991911 -0.004704 0.126846 -39.270544
0.133092 0.018130 0.990938 169.676298 -0.007172 0.999824 -0.017329 -5.953659 -0.991078 -0.004801 0.133199 -39.176053
0.139430 0.017283 0.990081 170.359052 -0.007264 0.999839 -0.016430 -5.981265 -0.990205 -0.004901 0.139533 -39.077083
0.145745 0.016416 0.989186 171.039835 -0.007346 0.999853 -0.015511 -6.008141 -0.989295 -0.005006 0.145844 -38.973650
0.152035 0.015530 0.988253 171.718727 -0.007418 0.999866 -0.014572 -6.034275 -0.988347 -0.005115 0.152130 -38.865770
0.158296 0.014627 0.987283 172.395806 -0.007480 0.999879 -0.013614 -6.059656 -0.987363 -0.005230 0.158387 -38.753459
0.164525 0.013706 0.986278 173.071155 -0.007533 0.999892 -0.012638 -6.084273 -0.986344 -0.005350 0.164610 -38.636737
0.170716 0.012769 0.985238 173.744857 -0.007576 0.999903 -0.011647 -6.108117 -0.985291 -0.005476 0.170796 -38.515623
0.176865 0.011818 0.984164 174.416999 -0.007610 0.999914 -0.010639 -6.131178 -0.984206 -0.005608 0.176940 -38.390141
0.182968 0.010853 0.983059 175.087670 -0.007635 0.999925 -0.009618 -6.153448 -0.983089 -0.005745 0.183037 -38.260316
0.189019 0.009875 0.981924 175.756958 -0.007650 0.999934 -0.008584 -6.174920 -0.981944 -0.005890 0.189082 -38.126177
0.195011 0.008886 0.980761 176.424957 -0.007657 0.999942 -0.007538 -6.195586 -0.980771 -0.006040 0.195068 -37.987754
0.200939 0.007887 0.979572 177.091759 -0.007655 0.999950 -0.006481 -6.215441 -0.979574 -0.006197 0.200990 -37.845082
0.206798 0.006879 0.978359 177.757459 -0.007645 0.999956 -0.005415 -6.234478 -0.978354 -0.006360 0.206841 -37.698198
0.212580 0.005863 0.977126 178.422149 -0.007627 0.999961 -0.004341 -6.252694 -0.977114 -0.006529 0.212617 -37.547145
0.218280 0.004841 0.975874 179.085926 -0.007601 0.999966 -0.003260 -6.270083 -0.975856 -0.006706 0.218310 -37.391967
0.223892 0.003813 0.974606 179.748883 -0.007568 0.999969 -0.002174 -6.286644 -0.974584 -0.006889 0.223914 -37.232711
0.229411 0.002782 0.973326 180.411116 -0.007528 0.999971 -0.001084 -6.302372 -0.973301 -0.007079 0.229425 -37.069430
0.234829 0.001749 0.972035 181.072717 -0.007483 0.999972 0.000009 -6.317268 -0.972008 -0.007276 0.234835 -36.902179
0.240142 0.000714 0.970737 181.733780 -0.007433 0.999972 0.001103 -6.331331 -0.970709 -0.007480 0.240141 -36.731016
0.245346 -0.000319 0.969436 182.394397 -0.007378 0.999970 0.002196 -6.344560 -0.969408 -0.007691 0.245336 -36.556003
0.250434 -0.001350 0.968133 183.054658 -0.007320 0.999968 0.003288 -6.356957 -0.968106 -0.007910 0.250416 -36.377206
0.255404 -0.002378 0.966832 183.714655 -0.007258 0.999964 0.004376 -6.368523 -0.966807 -0.008135 0.255377 -36.194691
0.260251 -0.003401 0.965535 184.374476 -0.007194 0.999959 0.005461 -6.379262 -0.965514 -0.008367 0.260216 -36.008528
0.264973 -0.004418 0.964246 185.034210 -0.007128 0.999953 0.006541 -6.389176 -0.964230 -0.008606 0.264929 -35.818788
0.269566 -0.005429 0.962967 185.693944 -0.007061 0.999946 0.007615 -6.398270 -0.962956 -0.008853 0.269513 -35.625545
0.274029 -0.006434 0.961700 186.353764 -0.006994 0.999938 0.008683 -6.406547 -0.961696 -0.009106 0.273967 -35.428874
0.278360 -0.007432 0.960448 187.013753 -0.006927 0.999929 0.009745 -6.414012 -0.960452 -0.009366 0.278289 -35.228850
0.282558 -0.008423 0.959213 187.673994 -0.006861 0.999918 0.010801 -6.420671 -0.959226 -0.009633 0.282477 -35.025551
0.286622 -0.009406 0.957998 188.334567 -0.006795 0.999907 0.011850 -6.426528 -0.958020 -0.009906 0.286531 -34.819054
0.290552 -0.010382 0.956803 188.995550 -0.006731 0.999894 0.012893 -6.431589 -0.956836 -0.010186 0.290451 -34.609437
0.294348 -0.011349 0.955631 189.657020 -0.006668 0.999881 0.013929 -6.435860 -0.955675 -0.010472 0.294237 -34.396779
0.298012 -0.012309 0.954483 190.319048 -0.006608 0.999866 0.014958 -6.439344 -0.954539 -0.010764 0.297891 -34.181155
0.301545 -0.013262 0.953360 190.981708 -0.006550 0.999851 0.015980 -6.442049 -0.953430 -0.011063 0.301413 -33.962643
0.304948 -0.014206 0.952263 191.645067 -0.006496 0.999834 0.016996 -6.443977 -0.952347 -0.011368 0.304805 -33.741317
0.308225 -0.015143 0.951193 192.309190 -0.006445 0.999817 0.018006 -6.445135 -0.951292 -0.011680 0.308071 -33.517251
0.311379 -0.016072 0.950150 192.974140 -0.006399 0.999799 0.019009 -6.445527 -0.950264 -0.011999 0.311213 -33.290516
0.314412 -0.016993 0.949135 193.639975 -0.006358 0.999780 0.020006 -6.445157 -0.949265 -0.012324 0.314234 -33.061181
0.317328 -0.017904 0.948147 194.306749 -0.006323 0.999760 0.020995 -6.444030 -0.948295 -0.012658 0.317138 -32.829314
0.320131 -0.018805 0.947187 194.974514 -0.006295 0.999739 0.021976 -6.442150 -0.947352 -0.012998 0.319929 -32.594981
0.322825 -0.019693 0.946254 195.643318 -0.006275 0.999717 0.022946 -6.439524 -0.946438 -0.013345 0.322610 -32.358245
0.325413 -0.020569 0.945348 196.313207 -0.006263 0.999695 0.023907 -6.436155 -0.945551 -0.013700 0.325185 -32.119166
0.327900 -0.021431 0.944469 196.984222 -0.006260 0.999671 0.024857 -6.432051 -0.944692 -0.014063 0.327658 -31.877803
0.330288 -0.022280 0.943617 197.656403 -0.006268 0.999648 0.025797 -6.427218 -0.943859 -0.014435 0.330032 -31.634214
0.332582 -0.023115 0.942791 198.329785 -0.006286 0.999623 0.026726 -6.421662 -0.943053 -0.014815 0.332312 -31.388452
0.334786 -0.023936 0.941990 199.004399 -0.006315 0.999598 0.027644 -6.415389 -0.942273 -0.015203 0.334500 -31.140572
0.336901 -0.024742 0.941215 199.680276 -0.006355 0.999572 0.028551 -6.408406 -0.941519 -0.015600 0.336600 -30.890625
0.338932 -0.025533 0.940464 200.357439 -0.006407 0.999546 0.029446 -6.400719 -0.940789 -0.016006 0.338615 -30.638660
0.340883 -0.026310 0.939738 201.035910 -0.006471 0.999519 0.030331 -6.392332 -0.940084 -0.016420 0.340548 -30.384727
0.342755 -0.027072 0.939035 201.715709 -0.006548 0.999492 0.031205 -6.383253 -0.939402 -0.016844 0.342403 -30.128871
0.344552 -0.027819 0.938355 202.396849 -0.006637 0.999464 0.032068 -6.373485 -0.938744 -0.017277 0.344183 -29.871137
0.346278 -0.028551 0.937697 203.079345 -0.006740 0.999435 0.032919 -6.363035 -0.938108 -0.017719 0.345890 -29.611570
0.347935 -0.029267 0.937062 203.763204 -0.006855 0.999406 0.033760 -6.351908 -0.937494 -0.018170 0.347528 -29.350211
0.349526 -0.029969 0.936447 204.448433 -0.006984 0.999377 0.034590 -6.340110 -0.936901 -0.018630 0.349099 -29.087103
0.351056 -0.030656 0.935852 205.135032 -0.007124 0.999348 0.035409 -6.327644 -0.936327 -0.019098 0.350609 -28.822283
0.352528 -0.031329 0.935277 205.823002 -0.007277 0.999317 0.036217 -6.314517 -0.935773 -0.019574 0.352060 -28.555790
0.353947 -0.031986 0.934718 206.512337 -0.007442 0.999287 0.037014 -6.300734 -0.935236 -0.020057 0.353456 -28.287659
0.355315 -0.032628 0.934177 207.203028 -0.007619 0.999256 0.037799 -6.286298 -0.934715 -0.020548 0.354802 -28.017922
0.356639 -0.033256 0.933650 207.895066 -0.007806 0.999225 0.038574 -6.271216 -0.934210 -0.021045 0.356103 -27.746610
0.357922 -0.033869 0.933137 208.588436 -0.008003 0.999194 0.039337 -6.255491 -0.933717 -0.021547 0.357362 -27.473749
0.359170 -0.034469 0.932635 209.283118 -0.008210 0.999162 0.040089 -6.239129 -0.933236 -0.022056 0.358586 -27.199365
0.360388 -0.035054 0.932144 209.979092 -0.008427 0.999131 0.040831 -6.222133 -0.932764 -0.022570 0.359779 -26.923476
0.361581 -0.035625 0.931660 210.676333 -0.008653 0.999098 0.041562 -6.204507 -0.932300 -0.023089 0.360947 -26.646101
0.362756 -0.036183 0.931181 211.374816 -0.008887 0.999066 0.042283 -6.186257 -0.931842 -0.023614 0.362096 -26.367251
0.363917 -0.036727 0.930707 212.074512 -0.009131 0.999034 0.042994 -6.167385 -0.931387 -0.024144 0.363230 -26.086937
0.365070 -0.037259 0.930234 212.775388 -0.009382 0.999001 0.043695 -6.147897 -0.930933 -0.024679 0.364356 -25.805165
0.366221 -0.037778 0.929761 213.477414 -0.009641 0.998968 0.044388 -6.127795 -0.930478 -0.025219 0.365478 -25.521937
0.367373 -0.038285 0.929285 214.180554 -0.009907 0.998935 0.045071 -6.107085 -0.930021 -0.025764 0.366603 -25.237253
0.368534 -0.038781 0.928805 214.884775 -0.010179 0.998901 0.045746 -6.085770 -0.929559 -0.026313 0.367734 -24.951109
0.369706 -0.039265 0.928319 215.590038 -0.010456 0.998868 0.046413 -6.063854 -0.929090 -0.026866 0.368877 -24.663497
0.370895 -0.039739 0.927824 216.296308 -0.010738 0.998834 0.047073 -6.041340 -0.928613 -0.027422 0.370036 -24.374407
0.372104 -0.040203 0.927320 217.003546 -0.011024 0.998800 0.047725 -6.018232 -0.928125 -0.027981 0.371215 -24.083826
0.373339 -0.040656 0.926804 217.711711 -0.011313 0.998765 0.048370 -5.994534 -0.927626 -0.028543 0.372418 -23.791739
0.374601 -0.041098 0.926275 218.420763 -0.011605 0.998731 0.049007 -5.970248 -0.927113 -0.029107 0.373649 -23.498127
0.375896 -0.041530 0.925731 219.130662 -0.011898 0.998697 0.049635 -5.945378 -0.926586 -0.029672 0.374911 -23.202969
0.377224 -0.041951 0.925171 219.841364 -0.012193 0.998662 0.050255 -5.919929 -0.926042 -0.030238 0.376208 -22.906245
0.378590 -0.042361 0.924595 220.552828 -0.012487 0.998627 0.050866 -5.893904 -0.925480 -0.030803 0.377541 -22.607930
0.379995 -0.042760 0.924000 221.265010 -0.012782 0.998593 0.051468 -5.867307 -0.924900 -0.031368 0.378914 -22.307998
0.381442 -0.043146 0.923385 221.977867 -0.013075 0.998558 0.052060 -5.840142 -0.924300 -0.031931 0.380328 -22.006422
0.382932 -0.043522 0.922751 222.691357 -0.013368 0.998524 0.052643 -5.812413 -0.923680 -0.032494 0.381785 -21.703174
0.384466 -0.043885 0.922095 223.405435 -0.013659 0.998490 0.053216 -5.784126 -0.923038 -0.033055 0.383286 -21.398225
0.386046 -0.044237 0.921418 224.120060 -0.013949 0.998455 0.053780 -5.755285 -0.922374 -0.033614 0.384833 -21.091545
0.387672 -0.044576 0.920719 224.835186 -0.014237 0.998421 0.054332 -5.725893 -0.921688 -0.034171 0.386425 -20.783104
0.389343 -0.044902 0.919998 225.550770 -0.014523 0.998388 0.054874 -5.695957 -0.920978 -0.034726 0.388063 -20.472872
0.391061 -0.045213 0.919254 226.266769 -0.014807 0.998354 0.055403 -5.665483 -0.920246 -0.035278 0.389748 -20.160820
0.392823 -0.045509 0.918487 226.983139 -0.015090 0.998321 0.055919 -5.634476 -0.919490 -0.035826 0.391477 -19.846920
0.394630 -0.045789 0.917699 227.699839 -0.015371 0.998289 0.056420 -5.602944 -0.918712 -0.036371 0.393251 -19.531144
0.396479 -0.046053 0.916888 228.416828 -0.015649 0.998257 0.056907 -5.570894 -0.917910 -0.036911 0.395067 -19.213466
0.398370 -0.046301 0.916056 229.134066 -0.015924 0.998225 0.057379 -5.538334 -0.917087 -0.037446 0.396925 -18.893862
0.400299 -0.046534 0.915202 229.851515 -0.016197 0.998195 0.057838 -5.505273 -0.916241 -0.037976 0.398823 -18.572307
0.402267 -0.046753 0.914328 230.569136 -0.016465 0.998164 0.058284 -5.471719 -0.915374 -0.038500 0.400759 -18.248780
0.404270 -0.046957 0.913433 231.286894 -0.016730 0.998135 0.058715 -5.437680 -0.914487 -0.039018 0.402731 -17.923259
0.406307 -0.047147 0.912519 232.004752 -0.016990 0.998105 0.059133 -5.403164 -0.913578 -0.039530 0.404737 -17.595724
0.408376 -0.047322 0.911586 232.722674 -0.017246 0.998077 0.059538 -5.368179 -0.912651 -0.040035 0.406775 -17.266158
0.410475 -0.047483 0.910635 233.440628 -0.017498 0.998049 0.059929 -5.332733 -0.911704 -0.040533 0.408844 -16.934543
0.412602 -0.047630 0.909665 234.158580 -0.017745 0.998022 0.060305 -5.296836 -0.910738 -0.041024 0.410941 -16.600863
0.414756 -0.047763 0.908678 234.876499 -0.017988 0.997996 0.060668 -5.260496 -0.909755 -0.041508 0.413065 -16.265103
0.416933 -0.047880 0.907675 235.594354 -0.018226 0.997970 0.061016 -5.223723 -0.908754 -0.041983 0.415214 -15.927249
0.419134 -0.047984 0.906656 236.312118 -0.018459 0.997946 0.061349 -5.186527 -0.907737 -0.042450 0.417387 -15.587290
0.421355 -0.048073 0.905621 237.029764 -0.018688 0.997922 0.061668 -5.148919 -0.906703 -0.042908 0.419581 -15.245215
0.423597 -0.048148 0.904570 237.747267 -0.018911 0.997899 0.061972 -5.110910 -0.905654 -0.043357 0.421796 -14.901013
0.425856 -0.048209 0.903506 238.464602 -0.019129 0.997877 0.062261 -5.072510 -0.904589 -0.043798 0.424029 -14.554673
0.428131 -0.048256 0.902427 239.181748 -0.019343 0.997855 0.062535 -5.033733 -0.903510 -0.044229 0.426280 -14.206186
0.430422 -0.048289 0.901335 239.898684 -0.019553 0.997835 0.062796 -4.994589 -0.902416 -0.044652 0.428546 -13.855543
0.432725 -0.048307 0.900231 240.615392 -0.019758 0.997815 0.063041 -4.955092 -0.901309 -0.045066 0.430826 -13.502736
0.435041 -0.048312 0.899114 241.331855 -0.019960 0.997797 0.063273 -4.915252 -0.900189 -0.045472 0.433118 -13.147756
0.437366 -0.048303 0.897985 242.048058 -0.020158 0.997779 0.063489 -4.875084 -0.899058 -0.045870 0.435421 -12.790597
0.439700 -0.048280 0.896846 242.763987 -0.020354 0.997762 0.063692 -4.834600 -0.897914 -0.046260 0.437733 -12.431251
0.442039 -0.048243 0.895697 243.479631 -0.020548 0.997746 0.063880 -4.793812 -0.896760 -0.046642 0.440052 -12.069714
0.444383 -0.048191 0.894540 244.194981 -0.020741 0.997731 0.064053 -4.752734 -0.895597 -0.047018 0.442375 -11.705981
0.446728 -0.048124 0.893375 244.910030 -0.020934 0.997717 0.064212 -4.711380 -0.894425 -0.047387 0.444701 -11.340050
0.449072 -0.048043 0.892203 245.624773 -0.021126 0.997703 0.064357 -4.669764 -0.893246 -0.047750 0.447025 -10.971919
