1.000000 0.000000 0.000000 0.000000 0.000000 1.000000 0.000000 0.000000 0.000000 0.000000 1.000000 -0.000000
0.999998 0.000527 -0.002067 -0.048850 -0.000530 0.999999 -0.001155 -0.028399 0.002066 0.001156 0.999997 0.894330
0.999991 0.001049 -0.004131 -0.097634 -0.001059 0.999997 -0.002308 -0.056761 0.004129 0.002312 0.999989 1.787500
0.999980 0.001566 -0.006199 -0.146480 -0.001588 0.999993 -0.003463 -0.085158 0.006193 0.003472 0.999975 2.681825
0.999964 0.002078 -0.008263 -0.195268 -0.002117 0.999987 -0.004616 -0.113520 0.008254 0.004633 0.999955 3.575103
0.999943 0.002586 -0.010331 -0.244111 -0.002646 0.999980 -0.005770 -0.141915 0.010316 0.005797 0.999930 4.469425
0.999918 0.003088 -0.012396 -0.292893 -0.003174 0.999971 -0.006923 -0.170274 0.012374 0.006962 0.999899 5.362670
0.999889 0.003586 -0.014464 -0.341739 -0.003703 0.999961 -0.008077 -0.198670 0.014434 0.008130 0.999863 6.257099
0.999855 0.004079 -0.016529 -0.390521 -0.004232 0.999948 -0.009230 -0.227029 0.016491 0.009298 0.999821 7.150394
0.999817 0.004567 -0.018597 -0.439350 -0.004760 0.999935 -0.010383 -0.255415 0.018548 0.010470 0.999773 8.044583
0.999774 0.005050 -0.020665 -0.488195 -0.005289 0.999919 -0.011537 -0.283810 0.020605 0.011644 0.999720 8.939075
0.999726 0.005527 -0.022729 -0.536954 -0.005817 0.999903 -0.012689 -0.312155 0.022657 0.012818 0.999661 9.832046
0.999675 0.006001 -0.024797 -0.585785 -0.006345 0.999884 -0.013842 -0.340542 0.024711 0.013995 0.999597 10.726366
0.999618 0.006469 -0.026864 -0.634611 -0.006873 0.999864 -0.014996 -0.368925 0.026764 0.015175 0.999527 11.620608
0.999556 0.007058 -0.028942 -0.683456 -0.007530 0.999840 -0.016232 -0.397396 0.028823 0.016443 0.999449 12.514049
0.999510 0.005595 -0.030815 -0.731028 -0.006094 0.999852 -0.016103 -0.423912 0.030720 0.016283 0.999395 13.403739
0.999423 0.007843 -0.033062 -0.780966 -0.008456 0.999794 -0.018452 -0.454004 0.032910 0.018721 0.999283 14.301314
0.999359 0.008704 -0.034734 -0.832447 -0.009439 0.999734 -0.021054 -0.484077 0.034541 0.021369 0.999175 15.206169
0.999248 0.012357 -0.036748 -0.890163 -0.013207 0.999649 -0.022975 -0.515507 0.036452 0.023443 0.999060 16.121970
0.999183 0.013523 -0.038098 -0.944973 -0.014392 0.999640 -0.022624 -0.546470 0.037778 0.023154 0.999018 17.048728
0.999124 0.013288 -0.039680 -1.000832 -0.014126 0.999681 -0.020921 -0.578360 0.039389 0.021463 0.998993 17.985620
0.999060 0.013514 -0.041180 -1.053611 -0.014324 0.999708 -0.019439 -0.609240 0.040906 0.020011 0.998963 18.927365
0.999017 0.013048 -0.042357 -1.110551 -0.013861 0.999724 -0.018956 -0.638736 0.042098 0.019524 0.998923 19.876098
0.998938 0.013260 -0.044120 -1.165125 -0.014135 0.999708 -0.019579 -0.668622 0.043847 0.020182 0.998834 20.827102
0.998912 0.011529 -0.045189 -1.220526 -0.012478 0.999706 -0.020780 -0.699078 0.044936 0.021321 0.998762 21.781595
0.998880 0.011289 -0.045950 -1.275146 -0.012181 0.999742 -0.019188 -0.728742 0.045722 0.019726 0.998759 22.746794
0.998859 0.012994 -0.045949 -1.334025 -0.013708 0.999790 -0.015256 -0.760472 0.045741 0.015869 0.998827 23.719451
0.998888 0.013790 -0.045095 -1.390306 -0.014326 0.999830 -0.011569 -0.792967 0.044928 0.012202 0.998916 24.693472
0.998965 0.012852 -0.043636 -1.443330 -0.013257 0.999872 -0.009008 -0.820924 0.043514 0.009577 0.999007 25.674793
0.999030 0.012653 -0.042183 -1.496334 -0.012994 0.999885 -0.007831 -0.845621 0.042079 0.008372 0.999079 26.659209
0.999075 0.012896 -0.041033 -1.548842 -0.013333 0.999857 -0.010404 -0.870213 0.040893 0.010942 0.999104 27.646311
0.999097 0.013910 -0.040155 -1.601945 -0.014550 0.999771 -0.015687 -0.897112 0.039927 0.016258 0.999070 28.637360
0.999153 0.013206 -0.038965 -1.652491 -0.013963 0.999718 -0.019215 -0.925415 0.038700 0.019743 0.999056 29.635523
0.999211 0.010791 -0.038236 -1.701253 -0.011486 0.999772 -0.018008 -0.955563 0.038033 0.018433 0.999106 30.643976
0.999221 0.009086 -0.038392 -1.750843 -0.009596 0.999868 -0.013114 -0.983838 0.038268 0.013472 0.999177 31.659917
0.999211 0.005838 -0.039298 -1.800761 -0.006198 0.999940 -0.009055 -1.011772 0.039242 0.009291 0.999186 32.679816
0.999183 -0.001840 -0.040375 -1.842514 0.001461 0.999954 -0.009427 -1.036363 0.040390 0.009361 0.999140 33.699954
0.999106 -0.004895 -0.041985 -1.891324 0.004337 0.999901 -0.013358 -1.059789 0.042046 0.013164 0.999029 34.719760
0.999044 -0.004077 -0.043522 -1.948437 0.003307 0.999837 -0.017746 -1.088016 0.043588 0.017585 0.998895 35.744491
0.998962 -0.003501 -0.045418 -2.010015 0.002639 0.999816 -0.019019 -1.129880 0.045476 0.018880 0.998787 36.797197
0.998913 -0.003565 -0.046487 -2.076646 0.002783 0.999854 -0.016882 -1.194548 0.046540 0.016734 0.998776 37.897583
0.998871 -0.000239 -0.047509 -2.146814 -0.000415 0.999905 -0.013752 -1.249881 0.047508 0.013756 0.998776 38.981774
0.998808 0.000002 -0.048801 -2.215396 -0.000626 0.999918 -0.012763 -1.305052 0.048797 0.012778 0.998727 40.068068
0.998759 0.000881 -0.049793 -2.282076 -0.001403 0.999944 -0.010457 -1.349142 0.049781 0.010514 0.998705 41.143041
0.998757 0.000489 -0.049845 -2.349937 -0.000821 0.999978 -0.006633 -1.393047 0.049841 0.006665 0.998735 42.220889
0.998713 0.006467 -0.050302 -2.426835 -0.006722 0.999965 -0.004912 -1.426813 0.050268 0.005244 0.998722 43.285885
0.998714 0.006952 -0.050215 -2.499528 -0.007193 0.999964 -0.004607 -1.460731 0.050181 0.004962 0.998728 44.350214
0.998708 0.006676 -0.050372 -2.567742 -0.007007 0.999955 -0.006387 -1.489501 0.050327 0.006732 0.998710 45.402118
0.998701 0.008983 -0.050151 -2.641356 -0.009456 0.999913 -0.009203 -1.522850 0.050064 0.009665 0.998699 46.448700
0.998653 0.008808 -0.051124 -2.708158 -0.009296 0.999914 -0.009308 -1.559885 0.051038 0.009770 0.998649 47.491157
0.998601 0.006864 -0.052428 -2.772601 -0.007280 0.999943 -0.007756 -1.593756 0.052372 0.008127 0.998595 48.531834
0.998554 0.007062 -0.053293 -2.842426 -0.007431 0.999950 -0.006739 -1.629817 0.053243 0.007125 0.998556 49.567834
0.998515 0.009830 -0.053576 -2.917300 -0.010322 0.999907 -0.008910 -1.664529 0.053484 0.009449 0.998524 50.594554
0.998469 0.010238 -0.054366 -2.990780 -0.011033 0.999836 -0.014337 -1.697621 0.054211 0.014914 0.998418 51.612558
0.998439 0.010649 -0.054839 -3.060154 -0.011495 0.999819 -0.015128 -1.729013 0.054668 0.015735 0.998381 52.635029
0.998427 0.010269 -0.055112 -3.127372 -0.010939 0.999870 -0.011868 -1.766742 0.054983 0.012452 0.998410 53.656448
0.998436 0.007566 -0.055401 -3.193394 -0.008064 0.999929 -0.008768 -1.798994 0.055330 0.009201 0.998426 54.673534
0.998429 0.006349 -0.055680 -3.260417 -0.006799 0.999946 -0.007906 -1.830051 0.055627 0.008272 0.998417 55.683757
0.998433 0.003283 -0.055871 -3.324309 -0.003780 0.999954 -0.008787 -1.858398 0.055840 0.008985 0.998399 56.686784
0.998407 -0.000146 -0.056426 -3.383990 -0.000451 0.999944 -0.010566 -1.886487 0.056425 0.010575 0.998351 57.690518
0.998337 -0.001591 -0.057632 -3.448691 0.001037 0.999953 -0.009648 -1.913841 0.057645 0.009573 0.998291 58.688910
0.998264 -0.004383 -0.058734 -3.511810 0.004075 0.999977 -0.005355 -1.938229 0.058756 0.005106 0.998259 59.690957
0.998227 -0.005965 -0.059227 -3.582103 0.005987 0.999982 0.000197 -1.956763 0.059225 -0.000552 0.998244 60.692348
0.998202 -0.004408 -0.059775 -3.657436 0.004548 0.999987 0.002209 -1.975962 0.059764 -0.002477 0.998209 61.683230
0.998116 -0.002919 -0.061285 -3.728146 0.002921 0.999996 -0.000072 -1.998111 0.061285 -0.000107 0.998120 62.663208
0.998024 -0.001762 -0.062807 -3.793347 0.001227 0.999963 -0.008553 -2.021539 0.062819 0.008459 0.997989 63.626511
0.997955 -0.000959 -0.063918 -3.857517 0.000050 0.999899 -0.014221 -2.049159 0.063925 0.014189 0.997854 64.579556
0.997864 0.004205 -0.065186 -3.933196 -0.005092 0.999896 -0.013455 -2.078109 0.065123 0.013758 0.997782 65.527799
0.997791 0.007493 -0.066015 -4.003933 -0.008206 0.999911 -0.010546 -2.112094 0.065930 0.011065 0.997763 66.463492
0.997676 0.010254 -0.067355 -4.075458 -0.010871 0.999902 -0.008789 -2.145353 0.067258 0.009501 0.997690 67.382792
0.997591 0.010345 -0.068596 -4.143821 -0.011033 0.999892 -0.009665 -2.173835 0.068489 0.010399 0.997598 68.287709
0.997462 0.011835 -0.070217 -4.215070 -0.012482 0.999884 -0.008772 -2.201409 0.070105 0.009626 0.997493 69.178097
0.997340 0.013184 -0.071694 -4.285715 -0.013800 0.999872 -0.008113 -2.230822 0.071577 0.009081 0.997394 70.055997
0.997226 0.012968 -0.073298 -4.354001 -0.013524 0.999883 -0.007091 -2.258366 0.073198 0.008062 0.997285 70.919118
0.997124 0.012566 -0.074738 -4.421569 -0.013078 0.999894 -0.006358 -2.283310 0.074650 0.007317 0.997183 71.769669
0.996989 0.014900 -0.076094 -4.492577 -0.015258 0.999875 -0.004128 -2.307845 0.076023 0.005277 0.997092 72.607346
0.996877 0.016772 -0.077166 -4.564365 -0.016780 0.999859 0.000545 -2.329476 0.077164 0.000751 0.997018 73.434036
0.996689 0.019289 -0.078993 -4.630592 -0.019167 0.999814 0.002299 -2.355391 0.079023 -0.000777 0.996872 74.242634
0.996496 0.022323 -0.080606 -4.702850 -0.022470 0.999747 -0.000909 -2.382091 0.080565 0.002717 0.996746 75.026862
0.996371 0.022840 -0.081999 -4.770910 -0.023611 0.999686 -0.008438 -2.409731 0.081781 0.010344 0.996597 75.787739
0.996256 0.021650 -0.083695 -4.837719 -0.022912 0.999637 -0.014147 -2.432982 0.083358 0.016012 0.996391 76.530057
0.996204 0.022367 -0.084133 -4.905588 -0.023820 0.999583 -0.016301 -2.459523 0.083734 0.018243 0.996321 77.253627
0.996087 0.024808 -0.084821 -4.974586 -0.025991 0.999579 -0.012872 -2.490277 0.084466 0.015026 0.996313 77.957764
0.995953 0.026070 -0.086013 -5.038949 -0.026975 0.999592 -0.009385 -2.525955 0.085734 0.011667 0.996250 78.640955
0.995907 0.022911 -0.087427 -5.095594 -0.024096 0.999631 -0.012524 -2.556654 0.087107 0.014580 0.996092 79.297974
0.996043 0.015035 -0.087596 -5.143296 -0.016624 0.999710 -0.017431 -2.585469 0.087309 0.018819 0.996004 79.935184
0.996163 0.010441 -0.086887 -5.193468 -0.012499 0.999653 -0.023180 -2.616742 0.086615 0.024177 0.995948 80.553823
0.996397 0.012112 -0.083940 -5.248891 -0.014150 0.999618 -0.023732 -2.646048 0.083620 0.024835 0.996188 81.159194
0.996639 0.017707 -0.079977 -5.304827 -0.019410 0.999600 -0.020577 -2.675699 0.079581 0.022061 0.996584 81.752119
0.997012 0.016648 -0.075431 -5.347614 -0.018019 0.999684 -0.017527 -2.701840 0.075116 0.018834 0.996997 82.330036
0.997463 0.012170 -0.070135 -5.374677 -0.013158 0.999821 -0.013633 -2.729207 0.069957 0.014522 0.997444 82.895330
0.998024 0.007888 -0.062337 -5.399255 -0.008483 0.999921 -0.009295 -2.756800 0.062259 0.009805 0.998012 83.448095
0.998595 0.010686 -0.051893 -5.425214 -0.011224 0.999886 -0.010086 -2.780022 0.051779 0.010654 0.998602 83.980832
0.999183 0.016248 -0.037014 -5.453286 -0.016650 0.999805 -0.010582 -2.801727 0.036835 0.011189 0.999259 84.502446
0.999588 0.021369 -0.019176 -5.467550 -0.021567 0.999715 -0.010185 -2.822088 0.018952 0.010594 0.999764 85.010155
0.999799 0.019933 0.002395 -5.454999 -0.019909 0.999752 -0.009958 -2.839863 -0.002593 0.009909 0.999947 85.503982
0.999484 0.016190 0.027758 -5.424436 -0.015940 0.999830 -0.009213 -2.859306 -0.027902 0.008766 0.999572 85.981957
0.998281 0.014725 0.056724 -5.378700 -0.014302 0.999867 -0.007861 -2.878004 -0.056832 0.007036 0.998359 86.453257
0.995914 0.014201 0.089186 -5.318387 -0.013671 0.999885 -0.006553 -2.895751 -0.089269 0.005307 0.995993 86.917849
0.992001 0.013894 0.125466 -5.239185 -0.013248 0.999894 -0.005989 -2.911918 -0.125536 0.004279 0.992080 87.366486
0.985990 0.013897 0.166225 -5.140348 -0.013027 0.999895 -0.006326 -2.926167 -0.166296 0.004072 0.986067 87.812332
0.977515 0.013468 0.210437 -5.018140 -0.012362 0.999902 -0.006568 -2.942364 -0.210505 0.003819 0.977585 88.244878
0.966075 0.015363 0.257802 -4.876135 -0.013648 0.999871 -0.008441 -2.961855 -0.257899 0.004636 0.966161 88.650554
0.950740 0.016076 0.309573 -4.707692 -0.013199 0.999848 -0.011385 -2.980545 -0.309709 0.006738 0.950807 89.049981
0.931382 0.015993 0.363691 -4.517268 -0.011894 0.999838 -0.013507 -2.995233 -0.363848 0.008254 0.931422 89.416611
0.907631 0.016427 0.419448 -4.302466 -0.010944 0.999820 -0.015473 -3.006846 -0.419627 0.009453 0.907647 89.777264
0.879421 0.016526 0.475757 -4.066868 -0.009196 0.999800 -0.017731 -3.018353 -0.475955 0.011218 0.879398 90.116659
0.847002 0.014635 0.531388 -3.809124 -0.004923 0.999794 -0.019688 -3.030941 -0.531567 0.014060 0.846900 90.414760
0.811153 0.014002 0.584667 -3.534895 -0.002515 0.999788 -0.020455 -3.048142 -0.584829 0.015122 0.811016 90.710007
0.772294 0.012139 0.635149 -3.245711 -0.000077 0.999819 -0.019015 -3.063358 -0.635265 0.014636 0.772155 90.969812
0.730684 0.011391 0.682621 -2.935783 -0.000228 0.999865 -0.016441 -3.074584 -0.682716 0.011858 0.730587 91.229128
0.686908 0.010024 0.726675 -2.613278 0.001642 0.999881 -0.015345 -3.084460 -0.726742 0.011734 0.686810 91.464604
0.641561 0.008606 0.767024 -2.274246 0.005802 0.999854 -0.016071 -3.093149 -0.767050 0.014760 0.641417 91.660441
0.596103 0.005417 0.802890 -1.925392 0.012994 0.999781 -0.016393 -3.103538 -0.802803 0.020205 0.595902 91.847769
0.550643 0.006832 0.834713 -1.574853 0.012677 0.999783 -0.016546 -3.116572 -0.834644 0.019692 0.550437 92.009726
0.504500 0.009751 0.863357 -1.215054 0.008935 0.999824 -0.016513 -3.127427 -0.863365 0.016045 0.504324 92.174860
0.460298 0.011482 0.887690 -0.845842 0.008705 0.999810 -0.017445 -3.138031 -0.887722 0.015757 0.460111 92.320206
0.418867 0.009627 0.907996 -0.469821 0.015619 0.999719 -0.017805 -3.146259 -0.907913 0.021640 0.418599 92.430984
0.380625 0.001379 0.924728 -0.076833 0.031738 0.999390 -0.014554 -3.150458 -0.924184 0.034889 0.380349 92.526807
0.346108 -0.002337 0.938192 0.313484 0.037645 0.999226 -0.011399 -3.156586 -0.937439 0.039263 0.345928 92.621088
0.313841 0.001002 0.949475 0.703258 0.036117 0.999263 -0.012993 -3.166835 -0.948788 0.038369 0.313573 92.717619
0.283311 0.008752 0.958988 1.093337 0.024923 0.999553 -0.016485 -3.185174 -0.958704 0.028571 0.282967 92.823732
0.255113 0.013271 0.966820 1.492942 0.019462 0.999633 -0.018857 -3.205997 -0.966715 0.023626 0.254761 92.912817
0.229876 0.015143 0.973102 1.907789 0.020807 0.999574 -0.020470 -3.222114 -0.972997 0.024953 0.229463 92.982176
0.206735 0.015807 0.978269 2.332536 0.027470 0.999382 -0.021954 -3.234217 -0.978011 0.031412 0.206173 93.036704
0.187015 0.021748 0.982116 2.772046 0.036317 0.998918 -0.029036 -3.232193 -0.981685 0.041098 0.186023 93.081078
0.167705 0.029730 0.985389 3.216769 0.038919 0.998566 -0.036751 -3.233114 -0.985069 0.044514 0.166308 93.129920
0.150119 0.031056 0.988180 3.682318 0.036624 0.998646 -0.036949 -3.247013 -0.987989 0.041738 0.148779 93.185366
0.134662 0.026124 0.990547 4.166978 0.034094 0.998938 -0.030981 -3.269703 -0.990305 0.037944 0.133629 93.235750
0.120034 0.022441 0.992516 4.660267 0.034385 0.999051 -0.026747 -3.292077 -0.992174 0.037338 0.119148 93.272699
0.106645 0.020157 0.994093 5.167144 0.036893 0.999026 -0.024215 -3.311658 -0.993612 0.039257 0.105798 93.301191
0.094817 0.019103 0.995312 5.685372 0.040910 0.998896 -0.023069 -3.327578 -0.994654 0.042905 0.093930 93.321935
0.084514 0.019708 0.996227 6.221238 0.044338 0.998740 -0.023519 -3.344693 -0.995435 0.046158 0.083534 93.340367
0.076111 0.020332 0.996892 6.773276 0.046625 0.998626 -0.023927 -3.362740 -0.996009 0.048301 0.075059 93.358341
0.070112 0.020552 0.997327 7.341673 0.048459 0.998537 -0.023983 -3.379767 -0.996361 0.050011 0.069014 93.375503
0.064336 0.021699 0.997692 7.928769 0.049998 0.998438 -0.024939 -3.394968 -0.996675 0.051487 0.063151 93.393010
0.058052 0.022667 0.998056 8.536854 0.050457 0.998398 -0.025610 -3.409306 -0.997038 0.051846 0.056816 93.410016
0.053407 0.022635 0.998316 9.164821 0.052927 0.998274 -0.025466 -3.426200 -0.997169 0.054198 0.052117 93.424420
0.049962 0.022439 0.998499 9.809831 0.054657 0.998188 -0.025167 -3.442284 -0.997254 0.055832 0.048645 93.430877
0.046494 0.022060 0.998675 10.475913 0.055768 0.998139 -0.024645 -3.460292 -0.997361 0.056840 0.045177 93.440053
0.043306 0.021447 0.998832 11.157877 0.057314 0.998070 -0.023915 -3.477648 -0.997417 0.058283 0.041993 93.443063
0.042073 0.021086 0.998892 11.859620 0.061978 0.997797 -0.023673 -3.495197 -0.997190 0.062905 0.040673 93.445064
0.042272 0.020720 0.998891 12.574339 0.065957 0.997546 -0.023483 -3.511618 -0.996927 0.066877 0.040801 93.443753
0.044103 0.020549 0.998816 13.310962 0.067802 0.997422 -0.023514 -3.529809 -0.996723 0.068759 0.042596 93.451170
0.047333 0.020777 0.998663 14.064071 0.070207 0.997242 -0.024075 -3.549541 -0.996409 0.071253 0.045744 93.463045
0.051073 0.020624 0.998482 14.833667 0.070972 0.997184 -0.024228 -3.570045 -0.996170 0.072101 0.049465 93.477337
0.054851 0.018737 0.998319 15.623791 0.072378 0.997119 -0.022691 -3.595307 -0.995868 0.073500 0.053337 93.502264
0.058702 0.017227 0.998127 16.426861 0.072290 0.997153 -0.021461 -3.621398 -0.995655 0.073414 0.057290 93.532429
0.062640 0.015064 0.997923 17.246375 0.069518 0.997392 -0.019420 -3.645849 -0.995612 0.070590 0.061429 93.572156
0.066598 0.013964 0.997682 18.073503 0.068480 0.997480 -0.018532 -3.669719 -0.995427 0.069555 0.065474 93.614080
0.070571 0.014792 0.997397 18.908547 0.065957 0.997633 -0.019462 -3.696455 -0.995324 0.067159 0.069428 93.661848
0.073906 0.018162 0.997100 19.745330 0.063878 0.997695 -0.022907 -3.726996 -0.995217 0.065385 0.072576 93.713271
0.075136 0.024428 0.996874 20.587090 0.058278 0.997884 -0.028845 -3.758629 -0.995469 0.060263 0.073553 93.770090
0.074748 0.027491 0.996823 21.434590 0.055669 0.997946 -0.031697 -3.789412 -0.995647 0.057861 0.073064 93.821556
0.074766 0.027576 0.996820 22.286047 0.053242 0.998081 -0.031604 -3.828201 -0.995779 0.055436 0.073154 93.873261
0.074520 0.024949 0.996907 23.137859 0.050432 0.998313 -0.028754 -3.869642 -0.995943 0.052418 0.073136 93.925644
0.074372 0.024339 0.996934 23.988723 0.051321 0.998284 -0.028200 -3.908789 -0.995909 0.053261 0.072995 93.972528
0.074476 0.023228 0.996952 24.839784 0.049032 0.998434 -0.026925 -3.948711 -0.996017 0.050888 0.073221 94.020505
0.074102 0.023270 0.996979 25.688721 0.047341 0.998518 -0.026825 -3.991884 -0.996126 0.049186 0.072891 94.065910
0.074124 0.024123 0.996957 26.534169 0.044811 0.998617 -0.027495 -4.031552 -0.996242 0.046713 0.072940 94.115585
0.072736 0.025389 0.997028 27.378221 0.041827 0.998719 -0.028483 -4.070675 -0.996474 0.043774 0.071581 94.164063
0.069921 0.025481 0.997227 28.223169 0.038978 0.998841 -0.028256 -4.110043 -0.996791 0.040846 0.068847 94.212291
0.065915 0.024176 0.997532 29.066597 0.036375 0.998984 -0.026615 -4.149285 -0.997162 0.038040 0.064968 94.255426
0.060898 0.021677 0.997909 29.912159 0.034310 0.999128 -0.023798 -4.189372 -0.997554 0.035688 0.060101 94.295177
0.054546 0.019312 0.998324 30.757472 0.032236 0.999258 -0.021091 -4.227712 -0.997991 0.033333 0.053883 94.327116
0.047001 0.019303 0.998708 31.597827 0.031722 0.999280 -0.020807 -4.264420 -0.998391 0.032659 0.046354 94.348870
0.038162 0.020339 0.999065 32.432809 0.031208 0.999281 -0.021535 -4.298961 -0.998784 0.032001 0.037500 94.363156
0.028068 0.021122 0.999383 33.267249 0.031803 0.999252 -0.022012 -4.332533 -0.999100 0.032401 0.027376 94.364736
0.017812 0.020236 0.999637 34.097783 0.032965 0.999240 -0.020815 -4.366800 -0.999298 0.033324 0.017131 94.358755
0.006968 0.018744 0.999800 34.922621 0.031979 0.999309 -0.018958 -4.400925 -0.999464 0.032105 0.006364 94.346463
-0.004214 0.018066 0.999828 35.747032 0.033378 0.999282 -0.017916 -4.430514 -0.999434 0.033296 -0.004814 94.321381
-0.015362 0.018085 0.999718 36.565798 0.033792 0.999275 -0.017558 -4.460151 -0.999311 0.033513 -0.015962 94.287248
-0.026481 0.018725 0.999474 37.376867 0.034003 0.999263 -0.017820 -4.490465 -0.999071 0.033513 -0.027098 94.246034
-0.037256 0.019855 0.999108 38.183479 0.033746 0.999257 -0.018600 -4.519810 -0.998736 0.033023 -0.037898 94.196581
-0.047589 0.020890 0.998649 38.982509 0.034580 0.999216 -0.019254 -4.548257 -0.998268 0.033617 -0.048274 94.138483
-0.057184 0.021649 0.998129 39.772739 0.035487 0.999177 -0.019639 -4.577147 -0.997733 0.034297 -0.057905 94.072762
-0.066832 0.022087 0.997520 40.554803 0.036179 0.999151 -0.019699 -4.607065 -0.997108 0.034773 -0.067574 93.997834
-0.076378 0.022199 0.996832 41.328775 0.036794 0.999134 -0.019431 -4.635152 -0.996400 0.035194 -0.077128 93.919365
-0.085022 0.021978 0.996137 42.094405 0.038260 0.999091 -0.018778 -4.664020 -0.995644 0.036516 -0.085785 93.831346
-0.092423 0.020689 0.995505 42.851547 0.039883 0.999059 -0.017060 -4.692210 -0.994921 0.038127 -0.093162 93.738817
-0.097785 0.019245 0.995022 43.598815 0.042728 0.998972 -0.015123 -4.721760 -0.994290 0.041036 -0.098506 93.642402
-0.101723 0.017490 0.994659 44.339928 0.045797 0.998868 -0.012881 -4.746579 -0.993758 0.044242 -0.102409 93.544312
-0.104589 0.016264 0.994383 45.068762 0.047545 0.998805 -0.011335 -4.770015 -0.993378 0.046092 -0.105237 93.448387
-0.106424 0.015544 0.994199 45.782004 0.048032 0.998791 -0.010475 -4.793116 -0.993160 0.046639 -0.107042 93.355118
-0.107415 0.015662 0.994091 46.481572 0.048459 0.998770 -0.010500 -4.815263 -0.993032 0.047045 -0.108042 93.263557
-0.106657 0.016858 0.994153 47.162507 0.049495 0.998707 -0.011625 -4.837060 -0.993063 0.047965 -0.107353 93.173725
-0.103944 0.018111 0.994418 47.826799 0.050641 0.998634 -0.012895 -4.858683 -0.993293 0.049018 -0.104719 93.088694
-0.099004 0.018887 0.994908 48.472302 0.050678 0.998618 -0.013915 -4.880596 -0.993796 0.049042 -0.099825 93.013661
-0.091581 0.019376 0.995609 49.098631 0.049961 0.998641 -0.014840 -4.902936 -0.994544 0.048383 -0.092425 92.949115
-0.080677 0.019594 0.996548 49.705129 0.048913 0.998680 -0.015676 -4.926346 -0.995539 0.047480 -0.081529 92.895745
-0.067192 0.019676 0.997546 50.290944 0.048411 0.998692 -0.016438 -4.950044 -0.996565 0.047187 -0.068057 92.853633
-0.050721 0.020860 0.998495 50.856136 0.047142 0.998717 -0.018470 -4.973119 -0.997600 0.046134 -0.051639 92.826727
-0.030014 0.023494 0.999273 51.413329 0.045659 0.998712 -0.022110 -5.001409 -0.998506 0.044963 -0.031049 92.820682
-0.006013 0.026525 0.999630 51.962491 0.043593 0.998705 -0.026238 -5.029978 -0.999031 0.043419 -0.007161 92.830123
0.021612 0.028246 0.999367 52.507123 0.041459 0.998716 -0.029124 -5.056479 -0.998906 0.042062 0.020413 92.849137
0.054267 0.027975 0.998135 53.051515 0.039438 0.998767 -0.030137 -5.083698 -0.997747 0.041000 0.053097 92.894063
0.091634 0.025566 0.995464 53.590356 0.038037 0.998851 -0.029154 -5.111122 -0.995066 0.040536 0.090556 92.961068
0.132829 0.022086 0.990893 54.118437 0.035788 0.998993 -0.027064 -5.139956 -0.990493 0.039057 0.131904 93.044092
0.177068 0.017423 0.984044 54.639414 0.032639 0.999189 -0.023564 -5.168307 -0.983657 0.036291 0.176356 93.164267
0.224536 0.014126 0.974363 55.155746 0.028031 0.999387 -0.020949 -5.197886 -0.974062 0.032017 0.224003 93.311947
0.274790 0.012618 0.961421 55.645988 0.023728 0.999520 -0.019900 -5.228395 -0.961211 0.028281 0.274359 93.476166
0.328518 0.012391 0.944416 56.123908 0.021797 0.999548 -0.020696 -5.254058 -0.944246 0.027385 0.328100 93.679159
0.385581 0.012850 0.922584 56.584330 0.023423 0.999444 -0.023710 -5.281038 -0.922377 0.030752 0.385066 93.907190
0.444398 0.015835 0.895690 57.008570 0.023267 0.999302 -0.029210 -5.307765 -0.895527 0.033821 0.443720 94.140928
0.503169 0.019242 0.863974 57.419218 0.023690 0.999069 -0.036047 -5.336870 -0.863863 0.038605 0.502245 94.424616
0.560545 0.023524 0.827790 57.792371 0.018828 0.998976 -0.041139 -5.362113 -0.827910 0.038646 0.559528 94.716906
0.615636 0.026827 0.787574 58.151089 0.013771 0.998901 -0.044790 -5.389737 -0.787911 0.038420 0.614590 95.060115
0.668124 0.027878 0.743528 58.486975 0.011096 0.998813 -0.047420 -5.418165 -0.743967 0.039933 0.667022 95.423799
0.717029 0.026263 0.696549 58.789097 0.009623 0.998822 -0.047565 -5.448053 -0.696977 0.040808 0.715931 95.784014
0.762218 0.022648 0.646924 59.074335 0.006903 0.999046 -0.043110 -5.479109 -0.647284 0.037325 0.761335 96.190076
0.803873 0.017987 0.594529 59.329993 0.004662 0.999321 -0.036537 -5.510534 -0.594783 0.032143 0.803243 96.615957
0.840856 0.015294 0.541043 59.545929 0.001700 0.999521 -0.030896 -5.539453 -0.541256 0.026899 0.840427 97.039182
0.872547 0.012219 0.488378 59.748762 -0.000451 0.999707 -0.024206 -5.564449 -0.488531 0.020900 0.872296 97.496776
0.898635 0.012484 0.438519 59.925661 -0.004757 0.999814 -0.018714 -5.590987 -0.438671 0.014731 0.898527 97.966065
0.919651 0.014035 0.392486 60.076095 -0.008630 0.999842 -0.015534 -5.612666 -0.392642 0.010899 0.919627 98.431396
0.935438 0.020093 0.352919 60.209428 -0.016772 0.999782 -0.012465 -5.628018 -0.353092 0.005741 0.935571 98.924680
0.947846 0.024675 0.317774 60.328950 -0.021416 0.999676 -0.013744 -5.638494 -0.318010 0.006222 0.948067 99.409278
0.957569 0.027032 0.286934 60.448243 -0.023981 0.999612 -0.014143 -5.648502 -0.287205 0.006662 0.957846 99.907124
0.964179 0.021300 0.264394 60.573701 -0.018210 0.999734 -0.014133 -5.661977 -0.264625 0.008813 0.964311 100.404231
0.968469 0.018242 0.248467 60.693525 -0.015425 0.999793 -0.013281 -5.680139 -0.248658 0.009030 0.968549 100.906451
0.971509 0.022278 0.235954 60.803860 -0.019625 0.999715 -0.013587 -5.692607 -0.236189 0.008569 0.971669 101.423023
0.973664 0.027748 0.226295 60.911809 -0.025423 0.999590 -0.013183 -5.698710 -0.226568 0.007083 0.973970 101.951812
0.974783 0.034874 0.220412 61.018561 -0.032491 0.999368 -0.014432 -5.712881 -0.220776 0.006907 0.975300 102.488599
0.975197 0.041302 0.217452 61.130259 -0.038241 0.999102 -0.018266 -5.732310 -0.218011 0.009497 0.975900 103.035239
0.975306 0.042909 0.216650 61.252362 -0.039461 0.999016 -0.020220 -5.756138 -0.217305 0.011172 0.976040 103.589920
0.974846 0.042069 0.218874 61.383953 -0.037901 0.999012 -0.023207 -5.778487 -0.219634 0.014328 0.975477 104.153933
0.974043 0.040251 0.222757 61.523646 -0.034355 0.998951 -0.030283 -5.797891 -0.223742 0.021845 0.974403 104.724789
0.973135 0.040146 0.226709 61.664484 -0.032941 0.998827 -0.035479 -5.818562 -0.227867 0.027058 0.973316 105.308143
0.971887 0.044938 0.231119 61.803468 -0.037932 0.998679 -0.034669 -5.844770 -0.232372 0.024928 0.972307 105.914306
0.970345 0.048448 0.236819 61.945669 -0.042307 0.998625 -0.030948 -5.872668 -0.237992 0.020011 0.971061 106.531612
0.969278 0.045410 0.241740 62.107773 -0.040191 0.998841 -0.026481 -5.900971 -0.242662 0.015951 0.969980 107.159647
0.968508 0.040857 0.245607 62.277866 -0.036909 0.999105 -0.020656 -5.928075 -0.246231 0.010940 0.969149 107.796535
0.967706 0.038170 0.249175 62.450457 -0.035307 0.999249 -0.015951 -5.953554 -0.249597 0.006638 0.968327 108.447066
0.967077 0.033746 0.252237 62.627172 -0.030962 0.999408 -0.014998 -5.975190 -0.252593 0.006694 0.967549 109.103222
0.967077 0.030121 0.252695 62.809303 -0.026522 0.999493 -0.017637 -5.998250 -0.253098 0.010355 0.967385 109.767606
0.967237 0.029358 0.252171 62.988049 -0.024134 0.999426 -0.023782 -6.023068 -0.252725 0.016916 0.967390 110.437406
0.967426 0.031090 0.251236 63.163972 -0.023897 0.999214 -0.031631 -6.049018 -0.252022 0.024597 0.967409 111.121578
0.967917 0.034858 0.248840 63.340363 -0.026666 0.998988 -0.036215 -6.075562 -0.249851 0.028418 0.967867 111.820852
0.968565 0.033393 0.246510 63.523617 -0.026335 0.999145 -0.031874 -6.103151 -0.247363 0.024380 0.968616 112.540539
0.969074 0.028779 0.245086 63.713265 -0.023489 0.999424 -0.024478 -6.135437 -0.245650 0.017964 0.969192 113.275850
0.969649 0.029112 0.242760 63.898475 -0.025618 0.999518 -0.017539 -6.168814 -0.243154 0.010787 0.969928 114.022721
0.970005 0.032377 0.240920 64.078114 -0.028834 0.999418 -0.018216 -6.198021 -0.241370 0.010722 0.970374 114.775111
0.970263 0.038454 0.238978 64.253763 -0.033976 0.999162 -0.022831 -6.225332 -0.239656 0.014033 0.970756 115.534688
0.971170 0.039454 0.235100 64.438983 -0.033759 0.999032 -0.028202 -6.252301 -0.235985 0.019453 0.971562 116.305097
0.972197 0.038671 0.230951 64.625359 -0.032320 0.998990 -0.031224 -6.282018 -0.231925 0.022892 0.972464 117.088525
0.973140 0.036729 0.227263 64.813890 -0.030789 0.999087 -0.029629 -6.315240 -0.228144 0.021836 0.973383 117.888096
0.974103 0.032355 0.223779 65.004879 -0.026732 0.999247 -0.028112 -6.351409 -0.224520 0.021402 0.974234 118.696103
0.974548 0.030824 0.222052 65.195086 -0.025884 0.999349 -0.025127 -6.387404 -0.222682 0.018740 0.974711 119.519108
0.974976 0.027768 0.220570 65.387302 -0.023390 0.999475 -0.022434 -6.419328 -0.221077 0.016714 0.975113 120.361902
0.975250 0.022477 0.219960 65.583997 -0.018266 0.999609 -0.021160 -6.450506 -0.220350 0.016619 0.975279 121.204383
0.975375 0.023056 0.219344 65.775254 -0.019202 0.999622 -0.019688 -6.483943 -0.219715 0.014991 0.975449 122.057800
0.975130 0.027945 0.219864 65.959815 -0.023754 0.999483 -0.021683 -6.517585 -0.220356 0.015921 0.975290 122.911321
0.974817 0.034073 0.220386 66.144990 -0.029302 0.999261 -0.024883 -6.551031 -0.221071 0.017799 0.975095 123.769841
0.974365 0.041802 0.221057 66.331216 -0.036863 0.998971 -0.026422 -6.583319 -0.221934 0.017596 0.974903 124.633777
0.973417 0.048846 0.223770 66.517640 -0.044203 0.998692 -0.025712 -6.619743 -0.224733 0.015137 0.974303 125.505212
0.972499 0.051728 0.227088 66.712395 -0.047721 0.998593 -0.023104 -6.658079 -0.227964 0.011632 0.973600 126.380188
0.971906 0.052187 0.229512 66.916379 -0.048025 0.998565 -0.023687 -6.695256 -0.230419 0.012000 0.973018 127.253186
0.971476 0.052012 0.231363 67.121059 -0.047017 0.998528 -0.027056 -6.728166 -0.232430 0.015406 0.972491 128.128683
0.971610 0.044662 0.232333 67.335623 -0.039702 0.998874 -0.025986 -6.752867 -0.233232 0.016024 0.972289 129.019386
0.971822 0.038026 0.232628 67.552885 -0.032799 0.999116 -0.026299 -6.784235 -0.233423 0.017928 0.972210 129.901966
0.971516 0.036734 0.234110 67.763012 -0.031448 0.999160 -0.026271 -6.818192 -0.234878 0.018160 0.971855 130.784234
0.971120 0.040039 0.235206 67.966900 -0.035231 0.999076 -0.024610 -6.849345 -0.235974 0.015613 0.971634 131.670979
0.970795 0.041294 0.236330 68.171985 -0.037824 0.999100 -0.019197 -6.878751 -0.236910 0.009698 0.971483 132.558350
0.970342 0.044682 0.237570 68.379258 -0.042686 0.998997 -0.013542 -6.913045 -0.237937 0.003000 0.971276 133.439367
0.970114 0.044313 0.238569 68.594478 -0.040891 0.998978 -0.019277 -6.955017 -0.239179 0.008946 0.970934 134.293931
0.970298 0.041075 0.238400 68.819290 -0.034125 0.998866 -0.033209 -7.000709 -0.239494 0.024087 0.970599 135.134956
0.970640 0.037344 0.237621 69.045988 -0.027783 0.998669 -0.043458 -7.046839 -0.238927 0.035581 0.970385 135.977334
0.970871 0.035628 0.236940 69.266904 -0.027371 0.998901 -0.038047 -7.092137 -0.238036 0.030453 0.970779 136.837106
0.971197 0.029410 0.236458 69.487809 -0.026497 0.999529 -0.015491 -7.134533 -0.236802 0.008779 0.971518 137.714687
0.971473 0.025917 0.235728 69.705892 -0.027471 0.999617 0.003312 -7.177765 -0.235552 -0.009693 0.971813 138.584040
0.971574 0.028834 0.234975 69.917674 -0.028834 0.999578 -0.003436 -7.203471 -0.234975 -0.003437 0.971995 139.424961
0.971694 0.036805 0.233358 70.124385 -0.033206 0.999261 -0.019336 -7.221705 -0.233897 0.011040 0.972199 140.253070
0.971979 0.037982 0.231979 70.338364 -0.032206 0.999071 -0.028638 -7.240417 -0.232851 0.020364 0.972299 141.083472
0.972590 0.033921 0.230038 70.555750 -0.027846 0.999174 -0.029607 -7.275568 -0.230852 0.022390 0.972731 141.919393
0.973207 0.033601 0.227463 70.755346 -0.028401 0.999256 -0.026094 -7.307651 -0.228171 0.018935 0.973437 142.762813
0.974024 0.033169 0.224001 70.949745 -0.027670 0.999235 -0.027646 -7.329594 -0.224746 0.020730 0.974197 143.596338
0.975115 0.033736 0.219119 71.142269 -0.027857 0.999166 -0.029868 -7.347445 -0.219944 0.023021 0.975241 144.425593
0.975633 0.038398 0.216022 71.325429 -0.033000 0.999048 -0.028540 -7.375994 -0.216912 0.020715 0.975971 145.272345
0.975823 0.044885 0.213906 71.500332 -0.039221 0.998760 -0.030653 -7.400654 -0.215017 0.021522 0.976373 146.089311
0.976110 0.046653 0.212210 71.683023 -0.041673 0.998742 -0.027885 -7.431426 -0.213244 0.018375 0.976826 146.923252
0.976470 0.044611 0.210990 71.870194 -0.040678 0.998909 -0.022948 -7.461305 -0.211784 0.013825 0.977219 147.755736
0.976794 0.043439 0.209729 72.054854 -0.039561 0.998960 -0.022655 -7.492154 -0.210495 0.013832 0.977497 148.582283
0.977464 0.041564 0.206970 72.233890 -0.036906 0.998972 -0.026314 -7.522327 -0.207851 0.018083 0.977993 149.406331
0.978576 0.037157 0.202507 72.413738 -0.031919 0.999067 -0.029075 -7.548491 -0.203398 0.021988 0.978849 150.222463
0.980040 0.033974 0.195875 72.582015 -0.028471 0.999119 -0.030839 -7.579826 -0.196750 0.024647 0.980144 151.049218
0.981343 0.032903 0.189428 72.738679 -0.028491 0.999257 -0.025965 -7.612956 -0.190141 0.020084 0.981551 151.883889
0.982522 0.030876 0.183570 72.892936 -0.028246 0.999458 -0.016924 -7.645990 -0.183994 0.011443 0.982861 152.721683
0.983361 0.026464 0.179725 73.037383 -0.025425 0.999644 -0.008082 -7.668862 -0.179875 0.003378 0.983684 153.560415
0.983832 0.033638 0.175906 73.168446 -0.033515 0.999431 -0.003668 -7.690397 -0.175929 -0.002286 0.984400 154.394876
0.984516 0.036878 0.171370 73.295916 -0.035859 0.999316 -0.009041 -7.712080 -0.171586 0.002756 0.985165 155.220068
0.985754 0.037167 0.164035 73.429354 -0.034487 0.999221 -0.019156 -7.732710 -0.164619 0.013226 0.986268 156.039636
0.986951 0.034369 0.157310 73.560646 -0.030680 0.999196 -0.025816 -7.751909 -0.158070 0.020653 0.987212 156.868057
0.988024 0.032979 0.150733 73.684803 -0.029563 0.999254 -0.024843 -7.779012 -0.151440 0.020089 0.988262 157.708246
0.988888 0.039918 0.143207 73.792775 -0.037316 0.999087 -0.020811 -7.812429 -0.143907 0.015236 0.989474 158.557080
0.989718 0.045870 0.135476 73.892300 -0.043369 0.998831 -0.021352 -7.841404 -0.136297 0.015257 0.990551 159.402580
0.990926 0.048494 0.125356 73.995949 -0.045462 0.998603 -0.026935 -7.868414 -0.126487 0.020991 0.991746 160.242144
0.992049 0.047084 0.116717 74.095984 -0.043950 0.998605 -0.029280 -7.891249 -0.117933 0.023918 0.992734 161.085770
0.992957 0.047082 0.108722 74.188010 -0.044315 0.998633 -0.027726 -7.916918 -0.109879 0.022713 0.993685 161.937415
0.993594 0.050287 0.101209 74.260278 -0.048472 0.998618 -0.020315 -7.939937 -0.102091 0.015279 0.994658 162.796871
0.994188 0.053481 0.093435 74.325078 -0.052381 0.998526 -0.014196 -7.966304 -0.094056 0.009219 0.995524 163.659451
0.994904 0.052540 0.086062 74.390003 -0.051854 0.998603 -0.010188 -7.990297 -0.086477 0.005673 0.996238 164.516198
0.995422 0.052498 0.079865 74.452397 -0.051977 0.998611 -0.008584 -8.012612 -0.080205 0.004394 0.996769 165.371696
0.995803 0.051841 0.075428 74.509584 -0.051276 0.998640 -0.009415 -8.036337 -0.075813 0.005508 0.997107 166.227610
0.995897 0.056449 0.070722 74.557876 -0.055468 0.998336 -0.015765 -8.062682 -0.071494 0.011777 0.997371 167.080296
0.995736 0.063368 0.067044 74.594784 -0.062079 0.997847 -0.021139 -8.085177 -0.068239 0.016887 0.997526 167.932043
0.995860 0.064377 0.064177 74.633765 -0.062897 0.997711 -0.024818 -8.105358 -0.065628 0.020679 0.997630 168.782541
0.995925 0.066125 0.061326 74.675952 -0.065121 0.997711 -0.018243 -8.124046 -0.062392 0.014175 0.997951 169.651370
0.995883 0.068255 0.059655 74.711339 -0.067857 0.997657 -0.008665 -8.140372 -0.060107 0.004581 0.998181 170.525718
0.996000 0.069066 0.056691 74.748600 -0.069162 0.997605 -0.000262 -8.158203 -0.056573 -0.003660 0.998392 171.395587
0.996427 0.066766 0.051728 74.785892 -0.066711 0.997768 -0.002798 -8.173449 -0.051800 -0.000663 0.998657 172.252751
0.997351 0.056230 0.046152 74.832100 -0.055775 0.998382 -0.011104 -8.188372 -0.046702 0.008500 0.998873 173.100749
0.997939 0.051106 0.038810 74.866903 -0.050433 0.998563 -0.018126 -8.197125 -0.039681 0.016131 0.999082 173.952393
0.997964 0.055175 0.031998 74.879741 -0.054688 0.998377 -0.015890 -8.209715 -0.032823 0.014108 0.999362 174.814555
0.998264 0.053419 0.024803 74.893213 -0.053169 0.998529 -0.010638 -8.225974 -0.025334 0.009301 0.999636 175.683799
0.998638 0.049128 0.017582 74.910028 -0.049036 0.998781 -0.005631 -8.240659 -0.017837 0.004761 0.999830 176.554710
0.999097 0.040787 0.011860 74.924083 -0.040751 0.999164 -0.003274 -8.251269 -0.011983 0.002787 0.999924 177.430515
0.999326 0.036249 0.005791 74.930451 -0.036238 0.999341 -0.002069 -8.265898 -0.005862 0.001858 0.999981 178.308508
0.999461 0.032832 -0.000578 74.927030 -0.032836 0.999431 -0.007717 -8.281895 0.000324 0.007731 0.999970 179.179938
0.999648 0.025286 -0.008050 74.923973 -0.025426 0.999518 -0.017807 -8.295895 0.007596 0.018005 0.999809 180.043454
0.999799 0.012952 -0.015304 74.925873 -0.013336 0.999593 -0.025228 -8.314995 0.014971 0.025427 0.999564 180.910302
0.999644 0.016052 -0.021331 74.901162 -0.016401 0.999733 -0.016286 -8.332767 0.021064 0.016630 0.999640 181.798083
0.999311 0.026370 -0.026107 74.857735 -0.026457 0.999645 -0.002977 -8.350218 0.026019 0.003666 0.999655 182.693259
0.999001 0.032520 -0.030642 74.813204 -0.032361 0.999460 0.005674 -8.369208 0.030810 -0.004677 0.999514 183.583644
0.998886 0.032112 -0.034567 74.774016 -0.032010 0.999481 0.003497 -8.380943 0.034661 -0.002386 0.999396 184.462989
0.998780 0.032984 -0.036738 74.731078 -0.033260 0.999423 -0.006906 -8.392488 0.036489 0.008119 0.999301 185.335043
0.998258 0.043604 -0.039757 74.674518 -0.044296 0.998879 -0.016684 -8.408732 0.038985 0.018416 0.999070 186.207409
0.998164 0.043830 -0.041809 74.627570 -0.044708 0.998793 -0.020319 -8.427651 0.040868 0.022151 0.998919 187.088837
0.998319 0.037100 -0.044529 74.595619 -0.037854 0.999151 -0.016227 -8.451315 0.043889 0.017886 0.998876 187.982138
0.998298 0.037707 -0.044481 74.551170 -0.038057 0.999251 -0.007034 -8.471918 0.044183 0.008715 0.998985 188.879709
0.998245 0.039813 -0.043846 74.500544 -0.039873 0.999205 -0.000505 -8.495182 0.043791 0.002253 0.999038 189.778529
0.998217 0.038370 -0.045720 74.456366 -0.038518 0.999255 -0.002371 -8.518990 0.045595 0.004127 0.998951 190.669331
0.998155 0.037135 -0.048043 74.410302 -0.037663 0.999239 -0.010130 -8.543212 0.047631 0.011921 0.998794 191.553154
0.998357 0.026907 -0.050597 74.376913 -0.028034 0.999371 -0.021710 -8.567846 0.049981 0.023093 0.998483 192.433019
0.998473 0.015477 -0.053029 74.345857 -0.016900 0.999506 -0.026493 -8.596086 0.052593 0.027349 0.998241 193.316426
0.998389 0.017208 -0.054068 74.295241 -0.018422 0.999588 -0.022023 -8.625507 0.053667 0.022984 0.998294 194.212539
0.998221 0.022925 -0.055032 74.235491 -0.023624 0.999648 -0.012093 -8.659180 0.054736 0.013372 0.998411 195.110109
0.998079 0.025297 -0.056560 74.178376 -0.025718 0.999646 -0.006736 -8.688115 0.056370 0.008177 0.998376 195.993932
0.998072 0.022934 -0.057681 74.129833 -0.023582 0.999666 -0.010574 -8.712856 0.057419 0.011913 0.998279 196.867131
0.998053 0.023273 -0.057864 74.082092 -0.024303 0.999557 -0.017160 -8.736466 0.057439 0.018533 0.998177 197.737831
0.997859 0.030030 -0.058104 74.018426 -0.031152 0.999343 -0.018502 -8.761375 0.057510 0.020272 0.998139 198.611135
0.997739 0.033290 -0.058380 73.959915 -0.034174 0.999315 -0.014200 -8.788561 0.057867 0.016163 0.998193 199.487042
0.997567 0.036935 -0.059120 73.902175 -0.037661 0.999228 -0.011221 -8.816710 0.058660 0.013420 0.998188 200.359304
0.997433 0.040096 -0.059331 73.843737 -0.040663 0.999138 -0.008389 -8.838886 0.058944 0.010780 0.998203 201.229066
0.997233 0.044114 -0.059830 73.780299 -0.044697 0.998965 -0.008446 -8.861377 0.059395 0.011097 0.998173 202.095287
0.997275 0.042183 -0.060521 73.721736 -0.042912 0.999020 -0.010794 -8.884907 0.060007 0.013362 0.998108 202.952968
0.997120 0.044092 -0.061701 73.660330 -0.045213 0.998834 -0.016893 -8.906076 0.060884 0.019634 0.997952 203.799504
0.996993 0.045143 -0.062991 73.596320 -0.046330 0.998772 -0.017522 -8.923746 0.062123 0.020387 0.997860 204.646666
0.997178 0.045114 -0.060007 73.552821 -0.046286 0.998761 -0.018279 -8.938874 0.059108 0.021005 0.998031 205.381971
0.997355 0.045090 -0.057017 73.509259 -0.046241 0.998749 -0.019037 -8.954024 0.056087 0.021623 0.998192 206.118213
0.997522 0.045069 -0.054029 73.465718 -0.046196 0.998736 -0.019795 -8.969162 0.053069 0.022241 0.998343 206.854039
