1.000000 -0.000000 0.000000 -0.000000 -0.000000 1.000000 -0.000000 -0.000000 0.000000 -0.000000 1.000000 0.000000
0.999999 0.000712 0.001534 -0.011469 -0.000706 0.999990 -0.004327 -0.017122 -0.001537 0.004326 0.999989 1.001624
0.999997 -0.001384 0.002129 -0.017703 0.001395 0.999985 -0.005223 -0.033042 -0.002122 0.005226 0.999984 2.004768
0.999993 -0.002875 0.002197 -0.032362 0.002877 0.999995 -0.000911 -0.063419 -0.002194 0.000918 0.999997 3.007908
0.999989 -0.004378 0.001427 -0.046489 0.004370 0.999975 0.005546 -0.095036 -0.001451 -0.005540 0.999984 4.008017
0.999961 -0.008801 0.000049 -0.055602 0.008800 0.999950 0.004660 -0.122217 -0.000090 -0.004659 0.999989 5.006023
0.999933 -0.011541 -0.000993 -0.067287 0.011543 0.999932 0.001608 -0.144871 0.000974 -0.001620 0.999998 5.977125
0.999925 -0.012109 -0.001792 -0.078587 0.012106 0.999926 -0.001463 -0.153567 0.001810 0.001441 0.999997 6.953465
0.999931 -0.011483 -0.002596 -0.093110 0.011477 0.999932 -0.002116 -0.167881 0.002620 0.002086 0.999994 7.921812
0.999935 -0.010825 -0.003547 -0.105555 0.010825 0.999941 0.000192 -0.179166 0.003545 -0.000230 0.999994 8.889708
0.999933 -0.010746 -0.004253 -0.118926 0.010760 0.999937 0.003119 -0.186585 0.004219 -0.003165 0.999986 9.858701
0.999927 -0.010905 -0.005255 -0.132921 0.010928 0.999930 0.004428 -0.191630 0.005206 -0.004485 0.999976 10.820059
0.999905 -0.012463 -0.005868 -0.148179 0.012493 0.999909 0.005084 -0.199718 0.005804 -0.005157 0.999970 11.810109
0.999897 -0.012631 -0.006826 -0.161406 0.012665 0.999907 0.004973 -0.215560 0.006763 -0.005059 0.999964 12.730722
0.999889 -0.012872 -0.007501 -0.176452 0.012898 0.999911 0.003395 -0.235486 0.007456 -0.003491 0.999966 13.678278
0.999870 -0.013366 -0.009034 -0.192709 0.013377 0.999910 0.001178 -0.260252 0.009018 -0.001299 0.999958 14.624075
0.999837 -0.014687 -0.010520 -0.207702 0.014687 0.999892 -0.000103 -0.276057 0.010520 -0.000051 0.999945 15.565757
0.999823 -0.014327 -0.012186 -0.226117 0.014320 0.999897 -0.000662 -0.285111 0.012194 0.000487 0.999926 16.503888
0.999822 -0.013041 -0.013637 -0.246721 0.013021 0.999914 -0.001569 -0.293361 0.013656 0.001391 0.999906 17.437926
0.999815 -0.011596 -0.015361 -0.265634 0.011573 0.999932 -0.001634 -0.298244 0.015379 0.001456 0.999881 18.366683
0.999783 -0.012137 -0.016918 -0.284638 0.012127 0.999926 -0.000679 -0.304405 0.016925 0.000473 0.999857 19.295701
0.999767 -0.011484 -0.018256 -0.306184 0.011499 0.999934 0.000706 -0.313840 0.018247 -0.000916 0.999833 20.219875
0.999741 -0.011323 -0.019759 -0.327933 0.011346 0.999935 0.001039 -0.323688 0.019746 -0.001263 0.999804 21.137009
0.999691 -0.012468 -0.021493 -0.347709 0.012492 0.999921 0.000969 -0.322040 0.021479 -0.001237 0.999768 22.047405
0.999653 -0.012688 -0.023088 -0.366698 0.012699 0.999919 0.000332 -0.320509 0.023082 -0.000625 0.999733 22.952499
0.999630 -0.012614 -0.024112 -0.388361 0.012637 0.999920 0.000790 -0.317219 0.024100 -0.001094 0.999709 23.851271
0.999607 -0.012367 -0.025165 -0.410072 0.012440 0.999919 0.002747 -0.315927 0.025129 -0.003059 0.999680 24.743670
0.999569 -0.013638 -0.025988 -0.429614 0.013788 0.999889 0.005601 -0.314024 0.025909 -0.005957 0.999646 25.636964
0.999556 -0.013277 -0.026675 -0.446233 0.013467 0.999885 0.006954 -0.305738 0.026580 -0.007310 0.999620 26.498023
0.999541 -0.012825 -0.027437 -0.466437 0.012988 0.999899 0.005760 -0.298849 0.027360 -0.006114 0.999607 27.356250
0.999537 -0.011430 -0.028193 -0.489043 0.011519 0.999929 0.003006 -0.293049 0.028157 -0.003330 0.999598 28.204197
0.999521 -0.010923 -0.028970 -0.512556 0.010968 0.999939 0.001402 -0.293405 0.028953 -0.001719 0.999579 29.033855
0.999501 -0.010204 -0.029910 -0.536647 0.010237 0.999947 0.000939 -0.298277 0.029899 -0.001244 0.999552 29.859347
0.999455 -0.010424 -0.031319 -0.560641 0.010446 0.999945 0.000528 -0.303039 0.031312 -0.000855 0.999509 30.677070
0.999398 -0.010120 -0.033185 -0.584964 0.010122 0.999949 -0.000094 -0.302456 0.033184 -0.000242 0.999449 31.481044
0.999335 -0.010140 -0.035032 -0.608599 0.010129 0.999949 -0.000480 -0.289317 0.035035 0.000125 0.999386 32.279457
0.999257 -0.010454 -0.037090 -0.635894 0.010486 0.999945 0.000647 -0.284946 0.037082 -0.001035 0.999312 33.071059
0.999183 -0.010442 -0.039053 -0.664535 0.010578 0.999939 0.003289 -0.285958 0.039016 -0.003700 0.999232 33.846080
0.999117 -0.009676 -0.040895 -0.698056 0.009871 0.999941 0.004549 -0.291316 0.040848 -0.004948 0.999153 34.614133
0.999048 -0.008212 -0.042839 -0.737182 0.008426 0.999953 0.004802 -0.298099 0.042797 -0.005158 0.999070 35.371698
0.998987 -0.005570 -0.044651 -0.779474 0.005752 0.999976 0.003942 -0.301181 0.044628 -0.004195 0.998995 36.143708
0.998914 -0.004077 -0.046409 -0.819637 0.004226 0.999986 0.003116 -0.301299 0.046395 -0.003309 0.998918 36.861967
0.998845 -0.003602 -0.047920 -0.857565 0.003824 0.999982 0.004539 -0.293500 0.047903 -0.004717 0.998841 37.583267
0.998798 -0.002422 -0.048962 -0.894551 0.002725 0.999977 0.006122 -0.284560 0.048946 -0.006248 0.998782 38.299453
0.998804 0.000606 -0.048894 -0.936261 -0.000271 0.999976 0.006862 -0.282922 0.048897 -0.006841 0.998780 39.003328
0.998849 0.003748 -0.047824 -0.975577 -0.003524 0.999982 0.004787 -0.275350 0.047841 -0.004613 0.998844 39.692831
0.998925 0.005352 -0.046051 -1.007437 -0.005291 0.999985 0.001442 -0.264395 0.046058 -0.001197 0.998938 40.372210
0.999019 0.005713 -0.043904 -1.036458 -0.005743 0.999983 -0.000563 -0.259033 0.043900 0.000815 0.999035 41.035727
0.999141 0.006928 -0.040848 -1.066599 -0.006920 0.999976 0.000341 -0.254691 0.040849 -0.000058 0.999165 41.699005
0.999232 0.011976 -0.037299 -1.099559 -0.011853 0.999923 0.003534 -0.256142 0.037339 -0.003089 0.999298 42.375302
0.999305 0.016416 -0.033473 -1.128981 -0.016181 0.999842 0.007283 -0.255999 0.033588 -0.006736 0.999413 43.005699
0.999348 0.021316 -0.029154 -1.154613 -0.021088 0.999745 0.008120 -0.254244 0.029319 -0.007500 0.999542 43.629327
0.999404 0.025020 -0.023766 -1.175608 -0.024831 0.999658 0.008233 -0.250493 0.023964 -0.007638 0.999684 44.238395
0.999426 0.028709 -0.017958 -1.192068 -0.028529 0.999541 0.010233 -0.247276 0.018243 -0.009715 0.999786 44.830549
0.999368 0.033724 -0.011208 -1.205963 -0.033593 0.999367 0.011690 -0.246126 0.011595 -0.011306 0.999869 45.401436
0.999307 0.037010 -0.004073 -1.213477 -0.036963 0.999256 0.011040 -0.246331 0.004478 -0.010881 0.999931 45.950389
0.999174 0.040508 0.003261 -1.215205 -0.040543 0.999112 0.011425 -0.246031 -0.002795 -0.011548 0.999929 46.479033
0.998931 0.044947 0.010811 -1.215218 -0.045065 0.998924 0.010929 -0.240157 -0.010308 -0.011405 0.999882 46.982514
0.998611 0.049322 0.018532 -1.211969 -0.049476 0.998744 0.007947 -0.234850 -0.018117 -0.008853 0.999797 47.465769
0.998344 0.051056 0.026488 -1.203464 -0.051196 0.998678 0.004614 -0.236866 -0.026217 -0.005963 0.999638 47.923487
0.998078 0.051516 0.034451 -1.188711 -0.051717 0.998649 0.004975 -0.238030 -0.034148 -0.006747 0.999394 48.362656
0.997805 0.050997 0.042244 -1.167306 -0.051308 0.998663 0.006316 -0.239526 -0.041865 -0.008469 0.999087 48.776184
0.997338 0.052740 0.050347 -1.145527 -0.053167 0.998560 0.007166 -0.239175 -0.049897 -0.009824 0.998706 49.163507
0.996645 0.056185 0.059510 -1.124307 -0.056705 0.998366 0.007083 -0.238753 -0.059014 -0.010433 0.998202 49.541322
0.995832 0.060823 0.067967 -1.105336 -0.061411 0.998091 0.006597 -0.240415 -0.067436 -0.010743 0.997666 49.865312
0.994946 0.064398 0.077038 -1.081054 -0.065107 0.997856 0.006732 -0.244398 -0.076439 -0.011713 0.997005 50.175929
0.994217 0.063843 0.086349 -1.049985 -0.064694 0.997880 0.007085 -0.253271 -0.085713 -0.012630 0.996240 50.461551
0.993297 0.062792 0.097052 -1.015482 -0.063583 0.997964 0.005081 -0.260777 -0.096535 -0.011217 0.995266 50.738257
0.992138 0.061523 0.108984 -0.977883 -0.061929 0.998081 0.000340 -0.267589 -0.108754 -0.007087 0.994043 51.008038
0.990537 0.062487 0.122194 -0.937087 -0.062470 0.998039 -0.003972 -0.273442 -0.122203 -0.003699 0.992498 51.275496
0.988371 0.064317 0.137793 -0.894421 -0.064110 0.997925 -0.005941 -0.280568 -0.137889 -0.002961 0.990443 51.540757
0.985726 0.066287 0.154760 -0.844148 -0.065965 0.997796 -0.007221 -0.286092 -0.154898 -0.003091 0.987926 51.814277
0.983019 0.066692 0.170958 -0.791365 -0.066217 0.997769 -0.008483 -0.291571 -0.171143 -0.002981 0.985242 52.060542
0.979732 0.065954 0.189143 -0.728340 -0.065301 0.997819 -0.009688 -0.296762 -0.189369 -0.002859 0.981902 52.315118
0.975728 0.065032 0.209108 -0.658077 -0.064334 0.997877 -0.010147 -0.302291 -0.209324 -0.003552 0.977840 52.572111
0.971302 0.065513 0.228647 -0.588307 -0.064609 0.997845 -0.011445 -0.306784 -0.228904 -0.003656 0.973442 52.811596
0.965914 0.067609 0.249878 -0.511587 -0.066237 0.997707 -0.013905 -0.311706 -0.250245 -0.003120 0.968177 53.059507
0.959667 0.068923 0.272558 -0.426822 -0.067071 0.997618 -0.016119 -0.317908 -0.273020 -0.002812 0.962004 53.305503
0.952273 0.070184 0.297069 -0.332844 -0.068153 0.997526 -0.017201 -0.325504 -0.297542 -0.003866 0.954701 53.554123
0.943611 0.073089 0.322887 -0.232930 -0.071026 0.997309 -0.018184 -0.334080 -0.323347 -0.005775 0.946263 53.803150
0.933413 0.075496 0.350772 -0.122022 -0.073331 0.997117 -0.019473 -0.343954 -0.351231 -0.007546 0.936258 54.054625
0.922274 0.076136 0.378964 -0.002306 -0.073738 0.997059 -0.020859 -0.354496 -0.379438 -0.008706 0.925176 54.293207
0.909590 0.074278 0.408813 0.133753 -0.071089 0.997204 -0.023014 -0.364272 -0.409380 -0.008129 0.912328 54.528728
0.894422 0.071696 0.441439 0.284810 -0.067125 0.997406 -0.025988 -0.373394 -0.442157 -0.006387 0.896915 54.762553
0.877144 0.071454 0.474881 0.443018 -0.064740 0.997436 -0.030501 -0.382435 -0.475843 -0.003990 0.879521 54.991545
0.857541 0.073415 0.509149 0.612544 -0.064094 0.997300 -0.035851 -0.391907 -0.510407 -0.001889 0.859931 55.219330
0.835427 0.075688 0.544365 0.799258 -0.063945 0.997131 -0.040504 -0.402597 -0.545869 -0.000971 0.837870 55.453781
0.810478 0.078880 0.580434 1.002440 -0.065183 0.996882 -0.044458 -0.414760 -0.582131 -0.001802 0.813093 55.691973
0.783165 0.083029 0.616246 1.218044 -0.068282 0.996535 -0.047490 -0.430253 -0.618054 -0.004886 0.786121 55.923166
0.753058 0.087486 0.652111 1.456939 -0.071883 0.996127 -0.050628 -0.446740 -0.654015 -0.008750 0.756431 56.164839
0.719893 0.088578 0.688410 1.724090 -0.071342 0.996013 -0.053553 -0.464713 -0.690409 -0.010560 0.723342 56.400889
0.683444 0.086317 0.724882 2.023807 -0.068133 0.996193 -0.054386 -0.477640 -0.726817 -0.012219 0.686723 56.625370
0.644440 0.085033 0.759912 2.360842 -0.065116 0.996290 -0.056263 -0.477769 -0.761877 -0.013225 0.647587 56.850603
0.601497 0.084785 0.794363 2.717981 -0.063091 0.996288 -0.058564 -0.483220 -0.796380 -0.014891 0.604614 57.063809
0.556172 0.084725 0.826737 3.094003 -0.059395 0.996298 -0.062145 -0.479276 -0.828942 -0.014541 0.559145 57.265830
0.508220 0.083686 0.857152 3.495457 -0.056743 0.996359 -0.063633 -0.486089 -0.859356 -0.016298 0.511118 57.459303
0.459557 0.081661 0.884386 3.919181 -0.054798 0.996474 -0.063536 -0.491392 -0.886456 -0.019264 0.462411 57.632051
0.409544 0.079795 0.908794 4.369291 -0.054806 0.996520 -0.062799 -0.516620 -0.910643 -0.024088 0.412492 57.786794
0.359734 0.079611 0.929652 4.830691 -0.057808 0.996341 -0.062953 -0.539618 -0.931262 -0.031095 0.363020 57.926895
0.310343 0.080452 0.947214 5.312139 -0.054979 0.996263 -0.066605 -0.564592 -0.949034 -0.031406 0.313606 58.034179
0.263613 0.076225 0.961612 5.813912 -0.044319 0.996777 -0.066863 -0.595773 -0.963610 -0.024992 0.266141 58.118407
0.220075 0.070936 0.972900 6.337732 -0.030599 0.997364 -0.065798 -0.626680 -0.975003 -0.015289 0.221665 58.174578
0.177042 0.069400 0.981753 6.883287 -0.021806 0.997542 -0.066583 -0.653241 -0.983962 -0.009620 0.178121 58.223180
0.139434 0.072253 0.987592 7.418587 -0.017754 0.997356 -0.070461 -0.682131 -0.990072 -0.007709 0.140348 58.259773
0.107482 0.072042 0.991593 7.972894 -0.008853 0.997401 -0.071504 -0.724289 -0.994168 -0.001093 0.107840 58.276715
0.078522 0.070274 0.994432 8.546672 -0.002182 0.997522 -0.070320 -0.773785 -0.996910 0.003352 0.078480 58.294690
0.053799 0.068074 0.996229 9.135464 0.004678 0.997645 -0.068424 -0.813751 -0.998541 0.008341 0.053354 58.301147
0.034252 0.068297 0.997077 9.736080 0.010117 0.997587 -0.068679 -0.857379 -0.999362 0.012439 0.033479 58.307148
0.018746 0.070079 0.997365 10.341766 0.013316 0.997435 -0.070334 -0.902062 -0.999736 0.014600 0.017765 58.305724
0.005284 0.069622 0.997559 10.971240 0.013919 0.997471 -0.069690 -0.947374 -0.999889 0.014254 0.004302 58.303708
-0.006190 0.070298 0.997507 11.595970 0.014315 0.997430 -0.070203 -0.996539 -0.999878 0.013844 -0.007181 58.302880
-0.014799 0.073715 0.997170 12.239032 0.019107 0.997117 -0.073428 -1.055254 -0.999708 0.017966 -0.016164 58.286307
-0.021223 0.075648 0.996909 12.892802 0.023704 0.996891 -0.075142 -1.117194 -0.999494 0.022036 -0.022950 58.251467
-0.025909 0.074750 0.996866 13.556736 0.023921 0.996961 -0.074135 -1.167977 -0.999378 0.021925 -0.027618 58.223919
-0.029699 0.072354 0.996937 14.236604 0.021536 0.997191 -0.071731 -1.217524 -0.999327 0.019339 -0.031174 58.203413
-0.032246 0.064821 0.997376 14.924472 0.019300 0.997749 -0.064221 -1.269538 -0.999294 0.017178 -0.033425 58.177660
-0.033580 0.058966 0.997695 15.632286 0.020692 0.998085 -0.058292 -1.317429 -0.999222 0.018687 -0.034736 58.139150
-0.034037 0.056852 0.997802 16.345442 0.023322 0.998154 -0.056076 -1.366117 -0.999148 0.021362 -0.035300 58.094966
-0.033724 0.059221 0.997675 17.063213 0.026478 0.997945 -0.058342 -1.417061 -0.999080 0.024448 -0.035223 58.055167
-0.033059 0.067305 0.997185 17.787378 0.027707 0.997408 -0.066402 -1.462354 -0.999069 0.025433 -0.034838 58.016109
-0.030873 0.075127 0.996696 18.518687 0.028323 0.996837 -0.074260 -1.502437 -0.999122 0.025937 -0.032903 57.983801
-0.028693 0.076589 0.996650 19.268494 0.029704 0.996685 -0.075737 -1.545746 -0.999147 0.027432 -0.030873 57.953558
-0.026661 0.071584 0.997078 20.035912 0.028593 0.997079 -0.070820 -1.593908 -0.999236 0.026621 -0.028630 57.924494
-0.024196 0.064035 0.997654 20.803142 0.028157 0.997594 -0.063349 -1.647724 -0.999311 0.026558 -0.025941 57.898774
-0.021550 0.063297 0.997762 21.568164 0.025856 0.997695 -0.062734 -1.696725 -0.999433 0.024446 -0.023137 57.876731
-0.018131 0.068984 0.997453 22.323939 0.033897 0.997086 -0.068343 -1.741686 -0.999261 0.032572 -0.020417 57.843304
-0.014656 0.074345 0.997125 23.082785 0.035940 0.996627 -0.073779 -1.787932 -0.999247 0.034756 -0.017278 57.815493
-0.012522 0.074735 0.997125 23.849483 0.029176 0.996806 -0.074344 -1.839076 -0.999496 0.028161 -0.014662 57.810627
-0.009303 0.072185 0.997348 24.608536 0.025582 0.997082 -0.071927 -1.895775 -0.999629 0.024845 -0.011122 57.806814
-0.004587 0.066579 0.997771 25.380411 0.029249 0.997363 -0.066417 -1.955801 -0.999562 0.028879 -0.006522 57.789077
-0.001252 0.069114 0.997608 26.149350 0.034204 0.997028 -0.069031 -2.008471 -0.999414 0.034036 -0.003612 57.767363
0.001860 0.073097 0.997323 26.902747 0.033656 0.996755 -0.073119 -2.059391 -0.999432 0.033702 -0.000607 57.765551
0.005331 0.074461 0.997210 27.666142 0.030178 0.996758 -0.074588 -2.113697 -0.999530 0.030491 0.003067 57.776885
0.009153 0.073181 0.997277 28.433546 0.029117 0.996876 -0.073418 -2.167614 -0.999534 0.029710 0.006994 57.794677
0.013076 0.070485 0.997427 29.203399 0.033513 0.996921 -0.070889 -2.226546 -0.999353 0.034354 0.010674 57.803139
0.017093 0.070226 0.997385 29.967325 0.038093 0.996760 -0.070834 -2.288673 -0.999128 0.039205 0.014363 57.816329
0.020718 0.071269 0.997242 30.732449 0.040906 0.996560 -0.072070 -2.343893 -0.998948 0.042286 0.017731 57.828958
0.023460 0.071558 0.997160 31.496854 0.041049 0.996525 -0.072478 -2.395401 -0.998882 0.042632 0.020441 57.843494
0.027005 0.070397 0.997153 32.266789 0.042708 0.996525 -0.071509 -2.445222 -0.998723 0.044517 0.023904 57.856480
0.030709 0.068675 0.997166 33.038203 0.044166 0.996569 -0.069994 -2.496112 -0.998552 0.046190 0.027571 57.870403
0.033566 0.069859 0.996992 33.807471 0.043089 0.996525 -0.071277 -2.537443 -0.998507 0.045352 0.030439 57.894212
0.036623 0.071253 0.996786 34.580696 0.040275 0.996539 -0.072715 -2.578228 -0.998517 0.042808 0.033627 57.924312
0.039502 0.071352 0.996669 35.355130 0.042130 0.996441 -0.073005 -2.620601 -0.998331 0.044874 0.036355 57.951757
0.042268 0.070920 0.996586 36.133510 0.039449 0.996581 -0.072593 -2.667716 -0.998327 0.042383 0.039326 57.986640
0.044293 0.071815 0.996434 36.908463 0.038371 0.996555 -0.073529 -2.711893 -0.998282 0.041491 0.041384 58.024367
0.047413 0.071333 0.996325 37.695101 0.034539 0.996733 -0.073006 -2.761384 -0.998278 0.037874 0.044794 58.065335
0.050771 0.073423 0.996008 38.479397 0.033334 0.996614 -0.075167 -2.812393 -0.998154 0.037018 0.048151 58.105512
0.053976 0.077693 0.995515 39.264452 0.032351 0.996309 -0.079509 -2.867554 -0.998018 0.036497 0.051263 58.146804
0.057350 0.079080 0.995217 40.057006 0.031982 0.996201 -0.081001 -2.922992 -0.997842 0.036475 0.054603 58.190587
0.060393 0.081817 0.994816 40.853006 0.026272 0.996159 -0.083523 -2.973413 -0.997829 0.031180 0.058012 58.245380
0.062978 0.080561 0.994758 41.657140 0.022298 0.996374 -0.082103 -3.024315 -0.997766 0.027352 0.060954 58.303008
0.066646 0.081059 0.994479 42.465409 0.024457 0.996262 -0.082843 -3.080932 -0.997477 0.029844 0.064414 58.353752
0.070694 0.082007 0.994121 43.274824 0.023875 0.996190 -0.083875 -3.135919 -0.997212 0.029665 0.068467 58.408987
0.074165 0.083020 0.993784 44.091330 0.019365 0.996221 -0.084669 -3.188774 -0.997058 0.025524 0.072277 58.475138
0.078311 0.081929 0.993557 44.914908 0.019009 0.996313 -0.083654 -3.244326 -0.996748 0.025438 0.076465 58.539843
0.083323 0.080262 0.993285 45.756024 0.018870 0.996445 -0.082100 -3.297181 -0.996344 0.025584 0.081512 58.609091
0.088146 0.084940 0.992479 46.563947 0.015447 0.996121 -0.086623 -3.352539 -0.995988 0.022966 0.086492 58.686461
0.094220 0.094227 0.991082 47.387398 0.013861 0.995290 -0.095945 -3.402580 -0.995455 0.022777 0.092470 58.768906
0.101700 0.098554 0.989921 48.223846 0.012040 0.994886 -0.100285 -3.461241 -0.994742 0.022118 0.099993 58.857675
0.108884 0.100947 0.988915 49.072291 0.008008 0.994709 -0.102420 -3.525277 -0.994022 0.019071 0.107500 58.959048
0.115801 0.098731 0.988353 49.896979 0.004086 0.994992 -0.099873 -3.592468 -0.993264 0.015604 0.114817 59.064658
0.123452 0.096844 0.987614 50.743423 0.003804 0.995173 -0.098061 -3.662244 -0.992343 0.015863 0.122488 59.174427
0.130656 0.093882 0.986973 51.590961 0.003681 0.995454 -0.095176 -3.727642 -0.991421 0.016068 0.129717 59.288791
0.138118 0.087772 0.986519 52.440924 0.001419 0.996047 -0.088818 -3.792894 -0.990415 0.013667 0.137448 59.413206
0.145247 0.081015 0.986073 53.285595 -0.000726 0.996650 -0.081777 -3.850124 -0.989395 0.011162 0.144819 59.545484
0.152906 0.077344 0.985209 54.140816 -0.001274 0.996947 -0.078067 -3.912550 -0.988240 0.010682 0.152537 59.680359
0.159974 0.080358 0.983845 54.958054 -0.001057 0.996694 -0.081236 -3.968025 -0.987121 0.011956 0.159530 59.813408
0.165698 0.086167 0.982405 55.778436 -0.000923 0.996189 -0.087221 -4.023164 -0.986176 0.013545 0.165147 59.954571
0.170859 0.090699 0.981112 56.592475 -0.001860 0.995782 -0.091731 -4.082523 -0.985294 0.013848 0.170307 60.098599
0.175563 0.093003 0.980065 57.385225 -0.003992 0.995587 -0.093760 -4.143701 -0.984460 0.012548 0.175159 60.243490
0.180952 0.092503 0.979132 58.183110 -0.005856 0.995650 -0.092982 -4.204409 -0.983475 0.011091 0.180706 60.391476
0.186351 0.089093 0.978435 58.990149 -0.002180 0.995915 -0.090270 -4.262120 -0.982481 0.014689 0.185784 60.538266
0.190819 0.083155 0.978097 59.764610 -0.001184 0.996424 -0.084482 -4.318314 -0.981625 0.014963 0.190235 60.686460
0.193802 0.075706 0.978115 60.543152 -0.003607 0.997066 -0.076458 -4.369152 -0.981034 0.011290 0.193506 60.843903
0.196901 0.073018 0.977700 61.313112 -0.006793 0.997300 -0.073114 -4.420802 -0.980400 0.007754 0.196865 61.004096
0.200084 0.073422 0.977024 62.066690 -0.008462 0.997280 -0.073212 -4.467621 -0.979742 0.006380 0.200161 61.159227
0.202193 0.075734 0.976413 62.809060 -0.010499 0.997116 -0.075166 -4.516372 -0.979290 0.004947 0.202405 61.315545
0.203463 0.079850 0.975821 63.538828 -0.014763 0.996806 -0.078489 -4.564529 -0.978971 0.001563 0.203992 61.477080
0.205434 0.084305 0.975033 64.258629 -0.016280 0.996439 -0.082726 -4.614787 -0.978536 0.001121 0.206075 61.634772
0.207446 0.089467 0.974147 64.964328 -0.016844 0.995988 -0.087886 -4.657586 -0.978101 0.001823 0.208121 61.789578
0.209041 0.091294 0.973636 65.666184 -0.016397 0.995820 -0.089854 -4.706379 -0.977769 0.002818 0.209664 61.943333
0.210171 0.090996 0.973421 66.360165 -0.018640 0.995851 -0.089068 -4.758759 -0.977487 0.000574 0.210995 62.098066
0.210826 0.088233 0.973533 67.046763 -0.018666 0.996100 -0.086236 -4.814707 -0.977345 0.000009 0.211651 62.247426
0.211287 0.085414 0.973685 67.724946 -0.018654 0.996345 -0.083354 -4.867829 -0.977246 -0.000552 0.212108 62.395421
0.211065 0.084432 0.973819 68.390350 -0.017923 0.996429 -0.082508 -4.913385 -0.977308 -0.000039 0.211825 62.534094
0.209521 0.083724 0.974213 69.045652 -0.017854 0.996489 -0.081798 -4.965400 -0.977641 -0.000255 0.210280 62.672132
0.207777 0.084410 0.974527 69.692465 -0.019130 0.996430 -0.082229 -5.018319 -0.977989 -0.001557 0.208649 62.808378
0.205368 0.087849 0.974734 70.341944 -0.020157 0.996132 -0.085530 -5.076711 -0.978477 -0.002083 0.206344 62.947927
0.203129 0.091322 0.974884 70.940183 -0.018428 0.995821 -0.089443 -5.130339 -0.978979 0.000204 0.203963 63.075222
0.201397 0.091740 0.975204 71.569760 -0.016085 0.995780 -0.090354 -5.182058 -0.979378 0.002511 0.202022 63.204022
0.199193 0.090780 0.975746 72.172060 -0.016840 0.995870 -0.089215 -5.231855 -0.979816 0.001340 0.199899 63.334496
0.196566 0.087993 0.976534 72.775881 -0.017120 0.996121 -0.086312 -5.285896 -0.980341 0.000248 0.197310 63.455618
0.194533 0.083561 0.977330 73.366433 -0.016858 0.996502 -0.081845 -5.342758 -0.980751 -0.000554 0.195262 63.574167
0.192695 0.082572 0.977778 73.939948 -0.013863 0.996583 -0.081428 -5.393054 -0.981161 0.002136 0.193181 63.686123
0.190984 0.084582 0.977942 74.507224 -0.009557 0.996394 -0.084312 -5.440828 -0.981547 0.006756 0.191104 63.793953
0.188627 0.086350 0.978245 75.070792 -0.005732 0.996206 -0.086830 -5.485365 -0.982032 0.010772 0.188407 63.901243
0.186967 0.088836 0.978341 75.629329 -0.006447 0.995992 -0.089206 -5.532216 -0.982345 0.010371 0.186790 64.009719
0.185698 0.091177 0.978367 76.186763 -0.006598 0.995779 -0.091547 -5.583135 -0.982585 0.010544 0.185515 64.117864
0.184537 0.089268 0.978763 76.752247 -0.004887 0.995938 -0.089913 -5.630170 -0.982813 0.011809 0.184224 64.224728
0.185397 0.087483 0.978762 77.316202 0.001401 0.996005 -0.089289 -5.676448 -0.982663 0.017925 0.184533 64.321168
0.187993 0.086472 0.978356 77.883687 0.006456 0.995986 -0.089271 -5.720800 -0.982149 0.023098 0.186680 64.417390
0.190002 0.085430 0.978060 78.454013 0.008831 0.996018 -0.088714 -5.768173 -0.981744 0.025493 0.188491 64.524746
0.193420 0.085069 0.977421 79.028349 0.005714 0.996119 -0.087827 -5.817062 -0.981099 0.022573 0.192184 64.643030
0.198954 0.085543 0.976268 79.598757 0.005154 0.996078 -0.088329 -5.862448 -0.979995 0.022605 0.197732 64.760834
0.205804 0.084671 0.974923 80.179996 0.006228 0.996116 -0.087826 -5.912287 -0.978573 0.024146 0.204478 64.886076
0.214080 0.083940 0.973203 80.779668 0.005761 0.996175 -0.087189 -5.961148 -0.976799 0.024272 0.212777 65.024289
0.222129 0.083231 0.971458 81.363114 0.005261 0.996233 -0.086557 -6.008758 -0.975003 0.024338 0.220854 65.158875
0.231005 0.082482 0.969450 81.950370 0.001416 0.996371 -0.085109 -6.059871 -0.972952 0.021033 0.230049 65.303659
0.240991 0.082493 0.967015 82.567328 -0.000151 0.996384 -0.084960 -6.107865 -0.970527 0.020329 0.240132 65.464018
0.250406 0.085728 0.964338 83.156592 -0.004511 0.996164 -0.087386 -6.150779 -0.968131 0.017531 0.249832 65.629966
0.260030 0.088671 0.961520 83.784076 -0.008289 0.995943 -0.089603 -6.192815 -0.965565 0.015330 0.259711 65.812178
0.270771 0.090630 0.958368 84.403675 -0.012523 0.995806 -0.090632 -6.239009 -0.962562 0.012539 0.270770 65.996640
0.281051 0.092557 0.955219 85.035084 -0.014400 0.995633 -0.092236 -6.285674 -0.959585 0.012168 0.281157 66.188686
0.290866 0.093264 0.952207 85.671490 -0.016952 0.995584 -0.092335 -6.324963 -0.956614 0.010715 0.291162 66.396470
0.301209 0.094234 0.948890 86.326840 -0.018475 0.995495 -0.092998 -6.371173 -0.953379 0.010481 0.301593 66.612808
0.311476 0.095000 0.945493 86.992988 -0.021826 0.995443 -0.092828 -6.414738 -0.950003 0.008278 0.312130 66.840740
0.322102 0.089733 0.942443 87.679548 -0.021587 0.995935 -0.087449 -6.458457 -0.946459 0.007823 0.322730 67.083559
0.332978 0.081818 0.939378 88.374532 -0.017967 0.996598 -0.080433 -6.498607 -0.942763 0.009905 0.333315 67.331097
0.344023 0.077579 0.935751 89.079940 -0.016564 0.996927 -0.076561 -6.545009 -0.938815 0.010839 0.344251 67.592437
0.354094 0.074590 0.932230 89.794010 -0.016506 0.997157 -0.073515 -6.585584 -0.935064 0.010644 0.354319 67.869236
0.363209 0.070477 0.929038 90.526118 -0.010063 0.997374 -0.071727 -6.605047 -0.931653 0.016703 0.362965 68.155411
0.372455 0.066719 0.925649 91.259454 -0.003811 0.997514 -0.070365 -6.624344 -0.928042 0.022680 0.371784 68.441899
0.379542 0.056992 0.923417 92.015733 0.005139 0.997955 -0.063704 -6.646336 -0.925160 0.028924 0.378474 68.744170
0.386860 0.052864 0.920622 92.764542 0.011536 0.998000 -0.062155 -6.684073 -0.922067 0.034665 0.385476 69.052148
0.394155 0.053122 0.917507 93.509673 0.012806 0.997914 -0.063279 -6.725361 -0.918955 0.036692 0.392652 69.375656
0.401800 0.059151 0.913815 94.249065 0.015517 0.997328 -0.071380 -6.763694 -0.915596 0.042860 0.399808 69.696226
0.409135 0.063720 0.910246 94.994329 0.019739 0.996707 -0.078645 -6.813377 -0.912260 0.050143 0.406530 70.031317
0.414427 0.065130 0.907749 95.727177 0.017054 0.996705 -0.079299 -6.870738 -0.909923 0.048344 0.411951 70.375832
0.418845 0.067324 0.905558 96.442816 0.009204 0.996882 -0.078371 -6.914272 -0.908011 0.041160 0.416919 70.734667
0.422745 0.070700 0.903486 97.150769 0.003058 0.996835 -0.079436 -6.975179 -0.906243 0.036344 0.421191 71.092856
0.427038 0.074055 0.901196 97.851016 0.002045 0.996559 -0.082860 -7.034880 -0.904231 0.037227 0.425417 71.440192
0.431186 0.078363 0.898853 98.550626 -0.001014 0.996263 -0.086369 -7.110019 -0.902262 0.036330 0.429654 71.793726
0.434556 0.081231 0.896974 99.219535 -0.004291 0.996100 -0.088129 -7.183014 -0.900635 0.034449 0.433210 72.135560
0.438558 0.079536 0.895177 99.898533 -0.005482 0.996294 -0.085835 -7.259679 -0.898686 0.032736 0.437369 72.483781
0.442854 0.075914 0.893374 100.581594 -0.004417 0.996582 -0.082495 -7.329268 -0.896583 0.032587 0.441676 72.828244
0.446200 0.073543 0.891906 101.230412 -0.004876 0.996803 -0.079753 -7.398532 -0.894920 0.031237 0.445132 73.164943
0.449813 0.072641 0.890164 101.895984 -0.006223 0.996918 -0.078208 -7.469536 -0.893101 0.029639 0.448878 73.512560
0.453134 0.074646 0.888311 102.509797 -0.007838 0.996783 -0.079762 -7.533159 -0.891408 0.029180 0.452262 73.839883
0.455917 0.074935 0.886862 103.132566 -0.006875 0.996716 -0.080683 -7.592121 -0.889996 0.030688 0.454935 74.167103
0.458036 0.073094 0.885923 103.751972 -0.004849 0.996804 -0.079736 -7.650212 -0.888920 0.032226 0.456927 74.491106
0.459786 0.072102 0.885098 104.360431 -0.002868 0.996814 -0.079713 -7.709739 -0.888025 0.034113 0.458527 74.811337
0.461582 0.071908 0.884178 104.958891 -0.004292 0.996879 -0.078833 -7.766662 -0.887087 0.032593 0.460450 75.133599
0.463594 0.071548 0.883154 105.548395 -0.003114 0.996860 -0.079125 -7.823540 -0.886042 0.033931 0.462361 75.453652
0.466223 0.073709 0.881591 106.123734 -0.003436 0.996666 -0.081513 -7.883340 -0.884660 0.034974 0.464922 75.769548
0.469330 0.073073 0.879994 106.685222 -0.001110 0.996618 -0.082165 -7.943074 -0.883022 0.037586 0.467824 76.078537
0.472436 0.072377 0.878388 107.245772 0.001234 0.996567 -0.082778 -8.002376 -0.881364 0.040191 0.470725 76.387101
0.475681 0.070687 0.876773 107.796115 0.004050 0.996579 -0.082544 -8.053690 -0.879609 0.042816 0.473768 76.691788
0.479124 0.069755 0.874971 108.342397 0.005530 0.996578 -0.082478 -8.096619 -0.877730 0.044356 0.477098 76.992831
0.482318 0.069352 0.873247 108.878056 0.006467 0.996552 -0.082717 -8.139292 -0.875973 0.045543 0.480206 77.290915
0.485726 0.068657 0.871411 109.408715 0.007160 0.996565 -0.082508 -8.181955 -0.874082 0.046316 0.483565 77.589405
0.489173 0.068146 0.869520 109.933438 0.008817 0.996506 -0.083058 -8.223750 -0.872142 0.048296 0.486863 77.885250
0.493061 0.069452 0.867218 110.454202 0.008413 0.996381 -0.084579 -8.265059 -0.869954 0.048998 0.490692 78.185104
0.497406 0.069600 0.864721 110.975798 0.010394 0.996227 -0.086164 -8.308372 -0.867455 0.051846 0.494806 78.486323
0.502143 0.073054 0.861694 111.490729 0.008009 0.995990 -0.089106 -8.363102 -0.864748 0.051645 0.499544 78.789646
0.507585 0.078897 0.857982 111.991390 0.004701 0.995530 -0.094326 -8.418748 -0.861589 0.051911 0.504945 79.093363
0.513373 0.085919 0.853854 112.500173 -0.000722 0.995018 -0.099689 -8.475876 -0.858165 0.050562 0.510877 79.409226
0.519413 0.092101 0.849546 112.998957 -0.005748 0.994529 -0.104304 -8.530283 -0.854504 0.049294 0.517100 79.725442
0.525818 0.096484 0.845107 113.504926 -0.008787 0.994109 -0.108028 -8.586122 -0.850552 0.049377 0.523568 80.046877
0.531177 0.096716 0.841723 114.015996 -0.013396 0.994298 -0.105793 -8.642339 -0.847155 0.044920 0.529443 80.380427
0.536489 0.095521 0.838484 114.537688 -0.019855 0.994727 -0.100616 -8.706456 -0.843674 0.037331 0.535557 80.723248
0.542238 0.093127 0.835048 115.069586 -0.025978 0.995222 -0.094121 -8.763095 -0.839823 0.029343 0.542066 81.071851
0.547962 0.090995 0.831539 115.607000 -0.032245 0.995625 -0.087702 -8.817849 -0.835882 0.021245 0.548498 81.432965
0.554093 0.089237 0.827658 116.152851 -0.034935 0.995854 -0.083983 -8.867411 -0.831722 0.017620 0.554913 81.796142
0.560510 0.092863 0.822925 116.693284 -0.039490 0.995560 -0.085446 -8.915374 -0.827206 0.015396 0.561688 82.167568
0.566451 0.096772 0.818394 117.242254 -0.043255 0.995204 -0.087740 -8.963221 -0.822959 0.014301 0.567920 82.553755
0.572556 0.100137 0.813727 117.797471 -0.046010 0.994873 -0.090055 -9.011645 -0.818574 0.014122 0.574228 82.950597
0.578872 0.102025 0.809011 118.372787 -0.048055 0.994686 -0.091056 -9.057118 -0.814002 0.013833 0.580698 83.358212
0.585120 0.102963 0.804384 118.955911 -0.051317 0.994620 -0.089985 -9.105368 -0.809322 0.011374 0.587256 83.782274
0.591244 0.104919 0.799639 119.543928 -0.057262 0.994461 -0.088142 -9.158005 -0.804458 0.006324 0.593976 84.222804
0.598412 0.102655 0.794585 120.141419 -0.057668 0.994704 -0.085079 -9.217043 -0.799111 0.005090 0.601162 84.676855
0.605971 0.100724 0.789084 120.745886 -0.057665 0.994904 -0.082713 -9.273702 -0.793394 0.004619 0.608691 85.140229
0.613490 0.100872 0.783233 121.352433 -0.058588 0.994889 -0.082240 -9.317811 -0.787526 0.004566 0.616265 85.619123
0.620942 0.103288 0.777021 121.955332 -0.063519 0.994651 -0.081457 -9.366338 -0.781278 0.001224 0.624181 86.114066
0.628784 0.103812 0.770619 122.570726 -0.063930 0.994595 -0.081821 -9.410224 -0.774948 0.002182 0.632022 86.621572
0.635525 0.104607 0.764961 123.193929 -0.065658 0.994512 -0.081449 -9.457628 -0.769284 0.001537 0.638906 87.143817
0.640722 0.103248 0.760799 123.827544 -0.065622 0.994655 -0.079720 -9.501459 -0.764964 0.001153 0.644072 87.677043
0.644429 0.101798 0.757858 124.468864 -0.064806 0.994804 -0.078519 -9.549903 -0.761913 0.001486 0.647677 88.219883
0.648274 0.099141 0.754925 125.135905 -0.060927 0.995062 -0.078358 -9.590647 -0.758965 0.004802 0.651113 88.781069
0.651785 0.095536 0.752362 125.778994 -0.055547 0.995383 -0.078275 -9.635230 -0.756367 0.009227 0.654083 89.322724
0.655783 0.088700 0.749721 126.458114 -0.047805 0.995960 -0.076017 -9.682937 -0.753435 0.014010 0.657374 89.894589
0.659462 0.083056 0.747136 127.136502 -0.042183 0.996400 -0.073532 -9.728697 -0.750554 0.016975 0.660591 90.476964
0.663056 0.077366 0.744561 127.808225 -0.036524 0.996804 -0.071050 -9.773963 -0.747679 0.019916 0.663762 91.053464
0.666368 0.076237 0.741715 128.482652 -0.036321 0.996897 -0.069835 -9.820354 -0.744738 0.019596 0.667069 91.650649
0.669398 0.077895 0.738809 129.151766 -0.037132 0.996753 -0.071448 -9.868055 -0.741976 0.020393 0.670116 92.251397
0.672633 0.082440 0.735370 129.835351 -0.042961 0.996449 -0.072413 -9.916275 -0.738728 0.017115 0.673786 92.882351
0.675217 0.085845 0.732607 130.495816 -0.048438 0.996221 -0.072090 -9.964397 -0.736027 0.013190 0.676824 93.500304
0.678132 0.082617 0.730282 131.175233 -0.049417 0.996538 -0.066850 -10.013730 -0.733277 0.009244 0.679867 94.131967
0.681613 0.079759 0.727353 131.857668 -0.052076 0.996808 -0.060505 -10.057800 -0.729858 0.003364 0.683591 94.774588
0.685118 0.074498 0.724613 132.541352 -0.051718 0.997221 -0.053626 -10.100870 -0.726594 -0.000735 0.687066 95.420616
0.689785 0.070187 0.720605 133.219722 -0.048969 0.997534 -0.050285 -10.142760 -0.722357 -0.000602 0.691520 96.067915
0.694555 0.067464 0.716270 133.901113 -0.043384 0.997709 -0.051903 -10.184200 -0.718131 0.004975 0.695891 96.716547
0.700079 0.064468 0.711150 134.570629 -0.032617 0.997764 -0.058341 -10.233420 -0.713320 0.017647 0.700616 97.365720
0.705587 0.066268 0.705518 135.251910 -0.026831 0.997402 -0.066850 -10.286910 -0.708115 0.028239 0.705532 98.035060
0.711277 0.066271 0.699781 135.905487 -0.024196 0.997264 -0.069850 -10.340700 -0.702496 0.032750 0.710934 98.699604
0.717097 0.062276 0.694186 136.574578 -0.021678 0.997511 -0.067094 -10.399630 -0.696636 0.033064 0.716662 99.386118
0.723108 0.055879 0.688471 137.243562 -0.017110 0.997865 -0.063020 -10.456000 -0.690523 0.033791 0.722520 100.081193
0.728491 0.053526 0.682961 137.905359 -0.012896 0.997838 -0.064449 -10.505230 -0.684934 0.038143 0.727606 100.780839
0.733119 0.054738 0.677895 138.563196 -0.010469 0.997546 -0.069226 -10.552480 -0.680020 0.043654 0.731892 101.486402
0.736750 0.057404 0.673724 139.214677 -0.011544 0.997312 -0.072352 -10.604320 -0.676067 0.045528 0.735432 102.200161
0.739941 0.053391 0.670550 139.875218 -0.009169 0.997553 -0.069310 -10.660040 -0.672610 0.045137 0.738619 102.920994
0.742389 0.048222 0.668231 140.536174 -0.005940 0.997841 -0.065408 -10.715510 -0.669942 0.044589 0.741073 103.642172
0.743809 0.044222 0.666928 141.210041 -0.002810 0.998007 -0.063041 -10.771390 -0.668387 0.045016 0.742450 104.379485
0.744409 0.039818 0.666536 141.856000 0.000608 0.998179 -0.060309 -10.819980 -0.667724 0.045299 0.743029 105.091028
0.744677 0.038869 0.666293 142.513307 0.000503 0.998270 -0.058797 -10.869780 -0.667425 0.044120 0.743369 105.819862
0.744500 0.039086 0.666477 143.170821 -0.000706 0.998330 -0.057759 -10.918320 -0.667622 0.042531 0.743285 106.550572
0.743973 0.041420 0.666925 143.833437 -0.002360 0.998233 -0.059364 -10.968690 -0.668206 0.042591 0.742756 107.284929
0.742583 0.045660 0.668196 144.507819 -0.006205 0.998100 -0.061308 -11.018070 -0.669725 0.041380 0.741455 108.030432
0.740668 0.049076 0.670077 145.155440 -0.009657 0.998003 -0.062420 -11.065290 -0.671802 0.039761 0.739663 108.740833
0.738630 0.052146 0.672091 145.812327 -0.014070 0.997979 -0.061968 -11.115070 -0.673964 0.036316 0.737871 109.459673
0.736199 0.053061 0.674682 146.486293 -0.015964 0.998006 -0.061070 -11.164100 -0.676577 0.034189 0.735578 110.187682
0.733858 0.053028 0.677229 147.153700 -0.016763 0.998058 -0.059984 -11.215340 -0.679096 0.032667 0.733323 110.901838
0.731386 0.051666 0.680004 147.817566 -0.017953 0.998239 -0.056535 -11.261710 -0.681728 0.029141 0.731026 111.606517
0.728761 0.047943 0.683088 148.490284 -0.014227 0.998391 -0.054894 -11.309400 -0.684621 0.030286 0.728270 112.306824
0.725827 0.052109 0.685901 149.152694 -0.015194 0.998098 -0.059748 -11.359650 -0.687710 0.032946 0.725237 112.993591
0.722304 0.062901 0.688709 149.808020 -0.020033 0.997340 -0.070078 -11.410700 -0.691286 0.036820 0.721643 113.680773
0.718931 0.068143 0.691733 150.474907 -0.022140 0.996923 -0.075196 -11.462600 -0.694729 0.038746 0.718227 114.367854
0.715198 0.066368 0.695764 151.156268 -0.024963 0.997272 -0.069468 -11.521410 -0.698476 0.032315 0.714903 115.060980
0.711569 0.064598 0.699640 151.818573 -0.027691 0.997569 -0.063943 -11.578540 -0.702071 0.026126 0.711628 115.734522
0.707998 0.064197 0.703291 152.504204 -0.029186 0.997669 -0.061687 -11.633570 -0.705611 0.023148 0.708221 116.420360
0.704757 0.063854 0.706569 153.164532 -0.028820 0.997696 -0.061417 -11.682640 -0.708863 0.022920 0.704973 117.070678
0.701735 0.062352 0.709705 153.842044 -0.026738 0.997766 -0.061222 -11.732210 -0.711936 0.023985 0.701834 117.726416
0.698885 0.061188 0.712612 154.532364 -0.022903 0.997737 -0.063208 -11.784160 -0.714867 0.027854 0.698705 118.384657
0.695487 0.060964 0.715948 155.215294 -0.019435 0.997626 -0.066070 -11.835000 -0.718276 0.032037 0.695020 119.021130
0.691605 0.061200 0.719679 155.897393 -0.016616 0.997488 -0.068857 -11.883520 -0.722085 0.035664 0.690884 119.638336
0.687607 0.061945 0.723436 156.593968 -0.016689 0.997439 -0.069544 -11.927830 -0.725891 0.035746 0.686880 120.258982
0.683402 0.063476 0.727278 157.292936 -0.018600 0.997403 -0.069575 -11.975780 -0.729805 0.034020 0.682808 120.882858
0.678238 0.063336 0.732107 158.000549 -0.018395 0.997430 -0.069248 -12.024090 -0.734612 0.033499 0.677660 121.504862
0.672580 0.066313 0.737047 158.705351 -0.020582 0.997268 -0.070944 -12.072040 -0.739738 0.032545 0.672107 122.117702
0.666178 0.072946 0.742217 159.415358 -0.025144 0.996836 -0.075402 -12.125010 -0.745369 0.031569 0.665904 122.735958
0.659925 0.079118 0.747155 160.131616 -0.027134 0.996301 -0.081535 -12.179330 -0.750842 0.033533 0.659630 123.343802
0.653459 0.080797 0.752638 160.865369 -0.026893 0.996137 -0.083587 -12.238310 -0.756484 0.034380 0.653107 123.958628
0.646945 0.076084 0.758732 161.605061 -0.028105 0.996713 -0.075984 -12.299000 -0.762019 0.027833 0.646956 124.559709
0.639751 0.071816 0.765219 162.358601 -0.034187 0.997298 -0.065015 -12.365030 -0.767821 0.015433 0.640478 125.170062
0.632432 0.066520 0.771754 163.121518 -0.033397 0.997721 -0.058630 -12.426460 -0.773896 0.011305 0.633212 125.766566
0.625165 0.068864 0.777449 163.890370 -0.037877 0.997603 -0.057907 -12.476430 -0.779573 0.006754 0.626275 126.364426
0.617211 0.069883 0.783688 164.671303 -0.035990 0.997513 -0.060605 -12.525780 -0.785974 0.009201 0.618191 126.958123
0.610859 0.070596 0.788586 165.475150 -0.030629 0.997378 -0.065561 -12.583740 -0.791147 0.015896 0.611419 127.545890
0.603826 0.078152 0.793276 166.245882 -0.029933 0.996703 -0.075408 -12.639330 -0.796554 0.021788 0.604175 128.107925
0.596378 0.079296 0.798778 167.031819 -0.025276 0.996470 -0.080050 -12.702160 -0.802306 0.027550 0.596277 128.668298
0.589179 0.074931 0.804521 167.858475 -0.022695 0.996832 -0.076222 -12.777620 -0.807684 0.026650 0.589013 129.245761
0.582274 0.068890 0.810068 168.659308 -0.018520 0.997269 -0.071498 -12.851930 -0.812781 0.026629 0.581960 129.786767
0.575727 0.068465 0.814770 169.456185 -0.017106 0.997278 -0.071714 -12.919400 -0.817463 0.027350 0.575332 130.316213
0.569104 0.068053 0.819444 170.257539 -0.015683 0.997286 -0.071931 -12.987260 -0.822116 0.028085 0.568627 130.848681
0.562443 0.067608 0.824067 171.060455 -0.014227 0.997295 -0.072110 -13.055270 -0.826713 0.028834 0.561884 131.382087
0.557381 0.061990 0.827939 171.864208 -0.009674 0.997626 -0.068183 -13.122260 -0.830200 0.029994 0.556658 131.893102
0.552393 0.058726 0.831513 172.654630 -0.009085 0.997880 -0.064441 -13.182890 -0.833534 0.028042 0.551755 132.401408
0.547945 0.057988 0.834502 173.437969 -0.010510 0.997993 -0.062447 -13.239540 -0.836449 0.025447 0.547454 132.906797
0.543340 0.060946 0.837297 174.206833 -0.011014 0.997793 -0.065481 -13.299780 -0.839440 0.026357 0.542812 133.402185
0.539512 0.064525 0.839502 174.993403 -0.010268 0.997489 -0.070069 -13.364290 -0.841915 0.029183 0.538821 133.896849
