1.000000 0.000000 0.000000 -0.000000 0.000000 1.000000 0.000000 0.000000 0.000000 0.000000 1.000000 0.000000
1.000000 -0.000904 -0.000210 0.001340 0.000904 0.999999 0.001326 -0.018216 0.000209 -0.001326 0.999999 1.365035
0.999999 -0.001646 -0.000554 0.000454 0.001647 0.999997 0.001860 -0.042033 0.000551 -0.001861 0.999998 2.734249
0.999994 -0.003413 -0.000731 0.002101 0.003414 0.999994 0.000536 -0.063028 0.000729 -0.000539 1.000000 4.105312
0.999993 -0.003635 -0.000643 0.002855 0.003636 0.999993 0.000814 -0.084838 0.000640 -0.000816 1.000000 5.479349
0.999992 -0.003925 -0.000516 0.004271 0.003926 0.999991 0.001641 -0.101468 0.000510 -0.001643 0.999999 6.854776
0.999985 -0.005504 -0.000417 0.007799 0.005505 0.999981 0.002694 -0.116587 0.000402 -0.002697 0.999996 8.236989
0.999986 -0.005185 -0.000598 0.008552 0.005187 0.999980 0.003583 -0.132803 0.000579 -0.003586 0.999993 9.622379
0.999989 -0.004631 -0.000860 0.007895 0.004632 0.999988 0.001867 -0.149765 0.000852 -0.001871 0.999998 11.008270
0.999998 -0.001901 -0.000960 0.006868 0.001900 0.999998 -0.000784 -0.163455 0.000962 0.000782 0.999999 12.398287
0.999999 0.001544 -0.000622 0.003321 -0.001545 0.999997 -0.001725 -0.176748 0.000619 0.001726 0.999998 13.791626
0.999992 0.003963 -0.000530 -0.002231 -0.003963 0.999991 -0.001579 -0.195920 0.000524 0.001581 0.999999 15.185570
0.999987 0.005190 -0.000387 -0.006442 -0.005190 0.999986 -0.000873 -0.217760 0.000382 0.000875 1.000000 16.591782
0.999996 0.002993 0.000029 -0.004853 -0.002993 0.999994 0.001769 -0.236414 -0.000023 -0.001769 0.999998 17.999432
1.000000 -0.000899 0.000252 0.000029 0.000898 0.999992 0.003998 -0.253748 -0.000256 -0.003998 0.999992 19.408030
0.999993 -0.003639 -0.000040 0.004669 0.003639 0.999992 0.001831 -0.269910 0.000033 -0.001832 0.999998 20.816148
0.999987 -0.005119 -0.000232 0.003686 0.005119 0.999987 -0.000554 -0.293109 0.000235 0.000553 1.000000 22.226933
0.999996 -0.002849 0.000426 -0.001499 0.002850 0.999994 -0.002067 -0.322230 -0.000420 0.002068 0.999998 23.648039
0.999999 0.000142 0.001245 -0.008463 -0.000142 1.000000 -0.000766 -0.346812 -0.001246 0.000766 0.999999 25.071092
0.999997 0.001441 0.001942 -0.011002 -0.001451 0.999984 0.005427 -0.368742 -0.001934 -0.005430 0.999983 26.504800
0.999997 -0.001051 0.002369 -0.006246 0.001038 0.999985 0.005465 -0.387140 -0.002375 -0.005463 0.999982 27.933342
0.999984 -0.005339 0.001951 0.000967 0.005331 0.999978 0.003888 -0.409938 -0.001972 -0.003877 0.999991 29.364801
0.999980 -0.005933 0.001985 0.004318 0.005931 0.999981 0.001317 -0.432898 -0.001993 -0.001305 0.999997 30.797280
0.999978 -0.006177 0.002397 0.006975 0.006180 0.999980 -0.000975 -0.459118 -0.002391 0.000990 0.999997 32.234259
0.999991 -0.002864 0.003173 0.005700 0.002869 0.999995 -0.001386 -0.485013 -0.003169 0.001395 0.999994 33.677226
0.999992 -0.001917 0.003570 0.007118 0.001929 0.999992 -0.003499 -0.512237 -0.003563 0.003506 0.999988 35.117089
0.999993 -0.001021 0.003498 0.008936 0.001035 0.999992 -0.003963 -0.543116 -0.003494 0.003967 0.999986 36.567930
0.999994 -0.000956 0.003409 0.010831 0.000962 0.999998 -0.001659 -0.574623 -0.003407 0.001663 0.999993 38.022968
0.999996 -0.000189 0.002986 0.013813 0.000189 1.000000 -0.000060 -0.599901 -0.002986 0.000061 0.999996 39.478985
0.999992 0.002515 0.002963 0.015601 -0.002513 0.999997 -0.000379 -0.623853 -0.002964 0.000372 0.999996 40.932576
0.999982 0.005052 0.003101 0.018016 -0.005050 0.999987 -0.000561 -0.643712 -0.003104 0.000546 0.999995 42.393602
0.999969 0.007204 0.003111 0.017586 -0.007204 0.999974 -0.000050 -0.670725 -0.003111 0.000028 0.999995 43.858608
0.999961 0.008308 0.002844 0.019699 -0.008309 0.999965 0.000229 -0.694132 -0.002842 -0.000252 0.999996 45.324602
0.999971 0.007260 0.002412 0.024617 -0.007259 0.999974 -0.000183 -0.717858 -0.002414 0.000166 0.999997 46.792732
0.999978 0.006426 0.001721 0.029277 -0.006425 0.999979 -0.000807 -0.739025 -0.001726 0.000796 0.999998 48.264435
0.999983 0.005800 0.000762 0.032456 -0.005800 0.999983 -0.000066 -0.761031 -0.000762 0.000062 1.000000 49.738959
0.999982 0.006011 -0.000241 0.031768 -0.006010 0.999982 0.000793 -0.783986 0.000246 -0.000791 1.000000 51.220587
0.999977 0.006649 -0.001304 0.029670 -0.006648 0.999977 0.001053 -0.805635 0.001311 -0.001044 0.999999 52.702172
0.999975 0.006638 -0.002479 0.026566 -0.006637 0.999978 0.000674 -0.826541 0.002484 -0.000658 0.999997 54.187487
0.999970 0.006883 -0.003588 0.022633 -0.006876 0.999974 0.001954 -0.845384 0.003602 -0.001929 0.999992 55.675634
0.999975 0.005497 -0.004387 0.017703 -0.005484 0.999981 0.002921 -0.866832 0.004403 -0.002897 0.999986 57.162354
0.999979 0.004003 -0.005029 0.013309 -0.003989 0.999988 0.002833 -0.886880 0.005040 -0.002813 0.999983 58.653740
0.999982 0.001719 -0.005654 0.009369 -0.001706 0.999996 0.002397 -0.907244 0.005659 -0.002387 0.999981 60.141939
0.999984 0.000375 -0.005731 0.005868 -0.000359 0.999996 0.002834 -0.924947 0.005732 -0.002832 0.999980 61.629357
0.999986 -0.000836 -0.005301 0.001948 0.000855 0.999994 0.003472 -0.944604 0.005298 -0.003477 0.999980 63.118212
0.999986 -0.001859 -0.004918 -0.002195 0.001879 0.999990 0.004102 -0.964748 0.004910 -0.004111 0.999980 64.602110
0.999983 -0.003793 -0.004489 -0.006668 0.003809 0.999986 0.003669 -0.987810 0.004475 -0.003686 0.999983 66.085237
0.999978 -0.005296 -0.004008 -0.008535 0.005308 0.999982 0.002821 -1.008175 0.003993 -0.002842 0.999988 67.564052
0.999981 -0.005220 -0.003360 -0.011985 0.005228 0.999984 0.002252 -1.029700 0.003348 -0.002269 0.999992 69.040409
0.999991 -0.003482 -0.002553 -0.016466 0.003488 0.999991 0.002316 -1.050203 0.002545 -0.002325 0.999994 70.512788
0.999998 -0.000648 -0.002069 -0.026450 0.000656 0.999993 0.003650 -1.076075 0.002066 -0.003652 0.999991 71.984239
0.999995 0.003013 -0.001288 -0.034683 -0.003006 0.999983 0.004961 -1.097831 0.001303 -0.004957 0.999987 73.456992
0.999978 0.006660 -0.000529 -0.043393 -0.006657 0.999963 0.005511 -1.118231 0.000565 -0.005507 0.999985 74.925277
0.999938 0.011151 0.000136 -0.050961 -0.011152 0.999925 0.005113 -1.135987 -0.000079 -0.005114 0.999987 76.383460
0.999899 0.014217 0.000850 -0.056054 -0.014221 0.999888 0.004621 -1.153311 -0.000785 -0.004633 0.999989 77.844257
0.999865 0.016366 0.001545 -0.063100 -0.016373 0.999857 0.004345 -1.177226 -0.001474 -0.004369 0.999989 79.304491
0.999860 0.016638 0.001884 -0.064744 -0.016646 0.999851 0.004472 -1.197942 -0.001809 -0.004503 0.999988 80.758727
0.999879 0.015402 0.002041 -0.063246 -0.015411 0.999870 0.004636 -1.218035 -0.001969 -0.004666 0.999987 82.210755
0.999897 0.014236 0.001959 -0.060067 -0.014243 0.999892 0.003685 -1.236655 -0.001907 -0.003712 0.999991 83.658951
0.999908 0.013490 0.001677 -0.059622 -0.013496 0.999903 0.003561 -1.258287 -0.001629 -0.003583 0.999992 85.101949
0.999907 0.013534 0.001448 -0.059459 -0.013540 0.999901 0.003833 -1.278676 -0.001396 -0.003852 0.999992 86.545738
0.999914 0.013080 0.000909 -0.064245 -0.013083 0.999909 0.003318 -1.300031 -0.000865 -0.003329 0.999994 87.989736
0.999910 0.013435 0.000187 -0.072917 -0.013435 0.999903 0.003681 -1.320245 -0.000138 -0.003683 0.999993 89.429036
0.999915 0.013054 -0.000745 -0.088292 -0.013051 0.999905 0.004397 -1.343695 0.000803 -0.004387 0.999990 90.871022
0.999938 0.010931 -0.001878 -0.098189 -0.010920 0.999925 0.005459 -1.362982 0.001938 -0.005438 0.999983 92.307187
0.999957 0.008791 -0.003087 -0.112839 -0.008772 0.999942 0.006176 -1.382640 0.003141 -0.006149 0.999976 93.741591
0.999970 0.006803 -0.003712 -0.126618 -0.006780 0.999957 0.006342 -1.399781 0.003755 -0.006317 0.999973 95.167299
0.999976 0.005510 -0.004189 -0.144956 -0.005486 0.999969 0.005664 -1.418059 0.004220 -0.005641 0.999975 96.590027
0.999981 0.004282 -0.004468 -0.163129 -0.004259 0.999978 0.005144 -1.435964 0.004490 -0.005125 0.999977 98.008662
0.999977 0.004941 -0.004605 -0.188721 -0.004920 0.999977 0.004763 -1.456190 0.004628 -0.004740 0.999978 99.422360
0.999979 0.004739 -0.004487 -0.211600 -0.004720 0.999981 0.004070 -1.476213 0.004507 -0.004049 0.999982 100.831568
0.999976 0.005462 -0.004246 -0.233500 -0.005448 0.999979 0.003395 -1.496478 0.004265 -0.003372 0.999985 102.239288
0.999968 0.007061 -0.003877 -0.257158 -0.007047 0.999969 0.003525 -1.517683 0.003902 -0.003497 0.999986 103.644976
0.999965 0.007529 -0.003627 -0.272271 -0.007511 0.999960 0.004900 -1.534999 0.003664 -0.004873 0.999981 105.045969
0.999955 0.008834 -0.003458 -0.294330 -0.008811 0.999940 0.006460 -1.556018 0.003515 -0.006429 0.999973 106.446887
0.999960 0.008302 -0.003413 -0.312777 -0.008285 0.999952 0.005150 -1.575247 0.003456 -0.005121 0.999981 107.843015
0.999961 0.008174 -0.003338 -0.332486 -0.008166 0.999964 0.002507 -1.596046 0.003359 -0.002480 0.999991 109.237164
0.999965 0.007633 -0.003387 -0.343352 -0.007629 0.999970 0.001330 -1.613299 0.003397 -0.001305 0.999993 110.628918
0.999980 0.005505 -0.003239 -0.363434 -0.005496 0.999981 0.002635 -1.638432 0.003253 -0.002617 0.999991 112.029212
0.999992 0.003142 -0.002626 -0.381011 -0.003130 0.999984 0.004745 -1.661275 0.002641 -0.004737 0.999985 113.425964
0.999997 0.001561 -0.001710 -0.405320 -0.001552 0.999984 0.005407 -1.686739 0.001718 -0.005404 0.999984 114.819695
0.999999 0.000676 -0.001000 -0.427107 -0.000672 0.999992 0.003960 -1.710102 0.001003 -0.003960 0.999992 116.206970
0.999997 0.002581 -0.000334 -0.447711 -0.002581 0.999995 0.001557 -1.733997 0.000338 -0.001556 0.999999 117.590495
0.999989 0.004533 0.000748 -0.456714 -0.004532 0.999989 -0.000646 -1.753986 -0.000751 0.000642 1.000000 118.969022
0.999969 0.007570 0.002161 -0.465063 -0.007568 0.999971 -0.000875 -1.775004 -0.002168 0.000859 0.999997 120.355777
0.999953 0.008997 0.003597 -0.469528 -0.009001 0.999959 0.001292 -1.794230 -0.003585 -0.001324 0.999993 121.743991
0.999948 0.009080 0.004667 -0.469884 -0.009097 0.999952 0.003727 -1.811794 -0.004633 -0.003769 0.999982 123.133768
0.999953 0.008078 0.005450 -0.467392 -0.008102 0.999957 0.004425 -1.825847 -0.005414 -0.004469 0.999975 124.523024
0.999942 0.008587 0.006469 -0.470742 -0.008611 0.999956 0.003669 -1.846322 -0.006437 -0.003724 0.999972 125.921966
0.999917 0.010350 0.007709 -0.485637 -0.010375 0.999941 0.003184 -1.880929 -0.007676 -0.003263 0.999965 127.342465
0.999884 0.012380 0.008850 -0.495226 -0.012405 0.999919 0.002797 -1.910030 -0.008814 -0.002907 0.999957 128.754528
0.999864 0.013137 0.009963 -0.502113 -0.013155 0.999912 0.001716 -1.940325 -0.009940 -0.001847 0.999949 130.170237
0.999838 0.014232 0.011051 -0.504522 -0.014245 0.999898 0.001140 -1.966295 -0.011034 -0.001297 0.999938 131.580010
0.999839 0.013395 0.011958 -0.511976 -0.013406 0.999910 0.000868 -2.006026 -0.011945 -0.001028 0.999928 132.991657
0.999836 0.012865 0.012730 -0.513440 -0.012887 0.999916 0.001650 -2.038343 -0.012708 -0.001813 0.999918 134.405076
0.999837 0.011890 0.013577 -0.516482 -0.011934 0.999924 0.003167 -2.073189 -0.013539 -0.003328 0.999903 135.818807
0.999844 0.010892 0.013896 -0.512628 -0.010938 0.999935 0.003235 -2.099489 -0.013860 -0.003387 0.999898 137.223478
0.999865 0.008813 0.013873 -0.508490 -0.008864 0.999954 0.003625 -2.127702 -0.013840 -0.003748 0.999897 138.633668
0.999883 0.007143 0.013548 -0.508358 -0.007200 0.999965 0.004154 -2.162932 -0.013518 -0.004251 0.999900 140.041463
0.999900 0.005637 0.013005 -0.509905 -0.005686 0.999977 0.003794 -2.198388 -0.012983 -0.003867 0.999908 141.450820
0.999923 0.004049 0.011749 -0.508704 -0.004093 0.999985 0.003723 -2.226309 -0.011734 -0.003770 0.999924 142.852678
0.999939 0.002792 0.010678 -0.509282 -0.002842 0.999985 0.004736 -2.254854 -0.010665 -0.004766 0.999932 144.260577
0.999953 0.001228 0.009657 -0.509376 -0.001277 0.999986 0.005053 -2.281749 -0.009650 -0.005065 0.999941 145.666810
0.999965 0.000485 0.008355 -0.513280 -0.000527 0.999988 0.004966 -2.314866 -0.008353 -0.004970 0.999953 147.073145
0.999975 0.000229 0.007102 -0.516932 -0.000261 0.999990 0.004505 -2.341886 -0.007101 -0.004507 0.999965 148.478440
0.999982 -0.000146 0.006061 -0.521869 0.000122 0.999992 0.004006 -2.367455 -0.006062 -0.004005 0.999974 149.882068
0.999986 -0.001774 0.005075 -0.526764 0.001763 0.999996 0.002233 -2.395024 -0.005079 -0.002224 0.999985 151.285904
0.999966 -0.007299 0.003947 -0.529884 0.007296 0.999973 0.000793 -2.426593 -0.003953 -0.000764 0.999992 152.684949
0.999897 -0.014096 0.002803 -0.533564 0.014086 0.999894 0.003608 -2.462969 -0.002853 -0.003568 0.999990 154.093785
0.999763 -0.021731 0.001320 -0.532923 0.021725 0.999754 0.004544 -2.489366 -0.001419 -0.004514 0.999989 155.498976
0.999686 -0.025049 0.000133 -0.539206 0.025049 0.999684 0.002113 -2.518617 -0.000186 -0.002109 0.999998 156.899896
0.999684 -0.025133 0.000381 -0.549319 0.025133 0.999682 -0.001885 -2.545628 -0.000333 0.001894 0.999998 158.299252
0.999766 -0.021587 0.001249 -0.566538 0.021592 0.999760 -0.003645 -2.581792 -0.001170 0.003671 0.999993 159.700690
0.999771 -0.021332 0.002002 -0.573708 0.021339 0.999766 -0.003630 -2.611885 -0.001924 0.003672 0.999991 161.103588
0.999707 -0.024059 0.002609 -0.572703 0.024061 0.999710 -0.000480 -2.641449 -0.002597 0.000542 0.999996 162.508155
0.999560 -0.029512 0.003082 -0.564572 0.029504 0.999561 0.002777 -2.666163 -0.003162 -0.002684 0.999991 163.914180
0.999428 -0.033667 0.003071 -0.553809 0.033656 0.999427 0.003494 -2.689150 -0.003187 -0.003389 0.999989 165.319165
0.999367 -0.035462 0.003007 -0.545306 0.035451 0.999364 0.003865 -2.711383 -0.003142 -0.003756 0.999988 166.721754
0.999418 -0.033911 0.003822 -0.539624 0.033895 0.999416 0.004249 -2.736780 -0.003964 -0.004117 0.999984 168.128196
0.999538 -0.029977 0.005044 -0.538934 0.029957 0.999544 0.003910 -2.760604 -0.005159 -0.003757 0.999980 169.534012
0.999630 -0.026543 0.005992 -0.532368 0.026535 0.999647 0.001519 -2.787254 -0.006031 -0.001359 0.999981 170.940767
0.999696 -0.023703 0.006750 -0.524636 0.023699 0.999719 0.000678 -2.810667 -0.006764 -0.000517 0.999977 172.348042
0.999739 -0.021701 0.007145 -0.516013 0.021687 0.999763 0.002023 -2.835558 -0.007188 -0.001867 0.999972 173.762713
0.999775 -0.020062 0.006919 -0.505744 0.020050 0.999797 0.001825 -2.861986 -0.006955 -0.001686 0.999974 175.180195
0.999815 -0.018133 0.006434 -0.499024 0.018137 0.999835 -0.000594 -2.886560 -0.006423 0.000711 0.999979 176.596844
0.999875 -0.014635 0.005933 -0.496025 0.014656 0.999886 -0.003510 -2.914240 -0.005881 0.003597 0.999976 178.012868
0.999936 -0.009733 0.005740 -0.467677 0.009761 0.999941 -0.004821 -2.932731 -0.005693 0.004876 0.999972 179.433792
0.999969 -0.005143 0.006037 -0.444307 0.005167 0.999979 -0.003981 -2.960771 -0.006016 0.004012 0.999974 180.859297
0.999977 -0.001828 0.006567 -0.434339 0.001838 0.999997 -0.001506 -2.986448 -0.006564 0.001518 0.999977 182.292715
0.999977 -0.001478 0.006696 -0.415138 0.001474 0.999999 0.000470 -3.008539 -0.006697 -0.000460 0.999977 183.729468
0.999973 -0.004340 0.005909 -0.396675 0.004329 0.999989 0.001817 -3.013913 -0.005917 -0.001791 0.999981 185.163201
0.999967 -0.006893 0.004232 -0.377405 0.006886 0.999975 0.001672 -3.022953 -0.004243 -0.001643 0.999990 186.595788
0.999971 -0.007309 0.002170 -0.369991 0.007315 0.999970 -0.002438 -3.041123 -0.002152 0.002454 0.999995 188.034413
0.999980 -0.006249 0.000676 -0.365805 0.006254 0.999956 -0.006948 -3.062100 -0.000633 0.006952 0.999976 189.471058
0.999999 -0.001472 0.000076 -0.371740 0.001473 0.999968 -0.007869 -3.088158 -0.000065 0.007869 0.999969 190.917075
0.999997 0.002593 -0.000050 -0.377206 -0.002593 0.999976 -0.006476 -3.114466 0.000033 0.006476 0.999979 192.369028
0.999991 0.004304 0.000233 -0.373174 -0.004303 0.999985 -0.003406 -3.137555 -0.000248 0.003405 0.999994 193.822442
0.999987 0.005091 0.000651 -0.368233 -0.005090 0.999986 -0.001231 -3.164478 -0.000658 0.001228 0.999999 195.279918
0.999990 0.004449 0.000733 -0.369139 -0.004448 0.999990 -0.000417 -3.193945 -0.000735 0.000414 1.000000 196.739579
0.999995 0.002954 0.000676 -0.367847 -0.002954 0.999996 0.000363 -3.221858 -0.000674 -0.000365 1.000000 198.202366
1.000000 0.000367 0.000663 -0.364367 -0.000367 1.000000 0.000800 -3.250530 -0.000663 -0.000801 1.000000 199.668798
0.999997 -0.002297 0.001040 -0.362735 0.002296 0.999997 0.000810 -3.281162 -0.001041 -0.000808 0.999999 201.135751
0.999985 -0.005294 0.001370 -0.360513 0.005292 0.999984 0.001773 -3.314135 -0.001379 -0.001765 0.999997 202.613014
0.999955 -0.009369 0.001772 -0.357691 0.009362 0.999950 0.003580 -3.344375 -0.001805 -0.003564 0.999992 204.091424
0.999916 -0.012805 0.001997 -0.359434 0.012798 0.999911 0.003617 -3.384557 -0.002044 -0.003591 0.999992 205.572124
0.999938 -0.010943 0.002233 -0.364707 0.010945 0.999940 -0.000604 -3.419365 -0.002227 0.000628 0.999997 207.051260
0.999987 -0.004405 0.002706 -0.381214 0.004422 0.999971 -0.006221 -3.471363 -0.002678 0.006233 0.999977 208.533414
0.999980 0.004938 0.003867 -0.399870 -0.004912 0.999965 -0.006736 -3.515079 -0.003900 0.006717 0.999970 210.025982
0.999899 0.013191 0.005303 -0.417685 -0.013178 0.999910 -0.002527 -3.555576 -0.005336 0.002457 0.999983 211.523133
0.999874 0.014661 0.006089 -0.421842 -0.014661 0.999892 -0.000139 -3.580327 -0.006091 0.000049 0.999981 213.020496
0.999905 0.012626 0.005557 -0.418744 -0.012626 0.999920 -0.000175 -3.604083 -0.005558 0.000105 0.999985 214.518069
0.999945 0.009535 0.004390 -0.415033 -0.009535 0.999954 -0.000112 -3.628674 -0.004391 0.000070 0.999990 216.026058
0.999970 0.007057 0.003265 -0.414109 -0.007056 0.999975 -0.000179 -3.650886 -0.003267 0.000156 0.999995 217.535816
0.999969 0.007421 0.002746 -0.415691 -0.007418 0.999972 -0.001055 -3.674360 -0.002754 0.001035 0.999996 219.051510
0.999957 0.008866 0.002640 -0.421677 -0.008864 0.999960 -0.000918 -3.708945 -0.002648 0.000895 0.999996 220.573868
0.999946 0.010116 0.002524 -0.428061 -0.010116 0.999949 0.000061 -3.741769 -0.002524 -0.000086 0.999997 222.094872
0.999952 0.009528 0.002288 -0.433307 -0.009528 0.999955 -0.000073 -3.778065 -0.002288 0.000052 0.999997 223.624730
0.999957 0.009109 0.001882 -0.434017 -0.009107 0.999957 -0.001473 -3.809987 -0.001895 0.001455 0.999997 225.158025
0.999964 0.008359 0.001688 -0.433268 -0.008357 0.999964 -0.001567 -3.837087 -0.001701 0.001553 0.999997 226.694341
0.999961 0.008711 0.001241 -0.438786 -0.008709 0.999961 -0.001221 -3.867619 -0.001251 0.001210 0.999999 228.236176
0.999961 0.008744 0.000894 -0.446296 -0.008742 0.999960 -0.001767 -3.899694 -0.000909 0.001759 0.999998 229.774781
0.999961 0.008794 0.000694 -0.451594 -0.008793 0.999959 -0.002037 -3.933170 -0.000712 0.002030 0.999998 231.322552
0.999951 0.009893 0.000348 -0.456932 -0.009892 0.999949 -0.001977 -3.961696 -0.000368 0.001973 0.999998 232.868240
0.999954 0.009535 0.000003 -0.459492 -0.009535 0.999952 -0.002380 -3.990503 -0.000026 0.002380 0.999997 234.419553
0.999950 0.010038 -0.000260 -0.462033 -0.010039 0.999947 -0.002265 -4.017067 0.000238 0.002267 0.999997 235.971595
0.999959 0.009095 -0.000365 -0.462638 -0.009095 0.999956 -0.002128 -4.048136 0.000346 0.002131 0.999998 237.524575
0.999969 0.007840 -0.000258 -0.463642 -0.007841 0.999965 -0.002765 -4.075078 0.000236 0.002767 0.999996 239.077346
0.999977 0.006709 -0.000089 -0.462375 -0.006709 0.999975 -0.002415 -4.099044 0.000073 0.002415 0.999997 240.633660
0.999987 0.005120 0.000113 -0.461129 -0.005120 0.999985 -0.001666 -4.124994 -0.000121 0.001666 0.999999 242.192472
0.999988 0.004962 0.000105 -0.461379 -0.004962 0.999987 -0.001232 -4.153624 -0.000111 0.001231 0.999999 243.750243
0.999986 0.005338 0.000020 -0.464879 -0.005338 0.999985 -0.001390 -4.186333 -0.000028 0.001390 0.999999 245.313741
0.999982 0.006028 0.000236 -0.467794 -0.006028 0.999978 -0.002625 -4.220226 -0.000252 0.002624 0.999996 246.881822
0.999973 0.007301 0.000768 -0.471910 -0.007299 0.999972 -0.001833 -4.253315 -0.000781 0.001828 0.999998 248.449590
0.999970 0.007615 0.001422 -0.474289 -0.007616 0.999971 0.000589 -4.285388 -0.001417 -0.000600 0.999999 250.022671
0.999971 0.007345 0.001935 -0.474356 -0.007347 0.999973 0.000973 -4.315103 -0.001928 -0.000987 0.999998 251.596272
0.999968 0.007596 0.002404 -0.475056 -0.007595 0.999971 -0.000623 -4.347138 -0.002409 0.000604 0.999997 253.175290
0.999967 0.007565 0.002950 -0.473649 -0.007559 0.999969 -0.001990 -4.377646 -0.002965 0.001967 0.999994 254.752850
0.999958 0.008594 0.003260 -0.471915 -0.008589 0.999962 -0.001537 -4.404696 -0.003274 0.001509 0.999993 256.337075
0.999962 0.008102 0.003327 -0.467731 -0.008100 0.999967 -0.000597 -4.432022 -0.003332 0.000570 0.999994 257.924947
0.999962 0.008180 0.003023 -0.464751 -0.008180 0.999966 0.000144 -4.458219 -0.003021 -0.000169 0.999995 259.508548
0.999960 0.008506 0.002798 -0.463106 -0.008507 0.999964 0.000475 -4.487063 -0.002794 -0.000498 0.999996 261.100168
0.999946 0.009971 0.002840 -0.461035 -0.009973 0.999950 0.000568 -4.511301 -0.002834 -0.000596 0.999996 262.691268
0.999935 0.010951 0.003044 -0.458776 -0.010953 0.999940 0.000596 -4.535745 -0.003038 -0.000630 0.999995 264.287783
0.999929 0.011552 0.002932 -0.456246 -0.011553 0.999933 0.000621 -4.558441 -0.002925 -0.000654 0.999996 265.882841
0.999946 0.009973 0.002945 -0.452402 -0.009976 0.999950 0.000941 -4.584940 -0.002935 -0.000970 0.999995 267.481023
0.999960 0.008474 0.002850 -0.448751 -0.008479 0.999962 0.001846 -4.611578 -0.002834 -0.001870 0.999994 269.083059
0.999980 0.005649 0.002912 -0.442816 -0.005657 0.999980 0.002866 -4.637604 -0.002895 -0.002882 0.999992 270.686033
0.999988 0.004111 0.002590 -0.437434 -0.004117 0.999989 0.002089 -4.662237 -0.002581 -0.002099 0.999995 272.284633
0.999993 0.002887 0.002307 -0.432661 -0.002889 0.999996 0.000677 -4.686551 -0.002306 -0.000683 0.999997 273.886356
0.999995 0.000936 0.002884 -0.429751 -0.000943 0.999996 0.002484 -4.715745 -0.002881 -0.002487 0.999993 275.488392
0.999995 -0.000123 0.003329 -0.430277 0.000107 0.999987 0.005011 -4.748173 -0.003330 -0.005011 0.999982 277.098446
0.999992 -0.002066 0.003459 -0.427040 0.002052 0.999990 0.004008 -4.788372 -0.003468 -0.004001 0.999986 278.703294
0.999989 -0.002909 0.003751 -0.424498 0.002899 0.999993 0.002472 -4.824679 -0.003758 -0.002462 0.999990 280.306788
0.999988 -0.001938 0.004396 -0.424702 0.001928 0.999995 0.002390 -4.866052 -0.004401 -0.002382 0.999988 281.910073
0.999985 -0.000466 0.005480 -0.424688 0.000451 0.999996 0.002771 -4.906588 -0.005481 -0.002768 0.999981 283.515440
0.999978 0.001233 0.006440 -0.424112 -0.001248 0.999996 0.002351 -4.950219 -0.006437 -0.002359 0.999977 285.126016
0.999970 0.002425 0.007403 -0.422234 -0.002441 0.999994 0.002262 -4.987626 -0.007397 -0.002280 0.999970 286.732321
0.999961 0.003183 0.008193 -0.423485 -0.003198 0.999993 0.001899 -5.039836 -0.008187 -0.001925 0.999965 288.342792
0.999953 0.003540 0.009030 -0.419109 -0.003552 0.999993 0.001293 -5.082755 -0.009025 -0.001325 0.999958 289.948473
0.999946 0.003002 0.009935 -0.414892 -0.003011 0.999995 0.000834 -5.134136 -0.009933 -0.000864 0.999950 291.562695
0.999939 0.002412 0.010775 -0.404117 -0.002423 0.999996 0.000997 -5.172038 -0.010772 -0.001023 0.999942 293.177752
0.999933 0.001491 0.011522 -0.391382 -0.001517 0.999996 0.002311 -5.210037 -0.011518 -0.002329 0.999931 294.796248
0.999930 0.000070 0.011864 -0.375212 -0.000102 0.999996 0.002735 -5.241690 -0.011864 -0.002736 0.999926 296.411307
0.999929 -0.000578 0.011927 -0.360475 0.000574 1.000000 0.000381 -5.277598 -0.011927 -0.000374 0.999929 298.020325
0.999932 -0.001492 0.011572 -0.346396 0.001518 0.999996 -0.002184 -5.316244 -0.011569 0.002201 0.999931 299.639342
0.999942 -0.001172 0.010729 -0.333877 0.001199 0.999996 -0.002486 -5.355148 -0.010727 0.002499 0.999939 301.257524
0.999946 -0.002783 0.010021 -0.321909 0.002802 0.999994 -0.001807 -5.390475 -0.010016 0.001835 0.999948 302.878831
0.999956 -0.002682 0.009008 -0.310701 0.002704 0.999993 -0.002420 -5.424878 -0.009001 0.002444 0.999957 304.502429
0.999961 -0.002412 0.008447 -0.301548 0.002435 0.999993 -0.002691 -5.462578 -0.008441 0.002712 0.999961 306.129672
0.999967 -0.002373 0.007738 -0.294850 0.002390 0.999995 -0.002184 -5.502144 -0.007732 0.002202 0.999968 307.763892
0.999972 -0.002820 0.006887 -0.288551 0.002833 0.999994 -0.001875 -5.542654 -0.006882 0.001895 0.999974 309.400715
0.999977 -0.003467 0.005851 -0.278235 0.003473 0.999993 -0.001097 -5.573209 -0.005848 0.001117 0.999982 311.044102
0.999984 -0.001885 0.005291 -0.271749 0.001882 0.999998 0.000466 -5.605662 -0.005292 -0.000456 0.999986 312.696444
0.999981 -0.001358 0.005923 -0.266478 0.001352 0.999999 0.001040 -5.638056 -0.005925 -0.001032 0.999982 314.346598
0.999976 -0.000782 0.006895 -0.259912 0.000778 1.000000 0.000510 -5.674045 -0.006895 -0.000505 0.999976 316.004564
0.999971 -0.002066 0.007276 -0.248953 0.002066 0.999998 0.000062 -5.704927 -0.007276 -0.000047 0.999973 317.667323
0.999965 -0.003784 0.007453 -0.236312 0.003790 0.999992 -0.000808 -5.740563 -0.007450 0.000836 0.999972 319.332791
0.999955 -0.005429 0.007758 -0.226757 0.005450 0.999981 -0.002740 -5.775938 -0.007743 0.002782 0.999966 321.002319
0.999954 -0.005687 0.007763 -0.223277 0.005716 0.999977 -0.003726 -5.821106 -0.007742 0.003770 0.999963 322.676323
0.999971 -0.005147 0.005644 -0.221098 0.005173 0.999976 -0.004642 -5.863046 -0.005620 0.004671 0.999973 324.357513
0.999985 -0.004221 0.003497 -0.225781 0.004236 0.999982 -0.004232 -5.907766 -0.003479 0.004247 0.999985 326.035784
0.999992 -0.002485 0.003084 -0.237354 0.002488 0.999996 -0.001080 -5.952029 -0.003081 0.001087 0.999995 327.726863
0.999987 -0.003717 0.003584 -0.240101 0.003709 0.999991 0.002207 -5.990688 -0.003592 -0.002193 0.999991 329.421487
0.999981 -0.004767 0.003790 -0.242053 0.004756 0.999984 0.003052 -6.032426 -0.003805 -0.003034 0.999988 331.117881
0.999973 -0.006195 0.004072 -0.240349 0.006188 0.999979 0.001741 -6.068362 -0.004083 -0.001716 0.999990 332.813860
0.999966 -0.006965 0.004412 -0.239647 0.006957 0.999974 0.001779 -6.106845 -0.004424 -0.001748 0.999989 334.511297
0.999966 -0.006841 0.004609 -0.237722 0.006831 0.999974 0.002198 -6.143404 -0.004624 -0.002167 0.999987 336.210609
0.999963 -0.006976 0.005099 -0.236807 0.006966 0.999974 0.001998 -6.185282 -0.005113 -0.001962 0.999985 337.903880
0.999969 -0.005532 0.005583 -0.235627 0.005524 0.999984 0.001395 -6.224088 -0.005590 -0.001364 0.999984 339.599963
0.999969 -0.004740 0.006255 -0.234426 0.004736 0.999989 0.000637 -6.268819 -0.006258 -0.000607 0.999980 341.296984
0.999958 -0.005867 0.007096 -0.226181 0.005850 0.999980 0.002436 -6.305428 -0.007110 -0.002394 0.999972 342.991091
0.999951 -0.006767 0.007224 -0.216483 0.006741 0.999971 0.003549 -6.342113 -0.007248 -0.003500 0.999968 344.685199
0.999944 -0.007989 0.006923 -0.207128 0.007974 0.999966 0.002089 -6.372244 -0.006939 -0.002034 0.999974 346.370975
0.999950 -0.007184 0.006935 -0.202416 0.007169 0.999972 0.002192 -6.413497 -0.006950 -0.002142 0.999974 348.058102
0.999965 -0.004787 0.006833 -0.199441 0.004782 0.999988 0.000833 -6.450780 -0.006837 -0.000801 0.999976 349.738147
0.999975 -0.003572 0.006109 -0.195684 0.003593 0.999988 -0.003484 -6.492551 -0.006097 0.003506 0.999975 351.412152
0.999984 -0.001994 0.005234 -0.192805 0.002007 0.999995 -0.002357 -6.532188 -0.005229 0.002368 0.999984 353.090426
0.999989 -0.001462 0.004362 -0.191083 0.001458 0.999998 0.001068 -6.571397 -0.004364 -0.001061 0.999990 354.764742
0.999995 -0.000283 0.003299 -0.188999 0.000268 0.999991 0.004314 -6.601811 -0.003301 -0.004313 0.999985 356.449370
0.999998 0.000206 0.002092 -0.187723 -0.000213 0.999995 0.003056 -6.628918 -0.002091 -0.003056 0.999993 358.122644
1.000000 -0.000444 0.000272 -0.187313 0.000444 0.999999 0.001017 -6.652782 -0.000272 -0.001017 1.000000 359.788732
0.999998 -0.001440 -0.001626 -0.188020 0.001444 0.999996 0.002582 -6.677644 0.001622 -0.002584 0.999995 361.458152
0.999992 -0.003063 -0.002625 -0.191983 0.003072 0.999989 0.003446 -6.708152 0.002615 -0.003454 0.999991 363.124238
0.999990 -0.003342 -0.003058 -0.198001 0.003350 0.999991 0.002490 -6.737239 0.003049 -0.002500 0.999992 364.788657
0.999987 -0.004006 -0.003274 -0.210850 0.004011 0.999991 0.001589 -6.773059 0.003267 -0.001602 0.999993 366.449427
0.999986 -0.004071 -0.003294 -0.222784 0.004077 0.999990 0.001646 -6.805862 0.003288 -0.001659 0.999993 368.114364
0.999984 -0.004566 -0.003263 -0.236943 0.004571 0.999988 0.001471 -6.843564 0.003257 -0.001486 0.999994 369.771905
0.999981 -0.005216 -0.003294 -0.249383 0.005219 0.999986 0.000868 -6.882552 0.003289 -0.000885 0.999994 371.430905
0.999980 -0.005402 -0.003418 -0.262826 0.005402 0.999985 0.000206 -6.921763 0.003417 -0.000225 0.999994 373.087926
0.999977 -0.005897 -0.003346 -0.276488 0.005899 0.999982 0.000563 -6.958715 0.003342 -0.000583 0.999994 374.744634
0.999980 -0.005469 -0.003270 -0.291613 0.005467 0.999985 -0.000440 -6.995935 0.003272 0.000422 0.999995 376.401862
0.999970 -0.006991 -0.003199 -0.303324 0.006986 0.999974 -0.001664 -7.034017 0.003211 0.001641 0.999993 378.052947
0.999960 -0.008344 -0.003084 -0.314896 0.008343 0.999965 -0.000183 -7.072717 0.003086 0.000157 0.999995 379.716946
0.999945 -0.010007 -0.003216 -0.330150 0.010010 0.999949 0.000968 -7.112398 0.003206 -0.001000 0.999994 381.380319
0.999939 -0.010558 -0.003163 -0.343595 0.010559 0.999944 0.000269 -7.146884 0.003160 -0.000303 0.999995 383.043901
0.999951 -0.009444 -0.002786 -0.364827 0.009443 0.999955 -0.000603 -7.188290 0.002792 0.000577 0.999996 384.716020
0.999970 -0.007435 -0.002307 -0.383972 0.007436 0.999972 0.000655 -7.225081 0.002303 -0.000672 0.999997 386.370642
0.999980 -0.006100 -0.001806 -0.406325 0.006102 0.999981 0.000954 -7.268840 0.001800 -0.000965 0.999998 388.078796
0.999983 -0.005698 -0.001435 -0.423188 0.005699 0.999984 0.000705 -7.306808 0.001431 -0.000713 0.999999 389.755499
0.999982 -0.005879 -0.001200 -0.439365 0.005879 0.999983 -0.000092 -7.344936 0.001200 0.000085 0.999999 391.375857
0.999983 -0.005718 -0.000918 -0.451845 0.005718 0.999984 -0.000337 -7.379336 0.000920 0.000332 1.000000 393.048708
0.999985 -0.005336 -0.000693 -0.461430 0.005336 0.999986 -0.000390 -7.414418 0.000695 0.000386 1.000000 394.720936
0.999991 -0.004183 -0.000381 -0.471176 0.004183 0.999991 -0.000271 -7.448411 0.000382 0.000269 1.000000 396.402121
0.999996 -0.002891 -0.000057 -0.482464 0.002891 0.999996 0.000452 -7.485057 0.000056 -0.000452 1.000000 398.082159
0.999999 -0.001739 0.000211 -0.492575 0.001739 0.999999 -0.000163 -7.522079 -0.000211 0.000163 1.000000 399.770009
1.000000 -0.000874 0.000481 -0.502254 0.000875 0.999999 -0.000748 -7.558709 -0.000481 0.000748 1.000000 401.447235
1.000000 -0.000128 0.000807 -0.511081 0.000128 1.000000 -0.000653 -7.596748 -0.000807 0.000653 1.000000 403.130920
0.999999 0.001117 0.001061 -0.518232 -0.001117 0.999999 0.000266 -7.631598 -0.001061 -0.000267 0.999999 404.815959
0.999996 0.002241 0.001452 -0.524107 -0.002243 0.999997 0.000983 -7.664429 -0.001450 -0.000986 0.999999 406.503394
0.999994 0.002903 0.001840 -0.528886 -0.002904 0.999996 0.000314 -7.696195 -0.001839 -0.000320 0.999998 408.201037
0.999993 0.002925 0.002092 -0.530383 -0.002926 0.999996 0.000458 -7.731691 -0.002090 -0.000465 0.999998 409.890348
