1.000000 0.000000 0.000000 0.000000 0.000000 1.000000 0.000000 0.000000 0.000000 0.000000 1.000000 0.000000
0.999980 0.000503 -0.006380 -0.004788 -0.000501 1.000000 0.000314 -0.002002 0.006381 -0.000311 0.999980 0.095342
0.999910 0.001062 -0.013406 -0.010427 -0.001059 0.999999 0.000213 -0.004360 0.013406 -0.000198 0.999910 0.193445
0.999780 0.001387 -0.020929 -0.018262 -0.001396 0.999999 -0.000403 -0.006860 0.020929 0.000433 0.999781 0.295231
0.999545 0.002025 -0.030082 -0.029821 -0.002080 0.999996 -0.001789 -0.006727 0.030078 0.001851 0.999546 0.403383
0.999140 0.002231 -0.041397 -0.044512 -0.002379 0.999991 -0.003536 -0.007303 0.041389 0.003631 0.999136 0.521937
0.998489 0.002146 -0.054906 -0.062492 -0.002394 0.999987 -0.004465 -0.008065 0.054896 0.004590 0.998482 0.653995
0.997475 0.002223 -0.070979 -0.086194 -0.002545 0.999987 -0.004446 -0.008995 0.070969 0.004616 0.997468 0.798767
0.995980 0.000991 -0.089572 -0.113579 -0.001398 0.999989 -0.004474 -0.010340 0.089567 0.004581 0.995970 0.957326
0.993984 -0.000356 -0.109529 -0.147411 -0.000141 0.999990 -0.004531 -0.011951 0.109529 0.004519 0.993973 1.126812
0.991298 -0.000451 -0.131637 -0.189148 -0.000175 0.999989 -0.004742 -0.016045 0.131637 0.004724 0.991287 1.303309
0.987790 0.002928 -0.155764 -0.242223 -0.003901 0.999975 -0.005941 -0.022654 0.155743 0.006476 0.987776 1.484806
0.983426 0.007282 -0.181161 -0.305646 -0.008810 0.999932 -0.007630 -0.031164 0.181093 0.009100 0.983424 1.670710
0.978077 0.010802 -0.207962 -0.376670 -0.012793 0.999884 -0.008233 -0.039334 0.207849 0.010713 0.978102 1.862866
0.971348 0.011584 -0.237378 -0.454757 -0.014004 0.999866 -0.008513 -0.043135 0.237248 0.011594 0.971380 2.061366
0.963284 0.013446 -0.268149 -0.544190 -0.016136 0.999839 -0.007833 -0.045736 0.268000 0.011872 0.963346 2.263197
0.953809 0.015772 -0.299999 -0.645845 -0.018614 0.999805 -0.006617 -0.049022 0.299837 0.011895 0.953916 2.467039
0.942518 0.017741 -0.333686 -0.754946 -0.020738 0.999770 -0.005421 -0.051407 0.333513 0.012030 0.942669 2.672160
0.929971 0.020366 -0.367068 -0.874355 -0.023853 0.999703 -0.004964 -0.053978 0.366858 0.013372 0.930181 2.872747
0.916037 0.023498 -0.400404 -1.008988 -0.027470 0.999614 -0.004180 -0.051010 0.400152 0.014828 0.916329 3.072850
0.899965 0.024328 -0.435282 -1.149462 -0.028660 0.999583 -0.003389 -0.046762 0.435018 0.015525 0.900288 3.272472
0.881578 0.020507 -0.471593 -1.294370 -0.025438 0.999668 -0.004082 -0.042927 0.471353 0.015594 0.881807 3.471417
0.860445 0.015510 -0.509308 -1.450297 -0.020639 0.999777 -0.004422 -0.042390 0.509125 0.014317 0.860573 3.669220
0.835745 0.016848 -0.548859 -1.629409 -0.021099 0.999776 -0.001439 -0.044920 0.548712 0.012783 0.835914 3.860061
0.806952 0.023701 -0.590141 -1.834715 -0.026962 0.999631 0.003279 -0.048994 0.590001 0.013265 0.807294 4.041733
0.774774 0.026853 -0.631667 -2.051135 -0.030228 0.999528 0.005415 -0.051411 0.631515 0.014898 0.775221 4.217530
0.739081 0.027036 -0.673073 -2.278679 -0.030782 0.999506 0.006348 -0.053587 0.672912 0.016027 0.739549 4.390818
0.699865 0.023007 -0.713904 -2.515824 -0.025063 0.999657 0.007647 -0.053189 0.713835 0.012541 0.700202 4.564231
0.657474 0.019588 -0.753223 -2.773723 -0.020089 0.999762 0.008464 -0.052870 0.753210 0.009567 0.657711 4.729183
0.613163 0.019309 -0.789720 -3.050734 -0.017509 0.999788 0.010852 -0.052838 0.789762 0.007173 0.613371 4.882181
0.565477 0.020291 -0.824514 -3.349020 -0.015504 0.999782 0.013971 -0.051389 0.824618 0.004883 0.565669 5.024605
0.514714 0.020899 -0.857107 -3.663898 -0.013822 0.999775 0.016078 -0.048776 0.857250 0.003572 0.514888 5.153479
0.462232 0.022672 -0.886469 -3.996261 -0.013116 0.999738 0.018730 -0.045057 0.886662 0.002969 0.462408 5.267093
0.408117 0.024828 -0.912592 -4.350557 -0.012030 0.999690 0.021818 -0.038788 0.912850 0.002074 0.408289 5.367275
0.352822 0.026852 -0.935305 -4.722589 -0.011749 0.999637 0.024267 -0.033251 0.935617 0.002427 0.353009 5.450928
0.297752 0.029991 -0.954172 -5.114967 -0.009323 0.999550 0.028508 -0.029454 0.954598 0.000408 0.297897 5.522426
0.243942 0.032266 -0.969253 -5.519337 -0.005239 0.999476 0.031953 -0.026977 0.969776 -0.002717 0.243983 5.583337
0.192812 0.032608 -0.980694 -5.938052 -0.002205 0.999459 0.032798 -0.023031 0.981233 -0.004161 0.192780 5.625770
0.145101 0.033624 -0.988845 -6.376250 -0.003992 0.999434 0.033399 -0.016043 0.989409 -0.000899 0.145153 5.646170
0.102061 0.033924 -0.994200 -6.831287 -0.006145 0.999421 0.033471 -0.005757 0.994759 0.002693 0.102210 5.652808
0.063782 0.032516 -0.997434 -7.300065 -0.007384 0.999457 0.032110 0.006192 0.997937 0.005317 0.063987 5.648989
0.029047 0.029912 -0.999130 -7.783672 -0.006522 0.999537 0.029734 0.016251 0.999557 0.005652 0.029229 5.635104
-0.002722 0.027260 -0.999625 -8.280454 -0.005719 0.999612 0.027275 0.023064 0.999980 0.005791 -0.002565 5.612788
-0.029649 0.025508 -0.999235 -8.795166 -0.006326 0.999649 0.025706 0.030664 0.999540 0.007084 -0.029477 5.575658
-0.050918 0.023130 -0.998435 -9.324661 -0.006820 0.999700 0.023507 0.040575 0.998680 0.008006 -0.050745 5.530948
-0.067333 0.021740 -0.997494 -9.873918 -0.006475 0.999732 0.022226 0.052490 0.997710 0.007955 -0.067174 5.482129
-0.080608 0.022174 -0.996499 -10.439082 -0.005344 0.999729 0.022678 0.061417 0.996732 0.007153 -0.080468 5.427287
-0.090452 0.023836 -0.995615 -11.018355 -0.006387 0.999679 0.024514 0.065962 0.995880 0.008576 -0.090271 5.366706
-0.097258 0.025403 -0.994935 -11.615688 -0.008560 0.999616 0.026359 0.069364 0.995222 0.011080 -0.097003 5.299288
-0.101811 0.026260 -0.994457 -12.226705 -0.008588 0.999591 0.027275 0.078555 0.994767 0.011317 -0.101544 5.234197
-0.103500 0.026486 -0.994277 -12.856512 -0.006118 0.999610 0.027265 0.091230 0.994611 0.008905 -0.103298 5.170607
-0.102828 0.028472 -0.994292 -13.502399 -0.003919 0.999571 0.029028 0.102671 0.994691 0.006882 -0.102672 5.104942
-0.101358 0.031270 -0.994359 -14.164668 -0.004596 0.999480 0.031899 0.109516 0.994839 0.007804 -0.101161 5.036046
-0.099505 0.031653 -0.994533 -14.843196 -0.007043 0.999446 0.032514 0.117824 0.995012 0.010240 -0.099227 4.964728
-0.097864 0.028808 -0.994783 -15.532430 -0.008779 0.999517 0.029809 0.129615 0.995161 0.011650 -0.097564 4.891944
-0.096633 0.028585 -0.994910 -16.240973 -0.009169 0.999520 0.029608 0.145080 0.995278 0.011983 -0.096325 4.821761
-0.095085 0.030886 -0.994990 -16.967170 -0.008691 0.999455 0.031855 0.162225 0.995431 0.011677 -0.094765 4.752272
-0.093246 0.034325 -0.995051 -17.710593 -0.009607 0.999328 0.035373 0.177019 0.995597 0.012858 -0.092854 4.680725
-0.091434 0.037497 -0.995105 -18.469263 -0.010721 0.999196 0.038637 0.190559 0.995753 0.014201 -0.090958 4.609774
-0.089630 0.036338 -0.995312 -19.238526 -0.011919 0.999224 0.037554 0.209275 0.995904 0.015229 -0.089127 4.539672
-0.087769 0.033435 -0.995580 -20.022192 -0.014181 0.999293 0.034810 0.230555 0.996040 0.017174 -0.087233 4.468545
-0.086200 0.032527 -0.995747 -20.817961 -0.015537 0.999301 0.033988 0.250319 0.996157 0.018401 -0.085635 4.397838
-0.084513 0.034873 -0.995812 -21.635299 -0.012901 0.999265 0.036089 0.270352 0.996339 0.015897 -0.084001 4.334074
-0.083316 0.037059 -0.995834 -22.459521 -0.010520 0.999220 0.038065 0.288025 0.996468 0.013648 -0.082861 4.269770
-0.081958 0.039389 -0.995857 -23.292419 -0.009755 0.999139 0.040321 0.306224 0.996588 0.013019 -0.081503 4.202815
-0.081251 0.035264 -0.996070 -24.125577 -0.009827 0.999297 0.036180 0.321615 0.996645 0.012728 -0.080847 4.135144
-0.080745 0.027842 -0.996346 -24.964349 -0.008508 0.999554 0.028621 0.334206 0.996699 0.010788 -0.080472 4.070486
-0.080685 0.023173 -0.996470 -25.818348 -0.005032 0.999707 0.023655 0.349254 0.996727 0.006922 -0.080544 4.008047
-0.081175 0.022685 -0.996442 -26.682158 -0.003485 0.999728 0.023043 0.361510 0.996694 0.005343 -0.081074 3.942424
-0.080987 0.031238 -0.996225 -27.559621 -0.004490 0.999487 0.031705 0.371770 0.996705 0.007041 -0.080805 3.869757
-0.081326 0.038060 -0.995961 -28.440927 -0.005642 0.999237 0.038646 0.385499 0.996672 0.008763 -0.081049 3.795156
-0.081660 0.043883 -0.995694 -29.321327 -0.007596 0.998974 0.044650 0.402882 0.996631 0.011209 -0.081242 3.716785
-0.082049 0.044659 -0.995627 -30.201133 -0.009387 0.998916 0.045581 0.419417 0.996584 0.013086 -0.081541 3.636922
-0.082453 0.041336 -0.995737 -31.075566 -0.009691 0.999059 0.042276 0.437006 0.996548 0.013135 -0.081975 3.559354
-0.082902 0.038055 -0.995831 -31.947331 -0.009508 0.999195 0.038976 0.456660 0.996512 0.012700 -0.082474 3.483894
-0.082890 0.039221 -0.995787 -32.823878 -0.011053 0.999128 0.040272 0.476386 0.996498 0.014345 -0.082384 3.406723
-0.082698 0.041946 -0.995691 -33.697237 -0.012143 0.998997 0.043094 0.491726 0.996501 0.015654 -0.082106 3.330475
-0.082717 0.040823 -0.995737 -34.572877 -0.013028 0.999031 0.042040 0.507645 0.996488 0.016450 -0.082105 3.252116
-0.082312 0.035664 -0.995968 -35.438456 -0.013765 0.999224 0.036918 0.524190 0.996512 0.016749 -0.081757 3.176704
-0.081951 0.031054 -0.996152 -36.306837 -0.014990 0.999363 0.032388 0.538670 0.996524 0.017587 -0.081434 3.102814
-0.081514 0.031577 -0.996172 -37.177894 -0.015019 0.999346 0.032906 0.550032 0.996559 0.017643 -0.080986 3.030138
-0.080747 0.034418 -0.996140 -38.049691 -0.014077 0.999265 0.035667 0.557955 0.996635 0.016903 -0.080203 2.959807
-0.080282 0.038932 -0.996012 -38.924862 -0.013557 0.999102 0.040146 0.570778 0.996680 0.016726 -0.079682 2.888868
-0.079650 0.044430 -0.995832 -39.800773 -0.012756 0.998879 0.045587 0.587862 0.996741 0.016334 -0.078994 2.817910
-0.079807 0.048356 -0.995637 -40.669820 -0.012859 0.998690 0.049535 0.605565 0.996727 0.016756 -0.079080 2.746904
-0.079529 0.047765 -0.995687 -41.536857 -0.012540 0.998724 0.048913 0.624650 0.996754 0.016376 -0.078829 2.677493
-0.079352 0.044257 -0.995864 -42.401342 -0.012424 0.998892 0.045382 0.646486 0.996769 0.015974 -0.078714 2.607193
-0.078972 0.039593 -0.996090 -43.262338 -0.013153 0.999083 0.040755 0.664017 0.996790 0.016320 -0.078378 2.535642
-0.078624 0.036836 -0.996224 -44.123449 -0.017114 0.999120 0.038294 0.680723 0.996757 0.020061 -0.077924 2.459476
-0.079124 0.034656 -0.996262 -44.983965 -0.020401 0.999130 0.036376 0.697748 0.996656 0.023203 -0.078349 2.383533
-0.079765 0.033128 -0.996263 -45.841910 -0.019108 0.999213 0.034756 0.709279 0.996630 0.021808 -0.079070 2.314198
-0.080995 0.029762 -0.996270 -46.699729 -0.015359 0.999398 0.031104 0.720699 0.996596 0.017820 -0.080489 2.248765
-0.081682 0.027629 -0.996275 -47.556236 -0.011152 0.999528 0.028633 0.733196 0.996596 0.013449 -0.081336 2.181754
-0.083310 0.030880 -0.996045 -48.412493 -0.010247 0.999440 0.031843 0.743445 0.996471 0.012860 -0.082947 2.110497
-0.085066 0.037601 -0.995665 -49.270781 -0.008394 0.999225 0.038453 0.753414 0.996340 0.011628 -0.084685 2.038441
-0.086828 0.041636 -0.995353 -50.120528 -0.006298 0.999083 0.042341 0.764692 0.996203 0.009946 -0.086486 1.966909
-0.088551 0.040488 -0.995248 -50.963943 -0.005319 0.999140 0.041120 0.776721 0.996058 0.008935 -0.088260 1.893741
-0.089589 0.037222 -0.995283 -51.799630 -0.009200 0.999228 0.038198 0.787419 0.995936 0.012579 -0.089177 1.810781
-0.090881 0.033069 -0.995313 -52.629692 -0.013343 0.999318 0.034420 0.798993 0.995772 0.016409 -0.090378 1.726020
-0.092026 0.031374 -0.995262 -53.458921 -0.017684 0.999294 0.033136 0.812643 0.995599 0.020650 -0.091407 1.638412
-0.093013 0.032683 -0.995128 -54.285921 -0.019939 0.999200 0.034681 0.821950 0.995465 0.023067 -0.092287 1.553417
-0.093963 0.034296 -0.994985 -55.111974 -0.019474 0.999152 0.036279 0.831770 0.995385 0.022786 -0.093215 1.473220
-0.094891 0.033832 -0.994912 -55.930652 -0.021269 0.999125 0.036004 0.841954 0.995260 0.024577 -0.094089 1.390540
-0.095476 0.033657 -0.994862 -56.745144 -0.022342 0.999104 0.035945 0.849493 0.995181 0.025659 -0.094639 1.308738
-0.096008 0.035265 -0.994756 -57.556501 -0.020889 0.999081 0.037434 0.860136 0.995161 0.024374 -0.095183 1.231303
-0.096316 0.037865 -0.994630 -58.363712 -0.019667 0.999009 0.039936 0.869673 0.995156 0.023408 -0.095476 1.154227
-0.096319 0.042291 -0.994452 -59.168434 -0.020237 0.998807 0.044437 0.882023 0.995145 0.024404 -0.095348 1.072805
-0.096792 0.044769 -0.994297 -59.963992 -0.020177 0.998694 0.046931 0.895700 0.995100 0.024605 -0.095763 0.993487
-0.097512 0.044618 -0.994234 -60.751144 -0.019736 0.998711 0.046754 0.910654 0.995039 0.024182 -0.096506 0.916899
-0.097954 0.042838 -0.994268 -61.529349 -0.019067 0.998809 0.044912 0.923455 0.995008 0.023357 -0.097021 0.840750
-0.098036 0.039311 -0.994406 -62.292568 -0.018825 0.998968 0.041347 0.933780 0.995005 0.022773 -0.097195 0.763576
-0.097999 0.036663 -0.994511 -63.048881 -0.019044 0.999069 0.038708 0.943218 0.995004 0.022733 -0.097210 0.686857
-0.096756 0.034161 -0.994722 -63.787197 -0.019579 0.999152 0.036217 0.950801 0.995116 0.022980 -0.096005 0.613453
-0.094468 0.033362 -0.994969 -64.510880 -0.021663 0.999133 0.035558 0.956511 0.995292 0.024913 -0.093664 0.542373
-0.090656 0.034473 -0.995285 -65.218983 -0.022663 0.999070 0.036668 0.960729 0.995624 0.025881 -0.089790 0.477694
-0.084789 0.035629 -0.995762 -65.911880 -0.021797 0.999055 0.037603 0.965475 0.996161 0.024893 -0.083932 0.422560
-0.077691 0.037376 -0.996277 -66.588800 -0.020990 0.999014 0.039116 0.969673 0.996757 0.023951 -0.076830 0.374021
-0.069082 0.038785 -0.996857 -67.250161 -0.022016 0.998941 0.040392 0.974213 0.997368 0.024737 -0.068155 0.330105
-0.057152 0.040502 -0.997544 -67.895306 -0.024286 0.998825 0.041945 0.980183 0.998070 0.026623 -0.056101 0.294393
-0.042711 0.042116 -0.998199 -68.521715 -0.027367 0.998687 0.043308 0.988245 0.998713 0.029167 -0.041502 0.270178
-0.024299 0.043464 -0.998759 -69.130232 -0.029073 0.998601 0.044164 0.996652 0.999282 0.030110 -0.023002 0.262619
-0.002519 0.044262 -0.999017 -69.714931 -0.030302 0.998558 0.044318 1.003712 0.999538 0.030384 -0.001174 0.271988
0.022887 0.045010 -0.998724 -70.277030 -0.030121 0.998564 0.044312 1.009213 0.999284 0.029069 0.024210 0.302705
0.051658 0.044393 -0.997678 -70.812145 -0.028521 0.998670 0.042960 1.013813 0.998258 0.026236 0.052855 0.356169
0.085360 0.044483 -0.995357 -71.324172 -0.027502 0.998727 0.042275 1.016477 0.995970 0.023765 0.086475 0.429976
0.122757 0.044590 -0.991434 -71.815744 -0.026863 0.998773 0.041593 1.019824 0.992073 0.021527 0.123804 0.521988
0.162981 0.044270 -0.985635 -72.284050 -0.026716 0.998825 0.040445 1.021543 0.986267 0.019741 0.163972 0.632548
0.207799 0.045184 -0.977128 -72.747213 -0.025785 0.998838 0.040704 1.023928 0.977832 0.016737 0.208723 0.768800
0.255549 0.044186 -0.965786 -73.186746 -0.023239 0.998947 0.039554 1.024337 0.966517 0.012336 0.256307 0.928728
0.305282 0.039403 -0.951446 -73.615063 -0.015721 0.999216 0.036337 1.023888 0.952132 0.003865 0.305662 1.121527
0.356129 0.034122 -0.933814 -74.018032 -0.010093 0.999415 0.032670 1.025888 0.934382 -0.002210 0.356265 1.334982
0.407975 0.028899 -0.912536 -74.416763 -0.004496 0.999550 0.029645 1.032362 0.912982 -0.007991 0.407921 1.572196
0.458975 0.027868 -0.888012 -74.794582 -0.004383 0.999567 0.029103 1.040291 0.888438 -0.009465 0.458899 1.822383
0.506901 0.026539 -0.861595 -75.165955 -0.003181 0.999577 0.028918 1.045549 0.861998 -0.011918 0.506771 2.092931
0.552007 0.022626 -0.833532 -75.516615 0.004002 0.999548 0.029782 1.049184 0.833830 -0.019776 0.551667 2.387932
0.595663 0.015856 -0.803078 -75.832511 0.015498 0.999392 0.031227 1.052187 0.803085 -0.031047 0.595055 2.705360
0.638123 0.010528 -0.769863 -76.142731 0.017637 0.999444 0.028287 1.052214 0.769733 -0.031629 0.637582 3.024938
0.679371 0.006184 -0.733769 -76.430924 0.014386 0.999660 0.021744 1.051991 0.733654 -0.025328 0.679051 3.350001
0.719879 -0.001154 -0.694099 -76.716400 0.011345 0.999885 0.010104 1.056081 0.694007 -0.015148 0.719809 3.697357
0.759359 -0.004902 -0.650653 -76.980976 0.007112 0.999974 0.000766 1.058753 0.650633 -0.005209 0.759374 4.069004
0.796718 -0.006044 -0.604320 -77.244033 0.005807 0.999980 -0.002347 1.057855 0.604323 -0.001640 0.796738 4.474391
0.831041 -0.008059 -0.556153 -77.489678 0.006589 0.999968 -0.004645 1.057076 0.556172 0.000196 0.831067 4.909647
0.862098 -0.007374 -0.506688 -77.712005 0.004115 0.999963 -0.007553 1.053457 0.506726 0.004427 0.862096 5.365066
0.888639 -0.005433 -0.458576 -77.931221 0.003166 0.999979 -0.005712 1.044844 0.458597 0.003624 0.888637 5.851742
0.910388 0.000125 -0.413756 -78.131806 -0.002269 0.999986 -0.004691 1.038119 0.413749 0.005209 0.910376 6.359002
0.928297 0.004418 -0.371812 -78.327029 -0.007412 0.999951 -0.006624 1.035836 0.371764 0.008905 0.928284 6.887881
0.942218 0.008826 -0.334884 -78.508621 -0.011436 0.999918 -0.005822 1.030282 0.334805 0.009315 0.942241 7.443873
0.952612 0.010322 -0.304012 -78.674686 -0.011948 0.999923 -0.003491 1.020134 0.303952 0.006958 0.952662 8.020943
0.960129 0.009160 -0.279407 -78.833723 -0.010173 0.999946 -0.002176 1.010452 0.279372 0.004932 0.960170 8.619758
0.966141 0.008962 -0.257857 -78.984804 -0.009326 0.999957 -0.000191 1.004688 0.257844 0.002589 0.966183 9.237650
0.970869 0.011647 -0.239330 -79.134523 -0.011331 0.999932 0.002695 0.996633 0.239345 0.000095 0.970935 9.875019
0.974526 0.015565 -0.223734 -79.282004 -0.015161 0.999879 0.003523 0.988948 0.223761 -0.000041 0.974644 10.526728
0.977506 0.020135 -0.209944 -79.423478 -0.019393 0.999796 0.005591 0.981275 0.210013 -0.001394 0.977697 11.196390
0.980298 0.018425 -0.196663 -79.549539 -0.017744 0.999829 0.005224 0.976809 0.196726 -0.001631 0.980457 11.883498
0.982961 0.018304 -0.182900 -79.668228 -0.017702 0.999831 0.004925 0.973449 0.182959 -0.001603 0.983119 12.588041
0.985573 0.018633 -0.168222 -79.781898 -0.017986 0.999824 0.005367 0.970597 0.168293 -0.002264 0.985734 13.309467
0.987906 0.019854 -0.153776 -79.886812 -0.019193 0.999799 0.005780 0.965085 0.153859 -0.002759 0.988089 14.048735
0.989823 0.019865 -0.140914 -79.984633 -0.019599 0.999803 0.003277 0.954649 0.140951 -0.000482 0.990016 14.796939
0.991342 0.021185 -0.129583 -80.076385 -0.021513 0.999768 -0.001128 0.943731 0.129529 0.003906 0.991568 15.560266
0.992620 0.018453 -0.119858 -80.159775 -0.019575 0.999775 -0.008188 0.935227 0.119680 0.010474 0.992757 16.333436
0.993592 0.017888 -0.111598 -80.239282 -0.019063 0.999773 -0.009471 0.926755 0.111403 0.011537 0.993708 17.123884
0.994313 0.019721 -0.104659 -80.320394 -0.020147 0.999792 -0.003015 0.913311 0.104578 0.005106 0.994504 17.927590
0.994755 0.024303 -0.099355 -80.403861 -0.023899 0.999701 0.005254 0.897536 0.099453 -0.002852 0.995038 18.734744
0.995155 0.025471 -0.094962 -80.480163 -0.024584 0.999643 0.010495 0.885944 0.095196 -0.008110 0.995426 19.540773
0.995525 0.023436 -0.091549 -80.548154 -0.022754 0.999705 0.008487 0.876560 0.091720 -0.006366 0.995765 20.339012
0.995815 0.023665 -0.088273 -80.616136 -0.023094 0.999705 0.007491 0.867371 0.088424 -0.005422 0.996068 21.138324
0.996104 0.022092 -0.085371 -80.680046 -0.021371 0.999728 0.009344 0.859522 0.085555 -0.007483 0.996305 21.941230
0.996354 0.020206 -0.082894 -80.739884 -0.019256 0.999740 0.012236 0.851420 0.083120 -0.010595 0.996483 22.743667
0.996654 0.017828 -0.079773 -80.794391 -0.016738 0.999757 0.014319 0.840816 0.080009 -0.012935 0.996710 23.547020
0.996884 0.017071 -0.077014 -80.845180 -0.016234 0.999802 0.011475 0.827911 0.077195 -0.010189 0.996964 24.341980
0.996988 0.019556 -0.075051 -80.902166 -0.019326 0.999806 0.003782 0.819127 0.075110 -0.002320 0.997173 25.134116
0.997095 0.020051 -0.073482 -80.962069 -0.020393 0.999784 -0.003906 0.804672 0.073387 0.005393 0.997289 25.925451
0.997169 0.020635 -0.072311 -81.019847 -0.021323 0.999734 -0.008754 0.790315 0.072111 0.010271 0.997344 26.713484
0.997269 0.022487 -0.070354 -81.078794 -0.023024 0.999712 -0.006829 0.773941 0.070180 0.008430 0.997499 27.512410
0.997363 0.025442 -0.067974 -81.144104 -0.025715 0.999664 -0.003137 0.750850 0.067871 0.004877 0.997682 28.302619
0.997410 0.029280 -0.065698 -81.206864 -0.029188 0.999571 0.002368 0.729373 0.065739 -0.000445 0.997837 29.092620
0.997615 0.027260 -0.063416 -81.260156 -0.027056 0.999626 0.004086 0.713706 0.063504 -0.002360 0.997979 29.876591
0.997764 0.024144 -0.062319 -81.306699 -0.023957 0.999706 0.003753 0.696969 0.062391 -0.002252 0.998049 30.656293
0.997861 0.022240 -0.061479 -81.353650 -0.022017 0.999748 0.004298 0.679877 0.061559 -0.002935 0.998099 31.439566
0.997934 0.022265 -0.060258 -81.401404 -0.022143 0.999751 0.002688 0.664743 0.060303 -0.001348 0.998179 32.223694
0.998014 0.020116 -0.059695 -81.445867 -0.020120 0.999797 0.000544 0.647677 0.059694 0.000658 0.998216 33.010624
0.998084 0.018539 -0.059037 -81.492008 -0.018507 0.999828 0.001092 0.630163 0.059047 0.000002 0.998255 33.805073
0.998074 0.021576 -0.058153 -81.546920 -0.021517 0.999767 0.001640 0.614909 0.058174 -0.000385 0.998306 34.603510
0.998078 0.021456 -0.058142 -81.600385 -0.021452 0.999770 0.000685 0.599053 0.058143 0.000564 0.998308 35.405571
0.997971 0.021593 -0.059895 -81.655705 -0.021592 0.999767 0.000660 0.578998 0.059895 0.000634 0.998205 36.213653
0.997893 0.019122 -0.062001 -81.708339 -0.019082 0.999817 0.001230 0.564155 0.062013 -0.000044 0.998075 37.030847
0.997677 0.020117 -0.065077 -81.768244 -0.020115 0.999797 0.000695 0.547364 0.065078 0.000615 0.997880 37.849448
0.997391 0.024022 -0.068074 -81.835337 -0.024005 0.999711 0.001067 0.528529 0.068080 0.000570 0.997680 38.678368
0.997170 0.025534 -0.070705 -81.902753 -0.025814 0.999662 -0.003048 0.511017 0.070604 0.004864 0.997493 39.505331
0.996981 0.025384 -0.073386 -81.969733 -0.026038 0.999629 -0.007971 0.494083 0.073157 0.009858 0.997272 40.336105
0.996867 0.024205 -0.075303 -82.034704 -0.024945 0.999649 -0.008892 0.482570 0.075062 0.010742 0.997121 41.180503
0.996677 0.025200 -0.077461 -82.103447 -0.025870 0.999636 -0.007657 0.464618 0.077240 0.009635 0.996966 42.032951
0.996525 0.024525 -0.079608 -82.173640 -0.025103 0.999665 -0.006268 0.446148 0.079428 0.008244 0.996807 42.897500
0.996414 0.022632 -0.081529 -82.240345 -0.023129 0.999719 -0.005147 0.433903 0.081389 0.007014 0.996658 43.768112
0.996337 0.022220 -0.082570 -82.312383 -0.022413 0.999748 -0.001411 0.420782 0.082518 0.003256 0.996584 44.646732
0.996274 0.021833 -0.083433 -82.386808 -0.021637 0.999761 0.003249 0.403992 0.083484 -0.001432 0.996508 45.532434
0.996315 0.021836 -0.082949 -82.460807 -0.021409 0.999753 0.006034 0.388897 0.083060 -0.004235 0.996536 46.422042
0.996406 0.025363 -0.080823 -82.539411 -0.024967 0.999671 0.005909 0.375658 0.080947 -0.003870 0.996711 47.317367
0.996552 0.025390 -0.078990 -82.614443 -0.025097 0.999674 0.004702 0.363929 0.079084 -0.002703 0.996864 48.213609
0.996729 0.023050 -0.077465 -82.683581 -0.022933 0.999734 0.002401 0.349896 0.077500 -0.000617 0.996992 49.113174
0.996934 0.018936 -0.075929 -82.746535 -0.018952 0.999820 0.000510 0.334438 0.075925 0.000930 0.997113 50.017884
0.997103 0.017496 -0.074023 -82.812603 -0.017513 0.999846 0.000414 0.320996 0.074019 0.000884 0.997256 50.924375
0.997213 0.015816 -0.072918 -82.880557 -0.015658 0.999874 0.002734 0.302792 0.072952 -0.001584 0.997334 51.837604
0.997304 0.012705 -0.072273 -82.943316 -0.012342 0.999909 0.005466 0.286751 0.072336 -0.004560 0.997370 52.751323
0.997379 0.011664 -0.071411 -83.009553 -0.011277 0.999919 0.005810 0.272043 0.071473 -0.004990 0.997430 53.660668
0.997431 0.013361 -0.070371 -83.079706 -0.013160 0.999908 0.003322 0.257441 0.070409 -0.002387 0.997515 54.563805
0.997439 0.015980 -0.069713 -83.151568 -0.016194 0.999866 -0.002496 0.240860 0.069664 0.003618 0.997564 55.457536
0.997478 0.017667 -0.068738 -83.221254 -0.018245 0.999803 -0.007789 0.220100 0.068587 0.009024 0.997604 56.351831
0.997431 0.022215 -0.068099 -83.293481 -0.023241 0.999628 -0.014306 0.192300 0.067756 0.015852 0.997576 57.239271
0.997486 0.022873 -0.067068 -83.359147 -0.023940 0.999599 -0.015150 0.164934 0.066695 0.016718 0.997633 58.128088
0.997576 0.019362 -0.066832 -83.421888 -0.020088 0.999746 -0.010210 0.140807 0.066617 0.011528 0.997712 59.014956
0.997559 0.019053 -0.067174 -83.487452 -0.019056 0.999818 0.000610 0.116112 0.067173 0.000671 0.997741 59.906710
0.997460 0.020435 -0.068237 -83.557193 -0.019826 0.999757 0.009590 0.092335 0.068417 -0.008212 0.997623 60.792838
0.997348 0.016371 -0.070922 -83.618143 -0.016005 0.999855 0.005737 0.075100 0.071006 -0.004587 0.997465 61.662814
0.997263 0.010270 -0.073224 -83.678499 -0.010121 0.999946 0.002406 0.059143 0.073245 -0.001658 0.997313 62.526738
0.997069 0.009840 -0.075877 -83.745616 -0.009746 0.999951 0.001611 0.040007 0.075889 -0.000867 0.997116 63.390714
0.996859 0.011179 -0.078409 -83.819627 -0.011300 0.999935 -0.001092 0.018267 0.078392 0.001975 0.996921 64.248284
0.996554 0.013028 -0.081920 -83.898586 -0.013425 0.999901 -0.004291 -0.003743 0.081856 0.005376 0.996630 65.100167
0.996204 0.013562 -0.085982 -83.972816 -0.014296 0.999866 -0.007930 -0.026323 0.085863 0.009129 0.996265 65.948135
0.995902 0.014698 -0.089235 -84.051192 -0.015860 0.999798 -0.012335 -0.054528 0.089036 0.013700 0.995934 66.790061
0.995532 0.020181 -0.092239 -84.136766 -0.021334 0.999706 -0.011537 -0.083800 0.091979 0.013453 0.995670 67.632371
0.995136 0.023006 -0.095787 -84.221829 -0.024093 0.999658 -0.010207 -0.109077 0.095519 0.012466 0.995349 68.473557
0.994672 0.026445 -0.099644 -84.310997 -0.027064 0.999622 -0.004872 -0.136047 0.099478 0.007542 0.995011 69.313482
0.994252 0.027495 -0.103473 -84.403696 -0.027425 0.999622 0.002103 -0.157383 0.103491 0.000747 0.994630 70.151022
0.993751 0.026854 -0.108340 -84.496843 -0.026426 0.999636 0.005380 -0.175582 0.108445 -0.002483 0.994099 70.980521
0.993035 0.026410 -0.114823 -84.596677 -0.025899 0.999647 0.005937 -0.191357 0.114939 -0.002921 0.993368 71.802021
0.992384 0.023886 -0.120844 -84.698531 -0.022902 0.999692 0.009532 -0.204217 0.121035 -0.006692 0.992626 72.625541
0.991573 0.024079 -0.127291 -84.807780 -0.023040 0.999688 0.009629 -0.217481 0.127483 -0.006615 0.991819 73.438646
0.990675 0.028785 -0.133169 -84.933516 -0.027812 0.999571 0.009161 -0.230556 0.133376 -0.005372 0.991051 74.242229
0.989841 0.030604 -0.138845 -85.060085 -0.030134 0.999531 0.005484 -0.242631 0.138948 -0.001245 0.990299 75.041552
0.988986 0.029690 -0.145002 -85.184925 -0.029637 0.999557 0.002522 -0.255072 0.145013 0.001803 0.989428 75.835647
0.988134 0.031540 -0.150319 -85.317776 -0.031598 0.999499 0.001998 -0.269177 0.150307 0.002775 0.988636 76.630064
0.987380 0.033261 -0.154838 -85.461833 -0.032772 0.999447 0.005713 -0.283652 0.154942 -0.000567 0.987923 77.420105
0.986403 0.034272 -0.160731 -85.605120 -0.033008 0.999400 0.010533 -0.297589 0.160996 -0.005084 0.986942 78.209397
0.985363 0.034006 -0.167046 -85.751479 -0.032239 0.999392 0.013279 -0.316046 0.167396 -0.007699 0.985860 78.991241
0.984229 0.031876 -0.174004 -85.897505 -0.030584 0.999481 0.010103 -0.327379 0.174235 -0.004622 0.984693 79.764733
0.982780 0.028922 -0.182499 -86.050790 -0.028991 0.999577 0.002291 -0.338095 0.182488 0.003040 0.983203 80.532172
0.981124 0.026324 -0.191577 -86.208669 -0.026848 0.999640 -0.000139 -0.354245 0.191504 0.005280 0.981478 81.300351
0.978975 0.027175 -0.202160 -86.380317 -0.026944 0.999629 0.003895 -0.375398 0.202191 0.001634 0.979345 82.069486
0.976612 0.026109 -0.213418 -86.558371 -0.024867 0.999655 0.008506 -0.386632 0.213566 -0.003000 0.976924 82.836329
0.973940 0.028386 -0.225023 -86.748976 -0.025253 0.999540 0.016792 -0.399493 0.225396 -0.010672 0.974209 83.603712
0.971288 0.029491 -0.236073 -86.939862 -0.025057 0.999449 0.021763 -0.408391 0.236585 -0.015223 0.971491 84.363564
0.968319 0.032632 -0.247575 -87.138527 -0.029233 0.999421 0.017395 -0.417823 0.247999 -0.009607 0.968713 85.108262
0.965169 0.031208 -0.259759 -87.345409 -0.030338 0.999513 0.007360 -0.425895 0.259862 0.000777 0.965646 85.842482
0.961807 0.029265 -0.272160 -87.554854 -0.029673 0.999556 0.002618 -0.427494 0.272116 0.005558 0.962248 86.581554
0.958310 0.027286 -0.284425 -87.772018 -0.026544 0.999627 0.006464 -0.428874 0.284495 0.001355 0.958677 87.333467
0.954814 0.029356 -0.295751 -88.008514 -0.026094 0.999547 0.014971 -0.436950 0.296057 -0.006578 0.955148 88.085128
0.951107 0.030689 -0.307332 -88.253102 -0.025521 0.999457 0.020822 -0.442440 0.307804 -0.011961 0.951375 88.833726
0.947030 0.026804 -0.320026 -88.500637 -0.021867 0.999580 0.019010 -0.444697 0.320401 -0.011005 0.947218 89.571825
0.943070 0.024684 -0.331677 -88.758244 -0.021233 0.999676 0.014025 -0.447748 0.331915 -0.006184 0.943289 90.304788
0.939877 0.021842 -0.340815 -89.025495 -0.020109 0.999761 0.008615 -0.455118 0.340922 -0.001244 0.940091 91.035282
0.937107 0.017145 -0.348622 -89.294205 -0.017756 0.999841 0.001443 -0.463307 0.348591 0.004838 0.937262 91.765338
0.934311 0.016709 -0.356067 -89.575153 -0.018070 0.999837 -0.000497 -0.472599 0.356000 0.006898 0.934460 92.497183
0.931265 0.021804 -0.363691 -89.871027 -0.023622 0.999721 -0.000550 -0.487271 0.363577 0.009104 0.931520 93.226496
0.928143 0.023116 -0.371505 -90.171889 -0.023988 0.999710 0.002274 -0.489633 0.371450 0.006802 0.928428 93.949663
0.924933 0.023138 -0.379424 -90.475440 -0.021786 0.999732 0.007857 -0.483398 0.379505 0.000999 0.925189 94.681308
0.922080 0.023777 -0.386268 -90.786334 -0.019339 0.999695 0.015372 -0.480414 0.386516 -0.006704 0.922258 95.414295
0.919344 0.034165 -0.391969 -91.117173 -0.027097 0.999355 0.023552 -0.482503 0.392521 -0.011032 0.919677 96.139686
0.916673 0.042230 -0.397401 -91.457009 -0.036297 0.999089 0.022443 -0.475623 0.397986 -0.006149 0.917371 96.853048
0.914224 0.038562 -0.403370 -91.785671 -0.036156 0.999254 0.013583 -0.468056 0.403593 0.002166 0.914936 97.564806
0.912170 0.030503 -0.408675 -92.108543 -0.030768 0.999509 0.005927 -0.461975 0.408655 0.007168 0.912661 98.282106
0.910397 0.030499 -0.412611 -92.443164 -0.031529 0.999494 0.004314 -0.463180 0.412533 0.009082 0.910897 99.003163
0.908263 0.037180 -0.416745 -92.792722 -0.036335 0.999290 0.009961 -0.466622 0.416819 0.006096 0.908969 99.729937
0.905783 0.040062 -0.421843 -93.138469 -0.037364 0.999194 0.014666 -0.473654 0.422091 0.002477 0.906550 100.458544
0.903393 0.036858 -0.427226 -93.483945 -0.034077 0.999319 0.014157 -0.478890 0.427457 0.001769 0.904034 101.185224
0.901237 0.034634 -0.431940 -93.835044 -0.034784 0.999366 0.007557 -0.484703 0.431928 0.008214 0.901871 101.899873
0.899002 0.031513 -0.436810 -94.191050 -0.034952 0.999389 0.000163 -0.487590 0.436548 0.015121 0.899554 102.613199
0.896625 0.031889 -0.441642 -94.553909 -0.036385 0.999336 -0.001711 -0.495814 0.441294 0.017603 0.897190 103.326347
0.894591 0.035670 -0.445460 -94.924924 -0.038219 0.999264 0.003262 -0.506482 0.445248 0.014107 0.895296 104.044847
0.892477 0.037056 -0.449569 -95.295815 -0.038754 0.999234 0.005428 -0.517229 0.449426 0.012578 0.893229 104.758503
0.890132 0.038045 -0.454112 -95.663560 -0.039462 0.999201 0.006359 -0.526198 0.453991 0.012260 0.890922 105.469348
0.887887 0.036733 -0.458593 -96.034638 -0.038168 0.999252 0.006143 -0.534938 0.458476 0.012050 0.888625 106.174047
0.885790 0.034534 -0.462799 -96.406341 -0.036259 0.999329 0.005169 -0.543459 0.462667 0.012202 0.886448 106.875100
0.883611 0.034349 -0.466960 -96.783325 -0.035637 0.999346 0.006076 -0.551172 0.466863 0.011272 0.884258 107.571570
0.881392 0.035223 -0.471070 -97.167172 -0.036588 0.999311 0.006264 -0.558967 0.470966 0.011714 0.882074 108.263039
0.879058 0.036372 -0.475326 -97.549790 -0.037480 0.999272 0.007150 -0.565996 0.475240 0.011530 0.879781 108.948884
0.876676 0.033280 -0.479928 -97.929658 -0.036307 0.999336 0.002977 -0.576757 0.479709 0.014814 0.877303 109.624419
0.874388 0.030136 -0.484291 -98.312056 -0.035172 0.999380 -0.001314 -0.588392 0.483951 0.018182 0.874906 110.293912
0.872263 0.028216 -0.488223 -98.693507 -0.034809 0.999384 -0.004433 -0.598078 0.487797 0.020862 0.872708 110.957156
0.870281 0.029782 -0.491654 -99.084311 -0.034797 0.999394 -0.001056 -0.605007 0.491324 0.018027 0.870790 111.624252
0.868448 0.034014 -0.494612 -99.472772 -0.034707 0.999367 0.007787 -0.613444 0.494564 0.010404 0.869079 112.286036
0.866942 0.036411 -0.497077 -99.856484 -0.031970 0.999337 0.017443 -0.621003 0.497383 0.000770 0.867531 112.941675
0.865437 0.036255 -0.499704 -100.230185 -0.028616 0.999327 0.022944 -0.625131 0.500200 -0.005557 0.865892 113.581902
0.863873 0.032776 -0.502642 -100.595689 -0.024815 0.999438 0.022523 -0.624599 0.503098 -0.006984 0.864201 114.207339
0.862107 0.030829 -0.505787 -100.956951 -0.024713 0.999518 0.018799 -0.626205 0.506123 -0.003707 0.862453 114.811114
0.860488 0.029017 -0.508644 -101.313901 -0.024202 0.999578 0.016080 -0.627327 0.508896 -0.001527 0.860827 115.399891
0.858979 0.027613 -0.511266 -101.665475 -0.023195 0.999618 0.015020 -0.627085 0.511486 -0.001043 0.859291 115.974609
0.857693 0.025525 -0.513528 -102.002518 -0.021225 0.999673 0.014239 -0.628327 0.513724 -0.001313 0.857954 116.533913
0.856391 0.026159 -0.515665 -102.333228 -0.021165 0.999655 0.015561 -0.632462 0.515894 -0.002413 0.856649 117.076242
0.855189 0.026329 -0.517648 -102.654667 -0.020277 0.999644 0.017347 -0.636065 0.517920 -0.004339 0.855418 117.598887
0.853874 0.025018 -0.519879 -102.960157 -0.018428 0.999671 0.017840 -0.636794 0.520154 -0.005653 0.854054 118.099142
0.852566 0.023008 -0.522113 -103.253315 -0.015990 0.999711 0.017944 -0.638411 0.522375 -0.006950 0.852687 118.578255
0.851446 0.022006 -0.523980 -103.536679 -0.015259 0.999736 0.017190 -0.640081 0.524220 -0.006641 0.851557 119.032895
0.850235 0.022375 -0.525928 -103.815292 -0.017558 0.999746 0.014147 -0.648192 0.526111 -0.002794 0.850412 119.465038
0.848738 0.020041 -0.528433 -104.080571 -0.017449 0.999799 0.009892 -0.656040 0.528525 0.000824 0.848917 119.877811
0.846571 0.016383 -0.532023 -104.334236 -0.014492 0.999865 0.007729 -0.658629 0.532078 0.001167 0.846695 120.273921
0.844020 0.012312 -0.536171 -104.581172 -0.009473 0.999923 0.008048 -0.658588 0.536229 -0.001714 0.844071 120.655763
0.840725 0.012870 -0.541309 -104.824876 -0.009322 0.999913 0.009294 -0.660794 0.541382 -0.002768 0.840772 121.013755
0.837097 0.016711 -0.546799 -105.066599 -0.012454 0.999856 0.011491 -0.664724 0.546912 -0.002810 0.837185 121.351125
0.833497 0.022502 -0.552065 -105.301237 -0.016742 0.999740 0.015472 -0.669467 0.552270 -0.003653 0.833657 121.669957
0.829718 0.028297 -0.557465 -105.525459 -0.018877 0.999565 0.022642 -0.671392 0.557863 -0.008263 0.829892 121.973793
0.825213 0.030396 -0.564003 -105.734265 -0.018301 0.999466 0.027088 -0.672278 0.564525 -0.012031 0.825328 122.259612
0.820025 0.027973 -0.571643 -105.929008 -0.014292 0.999494 0.028408 -0.672146 0.572149 -0.015125 0.820010 122.526478
0.813452 0.025535 -0.581072 -106.117605 -0.010489 0.999517 0.029240 -0.672996 0.581538 -0.017690 0.813327 122.778243
0.805158 0.024197 -0.592567 -106.302450 -0.007576 0.999505 0.030521 -0.673639 0.593012 -0.020085 0.804943 123.010220
0.795283 0.024861 -0.605728 -106.487813 -0.007166 0.999475 0.031613 -0.675323 0.606196 -0.020801 0.795043 123.222200
0.783639 0.026650 -0.620645 -106.671299 -0.009011 0.999462 0.031539 -0.676643 0.621151 -0.019122 0.783458 123.412724
0.770117 0.025933 -0.637375 -106.849160 -0.008982 0.999515 0.029815 -0.681909 0.637840 -0.017236 0.769976 123.592731
0.755708 0.023568 -0.654485 -107.022123 -0.009753 0.999646 0.024736 -0.685851 0.654836 -0.012310 0.755671 123.755657
0.741069 0.020049 -0.671129 -107.188628 -0.009298 0.999765 0.019600 -0.687004 0.671364 -0.008285 0.741081 123.905148
0.726131 0.019904 -0.687268 -107.362213 -0.012904 0.999799 0.015321 -0.685597 0.687435 -0.002256 0.726242 124.045057
0.710874 0.023702 -0.702920 -107.546213 -0.020152 0.999708 0.013330 -0.682754 0.703031 0.004689 0.711144 124.176424
0.694265 0.026265 -0.719240 -107.726775 -0.023792 0.999625 0.013538 -0.681989 0.719326 0.007714 0.694630 124.306124
0.676203 0.024875 -0.736296 -107.910567 -0.020495 0.999678 0.014950 -0.676932 0.736431 0.004981 0.676495 124.442282
0.656813 0.023953 -0.753673 -108.096442 -0.017557 0.999710 0.016472 -0.672655 0.753849 0.002413 0.657044 124.573648
0.635447 0.025483 -0.771724 -108.285751 -0.016981 0.999675 0.019028 -0.668027 0.771957 0.001013 0.635673 124.689183
0.612200 0.030339 -0.790121 -108.487141 -0.020615 0.999536 0.022407 -0.662419 0.790435 0.002571 0.612541 124.797008
0.588341 0.034476 -0.807877 -108.685510 -0.022592 0.999402 0.026196 -0.658038 0.808297 0.002840 0.588768 124.896711
0.563474 0.037648 -0.825275 -108.888774 -0.024191 0.999285 0.029070 -0.655870 0.825779 0.003584 0.563982 124.995475
0.538212 0.040872 -0.841818 -109.096514 -0.026957 0.999147 0.031276 -0.653700 0.842378 0.005859 0.538855 125.083511
0.512298 0.045587 -0.857597 -109.303003 -0.031124 0.998920 0.034506 -0.651510 0.858244 0.009014 0.513163 125.158111
0.485092 0.049265 -0.873074 -109.516575 -0.033464 0.998726 0.037763 -0.650239 0.873822 0.010898 0.486123 125.232190
0.456135 0.049105 -0.888555 -109.732750 -0.032335 0.998732 0.038595 -0.651238 0.889323 0.011127 0.457145 125.306789
0.424716 0.046484 -0.904132 -109.956214 -0.031705 0.998832 0.036459 -0.651294 0.904771 0.013181 0.425694 125.369513
0.390984 0.042406 -0.919420 -110.209778 -0.030992 0.998978 0.032896 -0.646722 0.919876 0.015633 0.391898 125.435462
0.353058 0.040167 -0.934739 -110.475317 -0.030164 0.999047 0.031537 -0.640480 0.935115 0.017061 0.353933 125.485682
0.312447 0.039327 -0.949121 -110.771477 -0.029104 0.999070 0.031816 -0.632082 0.949489 0.017683 0.313301 125.541105
0.269708 0.037863 -0.962197 -111.083988 -0.028047 0.999112 0.031454 -0.625165 0.962534 0.018503 0.270531 125.588715
0.223476 0.035073 -0.974078 -111.401910 -0.026235 0.999207 0.029959 -0.615136 0.974356 0.018860 0.224219 125.610703
0.174980 0.033233 -0.984011 -111.749307 -0.024764 0.999263 0.029344 -0.604701 0.984261 0.019233 0.175674 125.631019
0.125440 0.032991 -0.991553 -112.114511 -0.023665 0.999262 0.030253 -0.593768 0.991819 0.019670 0.126128 125.634253
0.074225 0.034274 -0.996652 -112.472004 -0.022147 0.999219 0.032713 -0.585177 0.996996 0.019645 0.074926 125.605929
0.021225 0.036638 -0.999103 -112.861054 -0.018189 0.999177 0.036255 -0.578058 0.999609 0.017403 0.021874 125.579267
-0.032184 0.038793 -0.998729 -113.240726 -0.013582 0.999137 0.039247 -0.572441 0.999390 0.014827 -0.031629 125.516675
-0.085600 0.040593 -0.995502 -113.649142 -0.008797 0.999100 0.041496 -0.565109 0.996291 0.012310 -0.085165 125.447829
-0.138360 0.042364 -0.989475 -114.066303 -0.004721 0.999045 0.043434 -0.557173 0.990371 0.010681 -0.138028 125.355652
-0.189808 0.043948 -0.980837 -114.472211 -0.001638 0.998982 0.045077 -0.549816 0.981820 0.010162 -0.189543 125.226607
-0.239329 0.045217 -0.969885 -114.906446 0.002446 0.998940 0.045968 -0.538502 0.970936 0.008629 -0.239185 125.089642
-0.287748 0.046686 -0.956568 -115.349427 0.008280 0.998895 0.046261 -0.527119 0.957670 0.005392 -0.287817 124.930804
-0.334616 0.048096 -0.941127 -115.791047 0.013996 0.998840 0.046069 -0.514543 0.942251 0.002244 -0.334901 124.729993
-0.379191 0.049852 -0.923975 -116.253391 0.019488 0.998756 0.045889 -0.500303 0.925113 -0.000606 -0.379691 124.513974
-0.421496 0.051298 -0.905378 -116.709792 0.023941 0.998680 0.045438 -0.486064 0.906514 -0.002524 -0.422167 124.259731
-0.460736 0.052163 -0.886003 -117.183480 0.027167 0.998632 0.044667 -0.470144 0.887122 -0.003491 -0.461523 123.986114
-0.495229 0.052635 -0.867166 -117.665911 0.028704 0.998609 0.044221 -0.451811 0.868288 -0.002992 -0.496051 123.680208
-0.524411 0.052344 -0.849855 -118.146671 0.029068 0.998627 0.043571 -0.433277 0.850969 -0.001854 -0.525213 123.345141
-0.547837 0.050992 -0.835030 -118.643675 0.027906 0.998699 0.042678 -0.414091 0.836120 0.000078 -0.548547 122.990594
-0.566302 0.048990 -0.822740 -119.143905 0.026670 0.998798 0.041115 -0.400553 0.823766 0.001341 -0.566928 122.618133
-0.580474 0.048346 -0.812842 -119.661109 0.025591 0.998826 0.041133 -0.384654 0.813877 0.003075 -0.581030 122.228796
-0.591839 0.049209 -0.804553 -120.191120 0.026583 0.998783 0.041534 -0.368547 0.805618 0.003194 -0.592427 121.826022
