1.000000 0.000000 0.000000 0.000000 0.000000 1.000000 0.000000 0.000000 0.000000 0.000000 1.000000 -0.000000
0.999050 -0.001650 0.043552 0.051722 0.001760 0.999995 -0.002502 -0.024249 -0.043548 0.002577 0.999048 1.004127
0.996050 -0.005368 0.088638 0.146961 0.006010 0.999958 -0.006981 -0.050516 -0.088597 0.007486 0.996039 2.002444
0.990927 -0.005887 0.134272 0.288899 0.007448 0.999910 -0.011129 -0.079031 -0.134195 0.012028 0.990882 2.996846
0.983622 -0.003565 0.180207 0.467333 0.006173 0.999884 -0.013912 -0.110293 -0.180137 0.014797 0.983530 3.977322
0.974048 -0.006174 0.226258 0.699534 0.009487 0.999863 -0.013559 -0.143877 -0.226143 0.015354 0.973973 4.951417
0.962421 -0.007369 0.271461 0.974871 0.011640 0.999832 -0.014128 -0.180224 -0.271312 0.016757 0.962346 5.907669
0.948837 -0.009694 0.315616 1.292457 0.015876 0.999729 -0.017024 -0.218488 -0.315366 0.021164 0.948734 6.849411
0.933620 -0.012639 0.358042 1.656944 0.020805 0.999604 -0.018964 -0.254729 -0.357660 0.025154 0.933513 7.770282
0.916195 -0.012284 0.400546 2.057468 0.021776 0.999579 -0.019156 -0.291953 -0.400142 0.026273 0.916076 8.675638
0.896556 -0.013078 0.442738 2.497144 0.023418 0.999565 -0.017897 -0.330924 -0.442311 0.026413 0.896473 9.559786
0.874511 -0.013514 0.484817 2.976374 0.024478 0.999568 -0.016290 -0.369739 -0.484387 0.026112 0.874464 10.419477
0.850369 -0.013482 0.526014 3.494907 0.025177 0.999569 -0.015083 -0.408603 -0.525584 0.026070 0.850342 11.253734
0.824543 -0.014011 0.565626 4.050411 0.026964 0.999530 -0.014548 -0.443974 -0.565157 0.027247 0.824534 12.059645
0.797030 -0.016193 0.603722 4.647181 0.031261 0.999407 -0.014464 -0.479023 -0.603130 0.030401 0.797063 12.833548
0.768151 -0.015104 0.640090 5.269976 0.031868 0.999385 -0.014661 -0.513619 -0.639475 0.031660 0.768160 13.576586
0.737423 -0.018317 0.675183 5.933561 0.037186 0.999217 -0.013506 -0.546271 -0.674407 0.035067 0.737527 14.285719
0.705167 -0.018113 0.708810 6.625085 0.038299 0.999187 -0.012569 -0.577743 -0.708006 0.036010 0.705287 14.962864
0.670680 -0.016822 0.741556 7.340850 0.038484 0.999185 -0.012140 -0.609156 -0.740748 0.036680 0.670781 15.607720
0.635065 -0.017843 0.772253 8.087049 0.043586 0.998968 -0.012761 -0.636292 -0.771228 0.041763 0.635187 16.209931
0.598391 -0.016316 0.801038 8.854943 0.044356 0.998934 -0.012788 -0.665278 -0.799975 0.043183 0.598477 16.778599
0.560638 -0.015604 0.827914 9.650189 0.047224 0.998798 -0.013154 -0.693875 -0.826713 0.046472 0.560701 17.307000
0.521730 -0.014155 0.852993 10.471191 0.052991 0.998469 -0.015843 -0.720980 -0.851463 0.053466 0.521682 17.796128
0.482402 -0.013143 0.875851 11.311708 0.054663 0.998390 -0.015125 -0.744895 -0.874243 0.055174 0.482344 18.250458
0.443752 -0.014835 0.896027 12.179699 0.059629 0.998136 -0.013005 -0.770723 -0.894164 0.059200 0.443809 18.668676
0.406332 -0.015673 0.913591 13.068128 0.063332 0.997931 -0.011047 -0.796899 -0.911528 0.062348 0.406484 19.049417
0.370597 -0.013365 0.928698 13.970144 0.065499 0.997783 -0.011778 -0.819498 -0.926481 0.065194 0.370651 19.401040
0.336710 -0.013699 0.941509 14.896131 0.066958 0.997711 -0.009429 -0.839822 -0.939225 0.066216 0.336857 19.722420
0.303210 -0.016064 0.952788 15.841855 0.068938 0.997608 -0.005119 -0.859011 -0.950427 0.067235 0.303592 20.016417
0.270038 -0.015841 0.962719 16.803011 0.069706 0.997563 -0.003138 -0.877958 -0.960323 0.067954 0.270484 20.278316
0.237384 -0.013010 0.971329 17.771161 0.067525 0.997713 -0.003139 -0.892643 -0.969066 0.066334 0.237720 20.512420
0.205801 -0.010890 0.978533 18.754271 0.067526 0.997713 -0.003098 -0.906682 -0.976261 0.066714 0.206066 20.715650
0.174876 -0.010566 0.984534 19.758594 0.069301 0.997595 -0.001603 -0.920475 -0.982148 0.068509 0.175188 20.887283
0.144016 -0.010953 0.989515 20.779111 0.070938 0.997480 0.000716 -0.932317 -0.987029 0.070091 0.144430 21.030179
0.113228 -0.011889 0.993498 21.815472 0.069606 0.997567 0.004005 -0.942353 -0.991128 0.068700 0.113780 21.146173
0.083475 -0.011821 0.996440 22.868229 0.070164 0.997518 0.005956 -0.948405 -0.994037 0.069417 0.084097 21.233150
0.055759 -0.011195 0.998382 23.934732 0.072761 0.997324 0.007119 -0.951047 -0.995789 0.072246 0.056424 21.286833
0.030224 -0.010554 0.999487 25.015865 0.076958 0.997001 0.008200 -0.951927 -0.996576 0.076670 0.030946 21.312933
0.007201 -0.010111 0.999923 26.111938 0.081253 0.996648 0.009493 -0.950951 -0.996668 0.081178 0.007998 21.312514
-0.013588 -0.009969 0.999858 27.219440 0.087197 0.996129 0.011116 -0.948951 -0.996098 0.087335 -0.012666 21.287802
-0.031630 -0.010652 0.999443 28.338492 0.091654 0.995699 0.013513 -0.945629 -0.995289 0.092030 -0.030517 21.241698
-0.047490 -0.010302 0.998819 29.470055 0.094889 0.995378 0.014779 -0.941439 -0.994354 0.095479 -0.046293 21.179208
-0.062134 -0.010862 0.998009 30.606596 0.097375 0.995104 0.016893 -0.936359 -0.993306 0.098230 -0.060772 21.101135
-0.075609 -0.011935 0.997066 31.749518 0.097516 0.995047 0.019306 -0.929687 -0.992358 0.098690 -0.074070 21.011072
-0.088055 -0.011988 0.996043 32.898270 0.097290 0.995043 0.020577 -0.921677 -0.991353 0.098717 -0.086453 20.907845
-0.099478 -0.009194 0.994997 34.057699 0.097353 0.995070 0.018927 -0.911746 -0.990266 0.098749 -0.098092 20.789075
-0.109797 -0.005361 0.993940 35.234094 0.097981 0.995057 0.016190 -0.900720 -0.989113 0.099165 -0.108729 20.655364
-0.119455 -0.002512 0.992836 36.432545 0.099051 0.994978 0.014435 -0.889158 -0.987886 0.100066 -0.118607 20.506512
-0.127088 -0.001279 0.991891 37.654365 0.098890 0.995001 0.013953 -0.878157 -0.986950 0.099861 -0.126327 20.347897
-0.132987 -0.000715 0.991117 38.899112 0.098392 0.995050 0.013920 -0.867020 -0.986222 0.099369 -0.132259 20.179278
-0.138159 0.000894 0.990410 40.160085 0.099411 0.994962 0.012969 -0.856448 -0.985408 0.100249 -0.137552 20.000355
-0.142685 0.002816 0.989764 41.445911 0.098692 0.995053 0.011397 -0.846036 -0.984835 0.099308 -0.142257 19.813675
-0.146825 0.003918 0.989155 42.751626 0.098973 0.995032 0.010750 -0.837548 -0.984198 0.099478 -0.146484 19.617182
-0.149919 0.003009 0.988694 44.082124 0.098739 0.995042 0.011944 -0.829550 -0.983755 0.099413 -0.149473 19.413706
-0.152230 0.000582 0.988345 45.435299 0.099334 0.994945 0.014714 -0.818790 -0.983341 0.100416 -0.151518 19.202664
-0.154508 -0.000390 0.987992 46.807077 0.099374 0.994923 0.015933 -0.805992 -0.982981 0.100642 -0.153684 18.986715
-0.156516 0.000343 0.987676 48.198883 0.101606 0.994700 0.015756 -0.790753 -0.982435 0.102820 -0.155721 18.763091
-0.157524 0.000874 0.987515 49.610084 0.101335 0.994735 0.015284 -0.776593 -0.982302 0.102477 -0.156783 18.536065
-0.158066 0.001736 0.987427 51.044184 0.103393 0.994530 0.014802 -0.761209 -0.982000 0.104433 -0.157381 18.302036
-0.158147 0.002246 0.987413 52.494187 0.102921 0.994588 0.014222 -0.748866 -0.982037 0.103874 -0.157523 18.067013
-0.157623 0.003491 0.987493 53.966977 0.102974 0.994600 0.012920 -0.738559 -0.982116 0.103723 -0.157131 17.828719
-0.156435 0.003535 0.987682 55.463518 0.103316 0.994566 0.012804 -0.728246 -0.982270 0.104046 -0.155950 17.588339
-0.154945 0.002303 0.987920 56.979946 0.102408 0.994648 0.013743 -0.719322 -0.982601 0.103300 -0.154352 17.348349
-0.153808 0.003054 0.988096 58.517958 0.103384 0.994556 0.013019 -0.709023 -0.982677 0.104156 -0.153287 17.105039
-0.152600 0.003934 0.988280 60.073569 0.103311 0.994577 0.011993 -0.698229 -0.982873 0.103931 -0.152178 16.862793
-0.151632 0.004600 0.988426 61.658219 0.104318 0.994479 0.011375 -0.689854 -0.982917 0.104835 -0.151274 16.616502
-0.150588 0.004531 0.988586 63.259966 0.103880 0.994526 0.011265 -0.682234 -0.983124 0.104391 -0.150234 16.370413
-0.149637 0.002802 0.988737 64.881280 0.105638 0.994317 0.013170 -0.674295 -0.983082 0.106419 -0.149082 16.120290
-0.148950 0.001053 0.988844 66.518096 0.106919 0.994154 0.015046 -0.665932 -0.983047 0.107967 -0.148192 15.868181
-0.148174 0.001587 0.988960 68.164525 0.108450 0.993994 0.014654 -0.656659 -0.982997 0.109424 -0.147456 15.617335
-0.147109 0.003907 0.989112 69.828042 0.110843 0.993758 0.012560 -0.649548 -0.982890 0.111484 -0.146624 15.362838
-0.146465 0.003604 0.989209 71.505747 0.110115 0.993838 0.012684 -0.645550 -0.983068 0.110785 -0.145959 15.111823
-0.146260 0.003233 0.989241 73.197570 0.110510 0.993789 0.013091 -0.641151 -0.983054 0.111236 -0.145709 14.857566
-0.146036 0.001690 0.989278 74.910594 0.109832 0.993844 0.014516 -0.635143 -0.983163 0.110775 -0.145323 14.603450
-0.145636 0.001967 0.989336 76.635479 0.111686 0.993638 0.014466 -0.626639 -0.983014 0.112602 -0.144929 14.344589
-0.145620 0.002153 0.989338 78.377623 0.112368 0.993563 0.014378 -0.619273 -0.982939 0.113264 -0.144925 14.085537
-0.145604 0.003177 0.989338 80.135680 0.112857 0.993521 0.013419 -0.612185 -0.982885 0.113607 -0.145019 13.823113
-0.145937 0.003867 0.989286 81.904062 0.112330 0.993590 0.012687 -0.606953 -0.982896 0.112978 -0.145436 13.560830
-0.147060 0.004143 0.989119 83.686693 0.111212 0.993720 0.012373 -0.603745 -0.982856 0.111821 -0.146597 13.294524
-0.148234 0.004952 0.988940 85.483401 0.110608 0.993796 0.011602 -0.601808 -0.982747 0.111104 -0.147862 13.024314
-0.149242 0.004338 0.988791 87.301171 0.109467 0.993916 0.012162 -0.599482 -0.982723 0.110055 -0.148809 12.750503
-0.150229 0.003836 0.988644 89.129456 0.109620 0.993891 0.012801 -0.594876 -0.982555 0.110298 -0.149731 12.470881
-0.150672 0.002812 0.988580 90.974850 0.107012 0.994166 0.013482 -0.589258 -0.982775 0.107821 -0.150094 12.190116
-0.152068 0.003896 0.988362 92.830658 0.106806 0.994201 0.012514 -0.582260 -0.982582 0.107466 -0.151602 11.901806
-0.154686 0.005230 0.987950 94.705050 0.105714 0.994332 0.011288 -0.576158 -0.982291 0.106186 -0.154362 11.608900
-0.158495 0.005190 0.987346 96.591041 0.106454 0.994247 0.011862 -0.569087 -0.981604 0.106987 -0.158135 11.306041
-0.163205 0.004743 0.986581 98.487568 0.104182 0.994480 0.012453 -0.567065 -0.981076 0.104816 -0.162798 10.996499
-0.168072 0.003613 0.985768 100.392854 0.101923 0.994698 0.013732 -0.565243 -0.980491 0.102780 -0.167549 10.676291
-0.172778 0.004875 0.984949 102.301923 0.100960 0.994808 0.012786 -0.564148 -0.979773 0.101649 -0.172373 10.345207
-0.177452 0.006240 0.984110 104.222933 0.101466 0.994767 0.011989 -0.562445 -0.978885 0.101981 -0.177156 10.000263
-0.182055 0.007979 0.983256 106.150666 0.101178 0.994811 0.010660 -0.564355 -0.978069 0.101425 -0.181917 9.644555
-0.186876 0.008787 0.982344 108.091042 0.100121 0.994923 0.010147 -0.568797 -0.977268 0.100249 -0.186807 9.278085
-0.191887 0.007633 0.981387 110.041150 0.097942 0.995127 0.011410 -0.571794 -0.976518 0.098308 -0.191700 8.902021
-0.197264 0.007481 0.980322 112.000089 0.096063 0.995306 0.011735 -0.573345 -0.975632 0.096488 -0.197057 8.515764
-0.202893 0.006577 0.979179 113.967657 0.095082 0.995384 0.013016 -0.572804 -0.974574 0.095743 -0.202582 8.114705
-0.208403 0.006469 0.978022 115.940643 0.095023 0.995381 0.013664 -0.570538 -0.973416 0.095782 -0.208055 7.700582
-0.213845 0.007858 0.976836 117.917743 0.095586 0.995337 0.012918 -0.568058 -0.972180 0.096134 -0.213599 7.271874
-0.219538 0.008856 0.975564 119.902570 0.095219 0.995379 0.012392 -0.565878 -0.970946 0.095613 -0.219367 6.831740
-0.225458 0.008853 0.974213 121.899136 0.095669 0.995327 0.013095 -0.564565 -0.969544 0.096154 -0.225251 6.373140
-0.231045 0.009191 0.972900 123.901522 0.094726 0.995417 0.013092 -0.563668 -0.968321 0.095184 -0.230857 5.903582
-0.236209 0.009551 0.971655 125.906015 0.094203 0.995467 0.013116 -0.560734 -0.967125 0.094631 -0.236038 5.422241
-0.241404 0.009719 0.970376 127.922349 0.092949 0.995584 0.013152 -0.559152 -0.965963 0.093370 -0.241241 4.928059
-0.245816 0.009822 0.969267 129.940689 0.094575 0.995421 0.013898 -0.555614 -0.964692 0.095085 -0.245619 4.417604
-0.249701 0.008596 0.968285 131.970468 0.096259 0.995228 0.015988 -0.549412 -0.963527 0.097198 -0.249337 3.893666
-0.253293 0.009879 0.967339 134.002656 0.097685 0.995098 0.015416 -0.542754 -0.962445 0.098400 -0.253016 3.359918
-0.256342 0.010331 0.966531 136.044677 0.097979 0.995070 0.015349 -0.536035 -0.961607 0.098634 -0.256090 2.816876
-0.259761 0.010132 0.965620 138.092919 0.097084 0.995153 0.015675 -0.529597 -0.960780 0.097818 -0.259486 2.266061
-0.263703 0.010351 0.964549 140.154606 0.095795 0.995280 0.015510 -0.522454 -0.959835 0.096489 -0.263450 1.705478
-0.268171 0.011259 0.963306 142.212280 0.094469 0.995420 0.014664 -0.517999 -0.958728 0.094935 -0.268007 1.136416
-0.272649 0.011088 0.962050 144.281594 0.093576 0.995498 0.015047 -0.512737 -0.957552 0.094127 -0.272459 0.553887
-0.277230 0.011321 0.960737 146.357730 0.093737 0.995479 0.015318 -0.506199 -0.956220 0.094303 -0.277038 -0.041079
-0.281731 0.011858 0.959420 148.433466 0.093226 0.995531 0.015071 -0.500625 -0.954954 0.093689 -0.281577 -0.646679
-0.286285 0.012397 0.958064 150.516827 0.092865 0.995568 0.014868 -0.495969 -0.953634 0.093227 -0.286167 -1.264941
-0.290497 0.011394 0.956808 152.613935 0.092531 0.995577 0.016238 -0.489830 -0.952391 0.093252 -0.290266 -1.898307
-0.294736 0.011471 0.955510 154.705424 0.093107 0.995515 0.016768 -0.482992 -0.951032 0.093907 -0.294482 -2.541319
-0.298666 0.012088 0.954281 156.806646 0.094102 0.995420 0.016842 -0.475391 -0.949707 0.094829 -0.298436 -3.198005
-0.302257 0.013277 0.953134 158.911882 0.094244 0.995420 0.016021 -0.467684 -0.948556 0.094670 -0.302124 -3.864060
-0.305844 0.015425 0.951957 161.019325 0.094755 0.995398 0.014314 -0.460873 -0.947355 0.094581 -0.305898 -4.540194
-0.309256 0.016028 0.950844 163.140314 0.095398 0.995337 0.014250 -0.455531 -0.946182 0.095116 -0.309343 -5.229175
-0.312627 0.016893 0.949726 165.263712 0.095183 0.995367 0.013627 -0.452548 -0.945095 0.094657 -0.312786 -5.928141
-0.316134 0.017037 0.948562 167.392929 0.095030 0.995379 0.013794 -0.449531 -0.943943 0.094503 -0.316292 -6.636649
-0.320136 0.016957 0.947220 169.528167 0.095014 0.995373 0.014293 -0.445613 -0.942595 0.094575 -0.320267 -7.355837
-0.323925 0.017182 0.945927 171.668823 0.096406 0.995230 0.014936 -0.441674 -0.941158 0.096031 -0.324037 -8.089922
-0.327132 0.018155 0.944804 173.813493 0.098788 0.994994 0.015086 -0.436552 -0.939801 0.098271 -0.327288 -8.835450
-0.329896 0.017682 0.943852 175.962778 0.099457 0.994911 0.016123 -0.429409 -0.938763 0.099192 -0.329976 -9.589737
-0.332587 0.017037 0.942919 178.120492 0.099302 0.994911 0.017050 -0.420933 -0.937830 0.099305 -0.332586 -10.352752
-0.335359 0.016985 0.941937 180.282321 0.098144 0.995027 0.017000 -0.411828 -0.936964 0.098147 -0.335359 -11.122678
-0.338352 0.018809 0.940832 182.448564 0.097240 0.995147 0.015075 -0.404363 -0.935982 0.096587 -0.338539 -11.901957
-0.341616 0.020289 0.939621 184.622533 0.097082 0.995181 0.013807 -0.398580 -0.934812 0.095937 -0.341940 -12.692232
-0.344818 0.021600 0.938421 186.802925 0.095459 0.995359 0.012166 -0.399051 -0.933803 0.093776 -0.345280 -13.493043
-0.348136 0.023088 0.937160 188.984420 0.094274 0.995491 0.010495 -0.400055 -0.932692 0.092003 -0.348743 -14.303256
-0.351901 0.023122 0.935752 191.167320 0.095041 0.995411 0.011145 -0.401383 -0.931200 0.092856 -0.352484 -15.125509
-0.355505 0.021930 0.934417 193.363966 0.094156 0.995479 0.012459 -0.403865 -0.929920 0.092410 -0.355963 -15.962191
-0.359239 0.021192 0.933005 195.563724 0.093845 0.995495 0.013522 -0.403566 -0.928515 0.092415 -0.359609 -16.809419
-0.363139 0.021284 0.931492 197.763180 0.094103 0.995465 0.013940 -0.402116 -0.926971 0.092718 -0.363495 -17.666530
-0.366602 0.021433 0.930131 199.973473 0.093121 0.995560 0.013762 -0.400664 -0.925706 0.091659 -0.366970 -18.536926
-0.370349 0.022011 0.928632 202.165505 0.092123 0.995661 0.013141 -0.401197 -0.924313 0.090415 -0.370770 -19.409520
-0.373599 0.022064 0.927328 204.380815 0.092077 0.995662 0.013406 -0.403082 -0.923009 0.090394 -0.374010 -20.302632
-0.376396 0.022701 0.926181 206.577061 0.093086 0.995568 0.013429 -0.406195 -0.921771 0.091269 -0.376841 -21.198294
-0.378917 0.022858 0.925148 208.782337 0.094336 0.995441 0.014042 -0.408323 -0.920610 0.092596 -0.379346 -22.110792
-0.381606 0.022502 0.924051 210.989621 0.095267 0.995337 0.015105 -0.407256 -0.919402 0.093795 -0.381971 -23.031207
-0.384098 0.023148 0.923002 213.196904 0.096280 0.995240 0.015107 -0.405178 -0.918259 0.094669 -0.384498 -23.959338
-0.386613 0.024327 0.921921 215.399672 0.096753 0.995205 0.014313 -0.403694 -0.917153 0.094732 -0.387113 -24.890398
-0.389372 0.024501 0.920755 217.609063 0.096043 0.995277 0.014131 -0.405346 -0.916060 0.093934 -0.389886 -25.831894
-0.392096 0.025359 0.919575 219.830394 0.095488 0.995342 0.013267 -0.408967 -0.914955 0.093010 -0.392691 -26.785040
-0.394974 0.026520 0.918310 222.027644 0.095487 0.995354 0.012325 -0.414573 -0.913717 0.092555 -0.395671 -27.735415
-0.397430 0.026549 0.917248 224.234727 0.093595 0.995541 0.011738 -0.422788 -0.912847 0.090515 -0.398143 -28.695253
-0.400345 0.027180 0.915961 226.441710 0.093846 0.995521 0.011477 -0.432373 -0.911546 0.090554 -0.401102 -29.665928
-0.402907 0.026969 0.914844 228.643476 0.095677 0.995330 0.012795 -0.441833 -0.910227 0.092684 -0.403605 -30.645040
-0.405448 0.026289 0.913740 230.847950 0.095756 0.995309 0.013853 -0.448562 -0.909089 0.093112 -0.406063 -31.630756
-0.408640 0.025463 0.912340 233.048211 0.094874 0.995381 0.014713 -0.450201 -0.907751 0.092570 -0.409168 -32.620966
-0.411681 0.025807 0.910963 235.245059 0.093673 0.995503 0.014131 -0.451644 -0.906501 0.091151 -0.412247 -33.617046
-0.415077 0.025247 0.909436 237.444919 0.092119 0.995644 0.014404 -0.454562 -0.905111 0.089755 -0.415595 -34.623481
-0.418523 0.024308 0.907881 239.638758 0.090999 0.995734 0.015290 -0.456504 -0.903636 0.089016 -0.418950 -35.635284
-0.422082 0.024370 0.906230 241.829386 0.090417 0.995786 0.015334 -0.458359 -0.902037 0.088411 -0.422507 -36.656760
-0.425727 0.023895 0.904536 244.013592 0.089574 0.995854 0.015851 -0.459815 -0.900407 0.087771 -0.426102 -37.685389
-0.429587 0.024638 0.902689 246.191477 0.089103 0.995906 0.015222 -0.461858 -0.898619 0.086971 -0.430024 -38.721314
-0.433695 0.023863 0.900744 248.366151 0.087967 0.995995 0.015969 -0.461475 -0.896756 0.086162 -0.434057 -39.765677
-0.437535 0.023996 0.898881 250.532999 0.087856 0.996002 0.016175 -0.461446 -0.894899 0.086050 -0.437893 -40.820897
-0.441022 0.025056 0.897147 252.698844 0.088529 0.995950 0.015704 -0.462839 -0.893120 0.086350 -0.441453 -41.887164
-0.444655 0.025003 0.895353 254.853350 0.088102 0.995984 0.015941 -0.462321 -0.891358 0.085970 -0.445072 -42.958177
-0.448303 0.025216 0.893526 257.013576 0.087179 0.996070 0.015630 -0.459941 -0.889620 0.084904 -0.448740 -44.038421
-0.451934 0.025070 0.891699 259.173501 0.087005 0.996078 0.016091 -0.456604 -0.887798 0.084855 -0.452342 -45.129562
-0.455387 0.025926 0.889916 261.330315 0.087604 0.996030 0.015812 -0.451586 -0.885973 0.085161 -0.455850 -46.229583
-0.458890 0.027017 0.888082 263.485524 0.089033 0.995905 0.015709 -0.446893 -0.884021 0.086277 -0.459416 -47.343240
-0.462101 0.028997 0.886353 265.634311 0.091215 0.995719 0.014979 -0.444323 -0.882124 0.087770 -0.462767 -48.463108
-0.464972 0.029829 0.884823 267.799655 0.092122 0.995637 0.014845 -0.442692 -0.880519 0.088414 -0.465691 -49.601398
-0.467861 0.031908 0.883226 269.940415 0.094028 0.995473 0.013845 -0.439489 -0.878786 0.089525 -0.468743 -50.738645
-0.470491 0.034258 0.881740 272.096628 0.095931 0.995309 0.012518 -0.435794 -0.877175 0.090476 -0.471570 -51.895026
-0.473287 0.035020 0.880212 274.261370 0.096778 0.995228 0.012441 -0.431275 -0.875576 0.091073 -0.474418 -53.066278
-0.476499 0.036186 0.878430 276.423905 0.097503 0.995164 0.011894 -0.424406 -0.873752 0.091317 -0.477723 -54.244664
-0.479766 0.036259 0.876647 278.602293 0.096483 0.995267 0.011638 -0.418242 -0.872075 0.090165 -0.480994 -55.439686
-0.483045 0.037383 0.874797 280.778976 0.097276 0.995195 0.011186 -0.412827 -0.870175 0.090500 -0.484360 -56.645785
-0.486361 0.037698 0.872944 282.975927 0.096347 0.995290 0.010698 -0.410583 -0.868430 0.089308 -0.487703 -57.868912
-0.489148 0.037547 0.871392 285.155018 0.094750 0.995448 0.010294 -0.409559 -0.867039 0.087600 -0.490479 -59.091406
-0.491888 0.037805 0.869838 287.346351 0.095876 0.995333 0.010958 -0.407962 -0.865364 0.088786 -0.493217 -60.332644
-0.493898 0.037835 0.868696 289.551631 0.097488 0.995163 0.012084 -0.404549 -0.864038 0.090655 -0.495198 -61.592284
-0.495953 0.037755 0.867528 291.759319 0.098160 0.995088 0.012810 -0.398668 -0.862783 0.091510 -0.497223 -62.860905
-0.498157 0.037773 0.866264 293.979149 0.098160 0.995085 0.013058 -0.390882 -0.861513 0.091537 -0.499416 -64.139338
-0.500459 0.037101 0.864965 296.199280 0.097556 0.995135 0.013761 -0.382147 -0.860246 0.091269 -0.501644 -65.426511
-0.503018 0.037033 0.863482 298.432756 0.098427 0.995036 0.014663 -0.371400 -0.858653 0.092366 -0.504166 -66.729879
-0.505157 0.037057 0.862231 300.661416 0.098928 0.994978 0.015197 -0.358711 -0.857338 0.092976 -0.506287 -68.037822
-0.507127 0.037809 0.861042 302.903020 0.098539 0.995030 0.014344 -0.347006 -0.856220 0.092121 -0.508332 -69.359140
-0.509359 0.040042 0.859622 305.148437 0.097944 0.995123 0.011682 -0.337252 -0.854962 0.090145 -0.510796 -70.689730
-0.512668 0.039313 0.857686 307.401279 0.096332 0.995277 0.011962 -0.330795 -0.853165 0.088755 -0.514034 -72.034246
-0.517159 0.036906 0.855094 309.663052 0.093604 0.995516 0.013645 -0.323336 -0.850756 0.087096 -0.518294 -73.391174
-0.522057 0.034515 0.852212 311.928738 0.091148 0.995717 0.015510 -0.312619 -0.848026 0.085774 -0.522967 -74.764227
-0.526824 0.033094 0.849330 314.195126 0.089794 0.995817 0.016895 -0.297188 -0.845218 0.085165 -0.527591 -76.156596
-0.531168 0.033489 0.846604 316.457903 0.090175 0.995778 0.017187 -0.279642 -0.842454 0.085472 -0.531945 -77.568490
-0.535307 0.034674 0.843946 318.718673 0.092385 0.995566 0.017696 -0.257841 -0.839590 0.087441 -0.536137 -78.995937
-0.539029 0.035885 0.841522 320.983457 0.093812 0.995434 0.017642 -0.238155 -0.837047 0.088454 -0.539934 -80.443652
-0.542680 0.035836 0.839175 323.253659 0.094209 0.995382 0.018417 -0.219785 -0.834640 0.089052 -0.543550 -81.907994
-0.546616 0.034262 0.836682 325.515433 0.094553 0.995298 0.021016 -0.201682 -0.832028 0.090599 -0.547286 -83.380945
-0.550531 0.032886 0.834167 327.773695 0.093089 0.995410 0.022193 -0.182536 -0.829608 0.089870 -0.551065 -84.865585
-0.554289 0.032784 0.831678 330.024231 0.092339 0.995478 0.022300 -0.160832 -0.827186 0.089157 -0.554810 -86.359165
-0.558319 0.032214 0.829001 332.274064 0.091878 0.995500 0.023195 -0.138391 -0.824523 0.089118 -0.558766 -87.866502
-0.562402 0.031727 0.826255 334.517978 0.093174 0.995331 0.025201 -0.112561 -0.821597 0.091159 -0.562732 -89.387876
-0.566266 0.032006 0.823601 336.754868 0.093764 0.995260 0.025790 -0.084551 -0.818872 0.091828 -0.566583 -90.920559
-0.569935 0.031059 0.821103 338.988046 0.091971 0.995417 0.026185 -0.052428 -0.816527 0.090442 -0.570179 -92.463045
-0.573463 0.029802 0.818689 341.212695 0.091468 0.995419 0.027835 -0.015996 -0.814109 0.090846 -0.573562 -94.016889
-0.576435 0.028832 0.816634 343.439451 0.091620 0.995356 0.029529 0.023339 -0.811990 0.091842 -0.576399 -95.587068
-0.579229 0.028336 0.814673 345.660990 0.089605 0.995553 0.029081 0.063375 -0.810225 0.089843 -0.579192 -97.163529
-0.582173 0.027385 0.812604 347.880321 0.085530 0.995950 0.027711 0.102477 -0.808554 0.085635 -0.582157 -98.744655
-0.585282 0.026560 0.810395 350.097144 0.082437 0.996233 0.026887 0.140298 -0.806628 0.082543 -0.585267 -100.336207
-0.588490 0.023609 0.808160 352.303733 0.079753 0.996394 0.028967 0.175422 -0.804562 0.081500 -0.588250 -101.934370
-0.591555 0.022714 0.805944 354.512529 0.080133 0.996310 0.030738 0.214119 -0.802273 0.082766 -0.591193 -103.552231
-0.594595 0.022680 0.803706 356.708883 0.079393 0.996373 0.030619 0.253971 -0.800096 0.082015 -0.594239 -105.171396
-0.597441 0.023082 0.801581 358.897611 0.078135 0.996505 0.029541 0.290319 -0.798097 0.080280 -0.597156 -106.800996
-0.600720 0.018767 0.799239 361.091156 0.075114 0.996627 0.033055 0.329790 -0.795923 0.079891 -0.600104 -108.443540
-0.603875 0.016234 0.796914 363.270152 0.072426 0.996774 0.034576 0.380137 -0.793782 0.078597 -0.603103 -110.087689
-0.606847 0.016342 0.794650 365.444030 0.071943 0.996814 0.034441 0.433594 -0.791556 0.078070 -0.606090 -111.739665
-0.609590 0.016055 0.792554 367.608878 0.071263 0.996857 0.034619 0.485550 -0.789507 0.077583 -0.608818 -113.399768
-0.612208 0.015809 0.790539 369.768408 0.071086 0.996852 0.035116 0.535753 -0.787495 0.077695 -0.611404 -115.069503
-0.615018 0.014284 0.788384 371.915195 0.070431 0.996834 0.036882 0.585754 -0.785361 0.078210 -0.614077 -116.742851
-0.617796 0.013598 0.786221 374.060678 0.067866 0.997042 0.036083 0.634751 -0.783404 0.075649 -0.616892 -118.425330
-0.620671 0.010858 0.783996 376.207666 0.058857 0.997728 0.032778 0.680641 -0.781859 0.066488 -0.619900 -120.110317
-0.623994 0.011928 0.781338 378.327061 0.049512 0.998478 0.024299 0.714184 -0.779859 0.053848 -0.623635 -121.783765
-0.626626 0.022058 0.779008 380.438729 0.059009 0.998073 0.019205 0.732239 -0.777083 0.058003 -0.626720 -123.489623
-0.627476 0.023881 0.778269 382.542973 0.066643 0.997509 0.023122 0.751450 -0.775778 0.066374 -0.627505 -125.208123
-0.629339 0.013505 0.777013 384.657250 0.065791 0.997185 0.035956 0.791264 -0.774341 0.073749 -0.628456 -126.925721
-0.632279 0.003795 0.774732 386.773836 0.060299 0.997196 0.044327 0.858119 -0.772391 0.074742 -0.630734 -128.639806
-0.635482 -0.002170 0.772113 388.882294 0.054287 0.997396 0.047483 0.937574 -0.770205 0.072091 -0.633709 -130.353389
-0.638277 -0.002563 0.769802 390.974497 0.052811 0.997493 0.047109 1.015440 -0.767993 0.070722 -0.636541 -132.072492
-0.640755 0.002181 0.767742 393.049442 0.057985 0.997277 0.045561 1.088896 -0.765552 0.073711 -0.639137 -133.801728
-0.642714 0.009281 0.766050 395.119671 0.063149 0.997166 0.040901 1.154913 -0.763499 0.074663 -0.641478 -135.539995
-0.645125 0.012991 0.763966 397.185184 0.064660 0.997197 0.037645 1.214067 -0.761336 0.073684 -0.644157 -137.287192
-0.648012 0.012027 0.761535 399.247085 0.064008 0.997198 0.038717 1.272858 -0.758936 0.073834 -0.646966 -139.038905
-0.650850 0.011611 0.759117 401.303568 0.064626 0.997101 0.040158 1.334967 -0.756451 0.075196 -0.649714 -140.792223
-0.653231 0.011211 0.757076 403.345100 0.065226 0.997007 0.041515 1.399861 -0.754344 0.076499 -0.652007 -142.549353
-0.655060 0.011688 0.755486 405.387736 0.065882 0.996956 0.041701 1.463950 -0.752699 0.077090 -0.653836 -144.326351
-0.656459 0.011727 0.754270 407.421041 0.066145 0.996923 0.042069 1.530570 -0.751456 0.077508 -0.655215 -146.101944
-0.657674 0.012323 0.753202 409.452239 0.066899 0.996871 0.042105 1.596786 -0.750326 0.078079 -0.656440 -147.884662
-0.658702 0.012035 0.752308 411.481731 0.068244 0.996706 0.043808 1.665192 -0.749302 0.080197 -0.657354 -149.669887
-0.659771 0.011153 0.751384 413.501991 0.069999 0.996455 0.046674 1.739480 -0.748199 0.083391 -0.658212 -151.449694
-0.660893 0.010782 0.750403 415.528875 0.071518 0.996251 0.048673 1.820766 -0.747065 0.085835 -0.659186 -153.242244
-0.661984 0.011472 0.749430 417.545524 0.070867 0.996362 0.047346 1.902123 -0.746160 0.084452 -0.660389 -155.028975
-0.663447 0.011665 0.748132 419.559564 0.067032 0.996784 0.043903 1.980352 -0.745215 0.079276 -0.662095 -156.814501
-0.664731 0.011132 0.747000 421.569590 0.063973 0.997065 0.042069 2.051261 -0.744339 0.075752 -0.663492 -158.604843
-0.665802 0.010008 0.746061 423.577610 0.063062 0.997087 0.042902 2.117805 -0.743459 0.075612 -0.664494 -160.398698
-0.666689 0.008670 0.745285 425.585530 0.061296 0.997183 0.043232 2.186326 -0.742811 0.074506 -0.665343 -162.197769
-0.667601 0.008285 0.744473 427.585623 0.058522 0.997428 0.041378 2.256082 -0.742215 0.071192 -0.666369 -163.995236
-0.668451 0.006991 0.743723 429.585516 0.057252 0.997472 0.042081 2.325413 -0.741549 0.070709 -0.667162 -165.796816
-0.668899 0.005517 0.743333 431.574371 0.057773 0.997334 0.044586 2.396912 -0.741105 0.072768 -0.667434 -167.597092
-0.668856 0.004783 0.743376 433.566337 0.059628 0.997102 0.047236 2.471810 -0.740996 0.075920 -0.667203 -169.402184
-0.667961 0.003318 0.744189 435.549072 0.064136 0.996526 0.053123 2.549279 -0.741428 0.083214 -0.665853 -171.205269
-0.666466 0.002245 0.745532 437.536824 0.068076 0.996001 0.057857 2.650572 -0.742420 0.089313 -0.663954 -173.005444
-0.664699 0.000453 0.747111 439.532503 0.063876 0.996373 0.056227 2.755615 -0.744375 0.085097 -0.662317 -174.792273
-0.664022 0.000733 0.747713 441.527278 0.056680 0.997172 0.049358 2.843910 -0.745561 0.075155 -0.662185 -176.565858
-0.662334 -0.001685 0.749207 443.538008 0.051146 0.997563 0.047459 2.921911 -0.747461 0.069752 -0.660634 -178.348875
-0.659932 -0.002489 0.751321 445.550143 0.049419 0.997685 0.046713 3.006852 -0.749698 0.067957 -0.658281 -180.127376
-0.657139 -0.002385 0.753766 447.563783 0.051181 0.997546 0.047776 3.098726 -0.752030 0.069974 -0.655404 -181.901762
-0.654234 -0.002031 0.756289 449.577824 0.052113 0.997498 0.047760 3.192574 -0.754494 0.070659 -0.652492 -183.664008
-0.651813 -0.000749 0.758380 451.595478 0.050353 0.997750 0.044263 3.278015 -0.756706 0.067038 -0.650308 -185.416822
-0.650286 -0.005695 0.759668 453.630791 0.043404 0.998060 0.044636 3.358861 -0.758448 0.061999 -0.648777 -187.163816
-0.649382 -0.012500 0.760360 455.670420 0.034516 0.998350 0.045890 3.436998 -0.759679 0.056045 -0.647879 -188.902180
-0.648777 -0.015411 0.760822 457.710248 0.027664 0.998656 0.043819 3.516788 -0.760475 0.049476 -0.647479 -190.635226
-0.648224 -0.016484 0.761272 459.746465 0.025354 0.998744 0.043215 3.593514 -0.761028 0.047314 -0.646992 -192.368974
-0.647114 -0.016511 0.762215 461.781277 0.027166 0.998631 0.044695 3.669483 -0.761910 0.049629 -0.645779 -194.106435
-0.645773 -0.017503 0.763329 463.819200 0.029160 0.998443 0.047563 3.750848 -0.762972 0.052973 -0.644257 -195.843394
-0.644422 -0.019387 0.764424 465.859029 0.027908 0.998416 0.048848 3.835891 -0.764161 0.052812 -0.642860 -197.572126
-0.643478 -0.020022 0.765203 467.900364 0.025511 0.998542 0.047580 3.921999 -0.765039 0.050137 -0.642029 -199.293431
-0.642578 -0.018924 0.765987 469.944708 0.024706 0.998663 0.045398 4.004216 -0.765822 0.048096 -0.641251 -201.015439
-0.641513 -0.017550 0.766912 471.984638 0.025115 0.998722 0.043863 4.079549 -0.766701 0.047400 -0.640252 -202.731929
-0.640352 -0.017039 0.767892 474.033598 0.027277 0.998619 0.044905 4.154116 -0.767597 0.049701 -0.639003 -204.455040
-0.639103 -0.017028 0.768933 476.082960 0.028976 0.998512 0.046195 4.230210 -0.768575 0.051803 -0.637658 -206.173937
-0.638205 -0.017577 0.769666 478.132924 0.029117 0.998473 0.046946 4.309712 -0.769316 0.052371 -0.636718 -207.886513
-0.637262 -0.017573 0.770447 480.184394 0.028938 0.998489 0.046710 4.389454 -0.770104 0.052062 -0.635791 -209.593570
-0.636466 -0.018718 0.771077 482.241582 0.028565 0.998448 0.047815 4.471449 -0.770775 0.052459 -0.634943 -211.301128
-0.635728 -0.019917 0.771656 484.297065 0.028043 0.998411 0.048873 4.555624 -0.771404 0.052709 -0.634159 -213.003569
-0.635203 -0.019121 0.772108 486.356662 0.027615 0.998492 0.047446 4.640076 -0.771851 0.051460 -0.633717 -214.706612
-0.634783 -0.017860 0.772485 488.414252 0.027693 0.998565 0.045843 4.720801 -0.772195 0.050493 -0.633377 -216.406745
-0.634225 -0.018267 0.772933 490.470137 0.028109 0.998515 0.046663 4.799764 -0.772638 0.051322 -0.632769 -218.106175
-0.633766 -0.019642 0.773275 492.533447 0.027666 0.998462 0.048037 4.880930 -0.773030 0.051837 -0.632248 -219.807110
-0.633646 -0.020853 0.773342 494.594148 0.026290 0.998479 0.048465 4.960767 -0.773177 0.051041 -0.632134 -221.504534
-0.633795 -0.021277 0.773208 496.655852 0.025666 0.998493 0.048514 5.038016 -0.773075 0.050593 -0.632293 -223.200251
-0.633983 -0.020927 0.773064 498.716252 0.025863 0.998501 0.048240 5.116707 -0.772915 0.050577 -0.632491 -224.897273
-0.634195 -0.020496 0.772902 500.770732 0.026333 0.998496 0.048086 5.193552 -0.772725 0.050849 -0.632701 -226.591084
-0.634412 -0.022001 0.772682 502.838357 0.026082 0.998417 0.049843 5.267707 -0.772555 0.051773 -0.632834 -228.297236
-0.634663 -0.023733 0.772424 504.899259 0.024896 0.998382 0.051132 5.349108 -0.772388 0.051681 -0.633045 -229.996064
-0.634928 -0.024082 0.772196 506.958556 0.024630 0.998375 0.051387 5.432770 -0.772179 0.051646 -0.633303 -231.695593
-0.634992 -0.024113 0.772142 509.018054 0.023972 0.998416 0.050893 5.519275 -0.772146 0.050826 -0.633409 -233.394220
-0.635079 -0.023720 0.772083 511.071631 0.023970 0.998442 0.050391 5.605249 -0.772075 0.050509 -0.633521 -235.090238
-0.634871 -0.022892 0.772279 513.134440 0.025007 0.998428 0.050154 5.689304 -0.772213 0.051154 -0.633301 -236.795386
-0.634614 -0.023069 0.772485 515.192935 0.024908 0.998425 0.050279 5.773309 -0.772428 0.051149 -0.633039 -238.495016
-0.634630 -0.023177 0.772469 517.251931 0.024830 0.998423 0.050356 5.857608 -0.772417 0.051138 -0.633053 -240.194244
-0.634517 -0.022927 0.772569 519.310827 0.024433 0.998465 0.049698 5.942483 -0.772523 0.050411 -0.632983 -241.891867
-0.634447 -0.024043 0.772592 521.369924 0.023560 0.998450 0.050418 6.026971 -0.772607 0.050190 -0.632898 -243.589389
-0.634228 -0.024356 0.772763 523.432934 0.024027 0.998400 0.051187 6.115358 -0.772773 0.051031 -0.632628 -245.291025
-0.633993 -0.025759 0.772909 525.493135 0.023904 0.998315 0.052879 6.206642 -0.772969 0.052001 -0.632309 -246.988547
-0.633774 -0.024906 0.773117 527.552232 0.024330 0.998345 0.052107 6.299720 -0.773135 0.051835 -0.632119 -248.684062
-0.633576 -0.024083 0.773306 529.612433 0.025508 0.998322 0.051990 6.392878 -0.773260 0.052665 -0.631898 -250.380982
-0.633281 -0.024302 0.773540 531.668620 0.025982 0.998276 0.052634 6.486799 -0.773486 0.053430 -0.631558 -252.072784
-0.633046 -0.025231 0.773703 533.736748 0.025432 0.998251 0.053363 6.582378 -0.773696 0.053458 -0.631297 -253.771510
-0.633169 -0.025086 0.773607 535.798956 0.024690 0.998311 0.052581 6.677372 -0.773619 0.052393 -0.631481 -255.465018
-0.633354 -0.024992 0.773459 537.862268 0.024644 0.998320 0.052437 6.771372 -0.773470 0.052272 -0.631673 -257.159629
-0.633420 -0.026222 0.773364 539.926683 0.024291 0.998259 0.053743 6.865967 -0.773427 0.052828 -0.631681 -258.855846
-0.633576 -0.027976 0.773175 541.992203 0.023918 0.998160 0.055716 6.964906 -0.773311 0.053793 -0.631741 -260.553166
-0.633870 -0.029307 0.772884 544.059227 0.022800 0.998139 0.056548 7.066817 -0.773104 0.053465 -0.632023 -262.250386
-0.634150 -0.027558 0.772718 546.120532 0.022603 0.998277 0.054151 7.168745 -0.772879 0.051806 -0.632435 -263.944696
-0.634396 -0.025570 0.772586 548.184948 0.022119 0.998443 0.051208 7.265256 -0.772692 0.049575 -0.632842 -265.643521
-0.634456 -0.025245 0.772547 550.242642 0.022369 0.998448 0.050997 7.357150 -0.772635 0.049637 -0.632907 -267.338032
-0.634359 -0.027229 0.772559 552.310168 0.022868 0.998281 0.053962 7.450904 -0.772700 0.051898 -0.632646 -269.041472
-0.634377 -0.028258 0.772507 554.376291 0.023585 0.998159 0.055880 7.551427 -0.772664 0.053668 -0.632543 -270.744813
-0.634386 -0.027260 0.772536 556.436994 0.024454 0.998170 0.055302 7.654529 -0.772629 0.053974 -0.632559 -272.444039
-0.634443 -0.026439 0.772518 558.499805 0.024660 0.998214 0.054416 7.757167 -0.772576 0.053574 -0.632657 -274.144368
-0.634431 -0.025821 0.772548 560.560810 0.025238 0.998217 0.054089 7.857401 -0.772567 0.053813 -0.632648 -275.844196
-0.634330 -0.025488 0.772642 562.629140 0.026401 0.998159 0.054602 7.957556 -0.772611 0.055034 -0.632489 -277.550446
-0.634183 -0.025864 0.772750 564.693256 0.027258 0.998071 0.055776 8.058037 -0.772702 0.056436 -0.632255 -279.252983
-0.633963 -0.027113 0.772888 566.761385 0.026515 0.998036 0.056760 8.161795 -0.772908 0.056477 -0.631999 -280.955820
-0.633890 -0.027268 0.772942 568.825702 0.026729 0.998009 0.057128 8.267916 -0.772961 0.056873 -0.631899 -282.655146
-0.633586 -0.026592 0.773215 570.887008 0.027707 0.997988 0.057027 8.373989 -0.773176 0.057555 -0.631574 -284.353468
-0.633211 -0.027775 0.773480 572.958851 0.028175 0.997866 0.058898 8.483450 -0.773466 0.059088 -0.631078 -286.058112
-0.632804 -0.028644 0.773782 575.028185 0.026913 0.997898 0.058950 8.593947 -0.773844 0.058129 -0.630703 -287.757337
-0.632582 -0.030440 0.773895 577.096314 0.025060 0.997900 0.059735 8.705148 -0.774088 0.057181 -0.630490 -289.452548
-0.632273 -0.029394 0.774188 579.165648 0.025230 0.997969 0.058495 8.816896 -0.774335 0.056518 -0.630247 -291.149365
-0.631720 -0.027930 0.774693 581.225952 0.026536 0.997986 0.057618 8.924907 -0.774742 0.056956 -0.629707 -292.840261
-0.630918 -0.026856 0.775385 583.293078 0.028001 0.997961 0.057349 9.031620 -0.775344 0.057894 -0.628880 -294.535874
-0.630243 -0.027075 0.775925 585.357295 0.028432 0.997916 0.057915 9.137328 -0.775877 0.058562 -0.628161 -296.225466
-0.629679 -0.028679 0.776326 587.431346 0.028197 0.997816 0.059733 9.245509 -0.776343 0.059502 -0.627495 -297.918369
-0.629113 -0.027334 0.776833 589.519143 0.028646 0.997887 0.058311 9.353208 -0.776786 0.058938 -0.627000 -299.622309
-0.628436 -0.027626 0.777371 591.555967 0.027925 0.997924 0.058039 9.456599 -0.777360 0.058182 -0.626360 -301.278788
-0.627951 -0.028104 0.777745 593.624900 0.027300 0.997937 0.058103 9.561344 -0.777774 0.057718 -0.625888 -302.959750
-0.627286 -0.028484 0.778268 595.692729 0.026916 0.997941 0.058219 9.666809 -0.778324 0.057468 -0.625227 -304.636197
-0.626752 -0.029296 0.778668 597.765175 0.026269 0.997931 0.058689 9.775807 -0.778776 0.057239 -0.624685 -306.312744
-0.626329 -0.030209 0.778973 599.837921 0.025046 0.997953 0.058839 9.883665 -0.779157 0.056363 -0.624290 -307.987184
-0.625929 -0.030963 0.779265 601.909262 0.023471 0.998011 0.058507 9.992222 -0.779527 0.054911 -0.623957 -309.657108
-0.626087 -0.030383 0.779161 603.983815 0.022468 0.998123 0.056976 10.098610 -0.779430 0.053178 -0.624229 -311.330945
-0.626265 -0.031135 0.778988 606.058769 0.022811 0.998043 0.058230 10.206840 -0.779277 0.054237 -0.624329 -313.007592
-0.626399 -0.031930 0.778849 608.133522 0.023491 0.997934 0.059805 10.317170 -0.779149 0.055758 -0.624354 -314.685142
-0.626512 -0.033128 0.778707 610.203761 0.022449 0.997915 0.060516 10.430160 -0.779088 0.055395 -0.624462 -316.356772
-0.626698 -0.032647 0.778578 612.281625 0.021518 0.998016 0.059169 10.542050 -0.778965 0.053835 -0.624752 -318.035726
-0.626787 -0.030570 0.778591 614.355275 0.022021 0.998136 0.056918 10.651030 -0.778880 0.052821 -0.624945 -319.713677
-0.626606 -0.029154 0.778791 616.423206 0.022650 0.998197 0.055592 10.756460 -0.779007 0.052473 -0.624815 -321.387413
-0.626502 -0.028756 0.778889 618.500067 0.023099 0.998195 0.055432 10.858510 -0.779077 0.052720 -0.624707 -323.067270
-0.626529 -0.030152 0.778815 620.571509 0.022949 0.998104 0.057104 10.960620 -0.779060 0.053651 -0.624649 -324.741006
-0.626490 -0.030689 0.778825 622.647769 0.023684 0.998014 0.058377 11.067650 -0.779069 0.055019 -0.624519 -326.417552
-0.626361 -0.030725 0.778927 624.726536 0.024069 0.997984 0.058721 11.177050 -0.779161 0.055528 -0.624359 -328.095201
-0.626150 -0.030476 0.779107 626.801993 0.023732 0.998028 0.058113 11.286850 -0.779342 0.054877 -0.624192 -329.769238
-0.625910 -0.030140 0.779313 628.879858 0.023631 0.998061 0.057579 11.396410 -0.779537 0.054456 -0.623984 -331.444378
-0.625620 -0.030382 0.779536 630.954813 0.023904 0.998026 0.058081 11.504860 -0.779762 0.054971 -0.623659 -333.117211
-0.625231 -0.030313 0.779851 633.036792 0.023804 0.998040 0.057879 11.612290 -0.780077 0.054752 -0.623284 -334.794258
-0.624964 -0.031212 0.780029 635.113854 0.023253 0.998013 0.058564 11.722320 -0.780307 0.054738 -0.622997 -336.465083
-0.624610 -0.031735 0.780292 637.194629 0.022672 0.998016 0.058738 11.831930 -0.780608 0.054379 -0.622651 -338.139721
-0.624259 -0.030236 0.780632 639.264367 0.022957 0.998109 0.057018 11.940900 -0.780880 0.053515 -0.622384 -339.804928
-0.623783 -0.030437 0.781005 641.342233 0.022878 0.998102 0.057170 12.048050 -0.781263 0.053529 -0.621903 -341.474549
-0.623424 -0.031019 0.781269 643.420800 0.023212 0.998038 0.058147 12.155640 -0.781540 0.054385 -0.621480 -343.145374
