1.000000 0.000000 0.000000 0.000000 0.000000 1.000000 0.000000 0.000000 0.000000 0.000000 1.000000 -0.000000
0.999997 -0.002220 -0.001304 0.005561 0.002224 0.999994 0.002660 -0.030477 0.001298 -0.002662 0.999996 1.534174
0.999992 -0.003007 -0.002826 0.005683 0.003017 0.999989 0.003536 -0.060130 0.002815 -0.003544 0.999990 3.062787
0.999989 -0.002129 -0.004206 0.003278 0.002142 0.999993 0.003140 -0.088382 0.004199 -0.003149 0.999986 4.581840
0.999983 -0.001525 -0.005644 -0.006672 0.001543 0.999994 0.003188 -0.110715 0.005639 -0.003197 0.999979 6.100083
0.999975 -0.001626 -0.006926 -0.018495 0.001651 0.999992 0.003642 -0.131435 0.006920 -0.003653 0.999969 7.641191
0.999962 -0.001740 -0.008516 -0.031824 0.001772 0.999991 0.003820 -0.152958 0.008510 -0.003835 0.999956 9.130055
0.999941 -0.003536 -0.010287 -0.044963 0.003567 0.999989 0.002972 -0.174369 0.010277 -0.003009 0.999943 10.635378
0.999921 -0.004713 -0.011639 -0.062151 0.004751 0.999983 0.003263 -0.189033 0.011623 -0.003318 0.999927 12.135350
0.999905 -0.004750 -0.012910 -0.082231 0.004794 0.999983 0.003373 -0.205787 0.012894 -0.003435 0.999911 13.633567
0.999892 -0.004229 -0.014077 -0.108148 0.004272 0.999986 0.003009 -0.224905 0.014064 -0.003069 0.999896 15.127198
0.999891 -0.002623 -0.014555 -0.138819 0.002677 0.999990 0.003644 -0.249241 0.014545 -0.003683 0.999887 16.616695
0.999887 -0.001053 -0.015000 -0.173346 0.001119 0.999990 0.004364 -0.272318 0.014995 -0.004380 0.999878 18.104146
0.999879 -0.000025 -0.015573 -0.206550 0.000105 0.999987 0.005179 -0.295776 0.015573 -0.005180 0.999865 19.582776
0.999872 -0.000024 -0.016009 -0.239500 0.000110 0.999985 0.005384 -0.313279 0.016009 -0.005385 0.999857 21.061045
0.999864 0.000441 -0.016510 -0.268788 -0.000351 0.999985 0.005485 -0.328015 0.016512 -0.005479 0.999849 22.527976
0.999862 0.001119 -0.016547 -0.298814 -0.001019 0.999981 0.006060 -0.341478 0.016554 -0.006042 0.999845 23.990000
0.999861 0.002050 -0.016516 -0.329810 -0.001931 0.999972 0.007207 -0.356600 0.016530 -0.007174 0.999838 25.447217
0.999862 0.002377 -0.016454 -0.359622 -0.002273 0.999977 0.006380 -0.370178 0.016469 -0.006342 0.999844 26.893137
0.999862 0.002769 -0.016383 -0.389487 -0.002708 0.999989 0.003731 -0.390378 0.016393 -0.003686 0.999859 28.331089
0.999870 0.001170 -0.016089 -0.417105 -0.001111 0.999993 0.003664 -0.412746 0.016094 -0.003646 0.999864 29.761446
0.999875 0.000210 -0.015821 -0.444313 -0.000109 0.999979 0.006420 -0.435060 0.015822 -0.006418 0.999854 31.187719
0.999876 -0.001461 -0.015651 -0.469458 0.001587 0.999967 0.008021 -0.453966 0.015639 -0.008044 0.999845 32.603847
0.999878 -0.002448 -0.015404 -0.495395 0.002560 0.999970 0.007241 -0.467809 0.015386 -0.007279 0.999855 34.003109
0.999885 -0.002351 -0.014992 -0.524802 0.002435 0.999982 0.005540 -0.484516 0.014979 -0.005575 0.999872 35.391915
0.999896 -0.001558 -0.014356 -0.556759 0.001621 0.999989 0.004392 -0.502710 0.014349 -0.004415 0.999887 36.764305
0.999909 -0.000867 -0.013455 -0.585150 0.000919 0.999992 0.003871 -0.523700 0.013451 -0.003883 0.999902 38.125176
0.999924 -0.000314 -0.012311 -0.613090 0.000371 0.999989 0.004555 -0.544680 0.012310 -0.004559 0.999914 39.463913
0.999943 0.000334 -0.010705 -0.637326 -0.000261 0.999977 0.006834 -0.565087 0.010707 -0.006831 0.999919 40.792234
0.999959 -0.000271 -0.009046 -0.658212 0.000343 0.999968 0.007991 -0.583770 0.009043 -0.007993 0.999927 42.099844
0.999977 0.000068 -0.006760 -0.675485 -0.000010 0.999964 0.008478 -0.601223 0.006760 -0.008478 0.999941 43.386564
0.999994 0.000055 -0.003365 -0.688885 -0.000027 0.999965 0.008351 -0.617819 0.003366 -0.008350 0.999959 44.654200
1.000000 -0.000785 0.000322 -0.695956 0.000783 0.999981 0.006190 -0.635024 -0.000327 -0.006189 0.999981 45.899660
0.999992 -0.001100 0.003803 -0.698333 0.001083 0.999989 0.004560 -0.652671 -0.003808 -0.004555 0.999982 47.137203
0.999969 -0.000677 0.007862 -0.702590 0.000637 0.999987 0.005149 -0.664545 -0.007865 -0.005144 0.999956 48.361612
0.999913 -0.000262 0.013158 -0.699906 0.000194 0.999987 0.005192 -0.678188 -0.013159 -0.005189 0.999900 49.575395
0.999804 0.001185 0.019745 -0.692720 -0.001267 0.999991 0.004133 -0.689998 -0.019740 -0.004157 0.999796 50.777589
0.999627 0.002727 0.027181 -0.678281 -0.002833 0.999988 0.003862 -0.702069 -0.027171 -0.003938 0.999623 51.967360
0.999359 0.003729 0.035594 -0.649589 -0.003917 0.999979 0.005225 -0.712611 -0.035573 -0.005361 0.999353 53.148894
0.998933 0.005956 0.045799 -0.611548 -0.006221 0.999965 0.005655 -0.723103 -0.045764 -0.005934 0.998935 54.317012
0.998239 0.008248 0.058742 -0.561980 -0.008602 0.999946 0.005770 -0.729777 -0.058691 -0.006265 0.998256 55.469056
0.997244 0.010306 0.073467 -0.495102 -0.010796 0.999922 0.006287 -0.739077 -0.073396 -0.007062 0.997278 56.603991
0.995886 0.012646 0.089727 -0.412525 -0.013361 0.999884 0.007371 -0.746905 -0.089624 -0.008540 0.995939 57.726655
0.994135 0.012878 0.107377 -0.305425 -0.013903 0.999865 0.008804 -0.755216 -0.107249 -0.010245 0.994179 58.839526
0.991900 0.012547 0.126397 -0.177878 -0.013694 0.999873 0.008206 -0.763742 -0.126277 -0.009871 0.991946 59.934677
0.989131 0.011676 0.146575 -0.030400 -0.012821 0.999894 0.006865 -0.770958 -0.146479 -0.008670 0.989176 61.014085
0.985858 0.009109 0.167337 0.141879 -0.010291 0.999928 0.006197 -0.780199 -0.167268 -0.007832 0.985880 62.078743
0.981966 0.003794 0.189023 0.344071 -0.005471 0.999950 0.008355 -0.790571 -0.188981 -0.009238 0.981937 63.126814
0.977305 -0.001709 0.211832 0.570766 -0.000475 0.999947 0.010258 -0.799153 -0.211839 -0.010126 0.977252 64.158089
0.971869 -0.006881 0.235421 0.825384 0.004699 0.999941 0.009828 -0.802662 -0.235475 -0.008445 0.971844 65.169827
0.965465 -0.013312 0.260191 1.102313 0.011666 0.999901 0.007868 -0.805628 -0.260270 -0.004561 0.965525 66.158989
0.958072 -0.017285 0.286006 1.405321 0.015629 0.999845 0.008074 -0.804874 -0.286102 -0.003265 0.958194 67.131334
0.949561 -0.020055 0.312942 1.725274 0.017625 0.999788 0.010593 -0.809922 -0.313088 -0.004544 0.949713 68.086922
0.939960 -0.024307 0.340418 2.077891 0.020827 0.999687 0.013873 -0.811622 -0.340649 -0.005950 0.940172 69.025442
0.929172 -0.028002 0.368586 2.453445 0.024719 0.999602 0.013628 -0.813126 -0.368821 -0.003552 0.929494 69.939419
0.917215 -0.027345 0.397452 2.846272 0.025449 0.999626 0.010046 -0.813915 -0.397578 0.000900 0.917568 70.828361
0.904160 -0.028612 0.426236 3.264686 0.029448 0.999556 0.004629 -0.816667 -0.426179 0.008367 0.904600 71.695660
0.890073 -0.030669 0.454784 3.709727 0.033537 0.999436 0.001762 -0.821755 -0.454582 0.013683 0.890600 72.545922
0.874523 -0.031996 0.483927 4.179907 0.033865 0.999414 0.004879 -0.826572 -0.483799 0.012122 0.875095 73.380851
0.856968 -0.031224 0.514423 4.672203 0.029915 0.999494 0.010832 -0.832648 -0.514501 0.006107 0.857468 74.202776
0.837521 -0.031354 0.545505 5.189478 0.027166 0.999507 0.015740 -0.837906 -0.545729 0.001637 0.837960 74.994539
0.816496 -0.025946 0.576768 5.726801 0.024162 0.999650 0.010765 -0.839716 -0.576845 0.005146 0.816837 75.758077
0.794646 -0.019168 0.606771 6.288674 0.021430 0.999764 0.003516 -0.840273 -0.606695 0.010209 0.794869 76.495125
0.772239 -0.016424 0.635119 6.876234 0.020558 0.999788 0.000857 -0.843650 -0.634999 0.012395 0.772414 77.203475
0.749050 -0.019302 0.662232 7.495123 0.021961 0.999750 0.004299 -0.850715 -0.662149 0.011324 0.749286 77.891075
0.724733 -0.019538 0.688753 8.130361 0.021167 0.999757 0.006088 -0.862081 -0.688705 0.010166 0.724970 78.550229
0.699460 -0.018264 0.714439 8.780518 0.022699 0.999737 0.003334 -0.870241 -0.714311 0.013886 0.699690 79.174184
0.673340 -0.015817 0.739164 9.452952 0.022909 0.999737 0.000524 -0.876219 -0.738978 0.016581 0.673526 79.776726
0.646403 -0.013424 0.762878 10.143707 0.020857 0.999782 -0.000080 -0.884468 -0.762711 0.015963 0.646542 80.353862
0.618620 -0.012396 0.785592 10.860214 0.021200 0.999775 -0.000919 -0.896309 -0.785404 0.017223 0.618744 80.908481
0.590101 -0.006313 0.807305 11.593287 0.020239 0.999771 -0.006975 -0.910395 -0.807076 0.020455 0.590093 81.437635
0.560245 0.002835 0.828322 12.340007 0.018923 0.999689 -0.016221 -0.944079 -0.828111 0.024762 0.560017 81.953132
0.529597 0.011272 0.848174 13.110597 0.018357 0.999525 -0.024745 -0.989975 -0.848051 0.028674 0.529139 82.457853
0.498018 0.016318 0.867013 13.903433 0.016122 0.999476 -0.028072 -1.044292 -0.867017 0.027958 0.497494 82.941592
0.465662 0.015828 0.884821 14.720702 0.013814 0.999588 -0.025151 -1.091171 -0.884855 0.023934 0.465251 83.385326
0.432752 0.014185 0.901401 15.557627 0.009386 0.999751 -0.020239 -1.141769 -0.901464 0.017219 0.432511 83.810397
0.398568 0.015069 0.917015 16.407436 0.005370 0.999810 -0.018763 -1.182920 -0.917123 0.012403 0.398411 84.191248
0.363439 0.018019 0.931444 17.277343 -0.001325 0.999822 -0.018825 -1.223975 -0.931617 0.005608 0.363398 84.552814
0.327688 0.020195 0.944570 18.162842 -0.006744 0.999796 -0.019036 -1.258474 -0.944762 -0.000133 0.327758 84.876421
0.291584 0.019346 0.956350 19.068019 -0.009648 0.999804 -0.017283 -1.292921 -0.956496 -0.004188 0.291714 85.162270
0.255416 0.018987 0.966645 19.988006 -0.010462 0.999803 -0.016874 -1.333845 -0.966775 -0.005803 0.255564 85.412288
0.219592 0.018168 0.975422 20.924027 -0.009855 0.999817 -0.016404 -1.389328 -0.975542 -0.006010 0.219731 85.629635
0.184261 0.017268 0.982726 21.870282 -0.007939 0.999839 -0.016080 -1.441902 -0.982845 -0.004839 0.184369 85.806686
0.149706 0.015483 0.988609 22.827094 -0.000462 0.999878 -0.015590 -1.487418 -0.988730 0.001877 0.149695 85.945256
0.116109 0.018703 0.993060 23.784658 0.003197 0.999811 -0.019204 -1.536455 -0.993231 0.005405 0.116028 86.049329
0.083471 0.024498 0.996209 24.747169 0.003601 0.999684 -0.024886 -1.578857 -0.996504 0.005664 0.083356 86.130615
0.054115 0.028112 0.998139 25.713332 0.010296 0.999535 -0.028710 -1.637414 -0.998482 0.011831 0.053800 86.176070
0.028448 0.027693 0.999212 26.687081 0.013164 0.999519 -0.028076 -1.686769 -0.999509 0.013952 0.028070 86.195587
0.005896 0.023764 0.999700 27.671456 0.014080 0.999617 -0.023845 -1.740061 -0.999883 0.014217 0.005560 86.200303
-0.013229 0.020554 0.999701 28.657667 0.014366 0.999689 -0.020364 -1.785582 -0.999809 0.014092 -0.013520 86.184089
-0.029742 0.023439 0.999283 29.639504 0.016292 0.999604 -0.022962 -1.850372 -0.999425 0.015598 -0.030112 86.151961
-0.044512 0.029173 0.998583 30.624280 0.018972 0.999418 -0.028352 -1.910044 -0.998829 0.017683 -0.045039 86.101370
-0.056447 0.033137 0.997856 31.613180 0.023354 0.999219 -0.031861 -1.968582 -0.998132 0.021505 -0.057177 86.037655
-0.065587 0.036968 0.997162 32.605964 0.029362 0.998952 -0.035104 -2.034292 -0.997415 0.026976 -0.066604 85.961036
-0.071332 0.042013 0.996568 33.599028 0.032943 0.998667 -0.039743 -2.096511 -0.996908 0.029995 -0.072621 85.878518
-0.074980 0.047367 0.996059 34.592906 0.034848 0.998386 -0.044854 -2.165170 -0.996576 0.031348 -0.076509 85.796591
-0.077721 0.051002 0.995670 35.594479 0.037102 0.998147 -0.048233 -2.230292 -0.996285 0.033193 -0.079469 85.709737
-0.080411 0.054556 0.995268 36.598049 0.037553 0.997958 -0.051669 -2.302430 -0.996054 0.033221 -0.082295 85.622974
-0.082770 0.057129 0.994930 37.603596 0.038438 0.997796 -0.054095 -2.372412 -0.995827 0.033765 -0.084784 85.533381
-0.084668 0.061262 0.994524 38.610166 0.039504 0.997530 -0.058084 -2.446547 -0.995626 0.034370 -0.086879 85.440467
-0.086685 0.062956 0.994245 39.622145 0.042221 0.997337 -0.059470 -2.531911 -0.995341 0.036823 -0.089113 85.336295
-0.088706 0.062058 0.994123 40.642572 0.042522 0.997383 -0.058468 -2.620466 -0.995150 0.037086 -0.091112 85.232184
-0.091197 0.060786 0.993976 41.664263 0.041369 0.997505 -0.057206 -2.703793 -0.994973 0.035902 -0.093485 85.128593
-0.093180 0.062368 0.993694 42.686125 0.041892 0.997398 -0.058672 -2.782434 -0.994768 0.036160 -0.095551 85.021522
-0.095653 0.064259 0.993339 43.711269 0.040687 0.997333 -0.060599 -2.862846 -0.994583 0.034619 -0.098013 84.914149
-0.098267 0.066807 0.992915 44.743165 0.039327 0.997225 -0.063205 -2.947049 -0.994383 0.032838 -0.100622 84.800103
-0.100822 0.070173 0.992427 45.778964 0.037149 0.997079 -0.066728 -3.034107 -0.994211 0.030140 -0.103134 84.683138
-0.103037 0.074545 0.991880 46.816921 0.033830 0.996873 -0.071406 -3.121719 -0.994102 0.026198 -0.105237 84.566845
-0.105562 0.077140 0.991416 47.860707 0.031586 0.996744 -0.074191 -3.212409 -0.993911 0.023483 -0.107654 84.445916
-0.108252 0.075684 0.991238 48.908316 0.029801 0.996897 -0.072861 -3.300682 -0.993677 0.021653 -0.110171 84.323753
-0.111340 0.071231 0.991226 49.966923 0.026420 0.997287 -0.068699 -3.399467 -0.993431 0.018539 -0.112920 84.197125
-0.113916 0.069596 0.991050 51.024135 0.026272 0.997405 -0.067022 -3.491219 -0.993143 0.018402 -0.115449 84.065249
-0.115825 0.069850 0.990811 52.083514 0.025982 0.997396 -0.067277 -3.581332 -0.992930 0.017951 -0.117338 83.930363
-0.117150 0.072634 0.990455 53.142853 0.027376 0.997179 -0.069889 -3.668473 -0.992737 0.018928 -0.118808 83.792698
-0.117772 0.075417 0.990173 54.204892 0.027904 0.996969 -0.072616 -3.758476 -0.992649 0.019078 -0.119519 83.653618
-0.118204 0.076597 0.990031 55.276753 0.027081 0.996898 -0.073895 -3.853303 -0.992620 0.018076 -0.119912 83.514206
-0.118078 0.074829 0.990181 56.353060 0.023743 0.997084 -0.072520 -3.946919 -0.992720 0.014947 -0.119510 83.379311
-0.118312 0.074503 0.990178 57.431022 0.019998 0.997158 -0.072639 -4.043440 -0.992775 0.011207 -0.119465 83.245318
-0.118414 0.075365 0.990100 58.510449 0.016294 0.997129 -0.073951 -4.137484 -0.992830 0.007375 -0.119302 83.113552
-0.118791 0.075704 0.990029 59.596158 0.012258 0.997125 -0.074776 -4.235523 -0.992843 0.003253 -0.119378 82.979539
-0.119283 0.074812 0.990038 60.689733 0.008650 0.997198 -0.074311 -4.332877 -0.992823 -0.000300 -0.119595 82.845215
-0.119676 0.069891 0.990350 61.798810 0.008555 0.997555 -0.069366 -4.427686 -0.992776 0.000171 -0.119981 82.700346
-0.119974 0.061478 0.990872 62.905099 0.011562 0.998100 -0.060526 -4.507440 -0.992710 0.004195 -0.120457 82.556148
-0.119989 0.054828 0.991260 64.018491 0.016247 0.998448 -0.053259 -4.575110 -0.992642 0.009714 -0.120694 82.405850
-0.119190 0.057536 0.991203 65.123595 0.025025 0.998177 -0.054931 -4.637324 -0.992556 0.018258 -0.120413 82.250485
-0.117948 0.063490 0.990988 66.231108 0.031175 0.997699 -0.060210 -4.698824 -0.992530 0.023793 -0.119656 82.096706
-0.117073 0.069162 0.990712 67.343476 0.034552 0.997252 -0.065535 -4.769758 -0.992522 0.026559 -0.119141 81.949026
-0.116345 0.072950 0.990526 68.460330 0.035648 0.996963 -0.069236 -4.848159 -0.992569 0.027255 -0.118592 81.804618
-0.116371 0.071988 0.990594 69.588673 0.032858 0.997103 -0.068601 -4.927907 -0.992662 0.024565 -0.118399 81.665117
-0.116135 0.066914 0.990977 70.724582 0.030721 0.997493 -0.063754 -5.011017 -0.992758 0.023039 -0.117899 81.525014
-0.115947 0.063944 0.991195 71.864605 0.029161 0.997714 -0.060953 -5.086994 -0.992827 0.021837 -0.117547 81.386084
-0.115828 0.064760 0.991156 73.000403 0.027804 0.997693 -0.061938 -5.162949 -0.992880 0.020384 -0.117361 81.248028
-0.115625 0.069213 0.990879 74.140245 0.028040 0.997399 -0.066396 -5.241054 -0.992897 0.020107 -0.117265 81.106299
-0.114933 0.073149 0.990676 75.282575 0.028375 0.997120 -0.070333 -5.323826 -0.992968 0.020027 -0.116677 80.964028
-0.114561 0.072155 0.990792 76.436726 0.028432 0.997188 -0.069333 -5.409080 -0.993009 0.020228 -0.116290 80.821457
-0.114032 0.064119 0.991406 77.602365 0.029572 0.997692 -0.061124 -5.493650 -0.993037 0.022347 -0.115665 80.676296
-0.114225 0.063258 0.991439 78.763660 0.029375 0.997749 -0.060277 -5.575395 -0.993020 0.022239 -0.115826 80.533655
-0.114117 0.066380 0.991247 79.924603 0.027212 0.997600 -0.063673 -5.653289 -0.993094 0.019707 -0.115650 80.394906
-0.113867 0.069565 0.991058 81.089129 0.026692 0.997400 -0.066944 -5.733271 -0.993137 0.018831 -0.115427 80.253950
-0.113774 0.069064 0.991103 82.267351 0.025831 0.997449 -0.066541 -5.820181 -0.993171 0.018031 -0.115268 80.112372
-0.113327 0.065787 0.991377 83.431746 0.025024 0.997678 -0.063344 -5.906836 -0.993243 0.017629 -0.114711 79.972860
-0.112330 0.064501 0.991575 84.598148 0.025874 0.997742 -0.061971 -5.991644 -0.993334 0.018694 -0.113746 79.831142
-0.110870 0.064727 0.991725 85.771894 0.027331 0.997698 -0.062061 -6.073437 -0.993459 0.020224 -0.112384 79.688711
-0.109685 0.065189 0.991827 86.950297 0.030070 0.997608 -0.062244 -6.143337 -0.993511 0.022997 -0.111382 79.543771
-0.108518 0.064742 0.991984 88.141734 0.029759 0.997641 -0.061856 -6.220092 -0.993649 0.022808 -0.110189 79.402103
-0.107126 0.065551 0.992082 89.332970 0.031053 0.997558 -0.062559 -6.292724 -0.993760 0.024106 -0.108900 79.260435
-0.106084 0.063038 0.992357 90.545990 0.031279 0.997706 -0.060034 -6.375416 -0.993865 0.024672 -0.107813 79.118214
-0.105070 0.062443 0.992503 91.763605 0.029950 0.997773 -0.059604 -6.458889 -0.994014 0.023463 -0.106706 78.979757
-0.103760 0.062006 0.992668 92.981381 0.030985 0.997772 -0.059087 -6.542150 -0.994120 0.024627 -0.105451 78.840597
-0.102178 0.062563 0.992797 94.206573 0.029411 0.997774 -0.059850 -6.627664 -0.994331 0.023084 -0.103790 78.704588
-0.100606 0.065531 0.992766 95.432406 0.029786 0.997580 -0.062830 -6.713115 -0.994480 0.023249 -0.102314 78.568940
-0.099454 0.065308 0.992897 96.665514 0.028011 0.997632 -0.062814 -6.798660 -0.994648 0.021565 -0.101048 78.437426
-0.099033 0.062642 0.993111 97.901010 0.023880 0.997879 -0.060561 -6.882331 -0.994798 0.017718 -0.100318 78.323141
-0.098867 0.063762 0.993056 99.137931 0.021453 0.997850 -0.061934 -6.966266 -0.994869 0.015181 -0.100022 78.204922
-0.099152 0.063872 0.993020 100.382969 0.018872 0.997879 -0.062300 -7.052411 -0.994893 0.012563 -0.100148 78.086493
-0.100230 0.060812 0.993104 101.632904 0.016005 0.998100 -0.059503 -7.138670 -0.994835 0.009931 -0.101013 77.964170
-0.101508 0.059334 0.993064 102.886151 0.013835 0.998207 -0.058228 -7.224808 -0.994738 0.007829 -0.102147 77.841586
-0.102841 0.058714 0.992963 104.137691 0.012161 0.998256 -0.057767 -7.308559 -0.994623 0.006135 -0.103375 77.713866
-0.104556 0.058606 0.992791 105.391138 0.011856 0.998265 -0.057681 -7.394646 -0.994448 0.005740 -0.105070 77.582412
-0.106828 0.057288 0.992626 106.644384 0.012154 0.998339 -0.056309 -7.478364 -0.994203 0.006049 -0.107346 77.445119
-0.109878 0.052358 0.992565 107.898634 0.008644 0.998624 -0.051721 -7.561306 -0.993907 0.002897 -0.110180 77.309351
-0.113971 0.051943 0.992125 109.144054 0.008263 0.998647 -0.051335 -7.641329 -0.993450 0.002347 -0.114246 77.165947
-0.119594 0.056737 0.991201 110.375827 0.002541 0.998380 -0.056841 -7.722951 -0.992820 -0.004279 -0.119544 77.024891
-0.126757 0.062106 0.989988 111.616731 0.003717 0.998061 -0.062136 -7.807969 -0.991927 -0.004197 -0.126742 76.868453
-0.135763 0.059236 0.988969 112.844090 0.006028 0.998242 -0.058964 -7.896792 -0.990723 -0.002044 -0.135882 76.697024
-0.146822 0.053839 0.987697 114.077168 0.005285 0.998546 -0.053644 -7.983049 -0.989149 -0.002656 -0.146893 76.512460
-0.159460 0.055699 0.985632 115.302018 0.007842 0.998447 -0.055155 -8.061834 -0.987173 -0.001066 -0.159649 76.307699
-0.173750 0.056344 0.983177 116.524360 0.009454 0.998411 -0.055547 -8.141038 -0.984744 -0.000357 -0.174007 76.078695
-0.188426 0.054056 0.980599 117.739878 0.009524 0.998538 -0.053215 -8.223598 -0.982041 -0.000688 -0.188665 75.838402
-0.203657 0.055900 0.977445 118.944359 0.014587 0.998431 -0.054061 -8.306282 -0.978934 0.003248 -0.204153 75.572814
-0.219063 0.059324 0.973906 120.135094 0.014608 0.998237 -0.057520 -8.388866 -0.975601 0.001627 -0.219543 75.298015
-0.234389 0.063900 0.970040 121.314691 0.014935 0.997956 -0.062130 -8.474808 -0.972028 -0.000075 -0.234865 75.005587
-0.250667 0.062085 0.966080 122.494790 0.011368 0.998061 -0.061191 -8.561332 -0.968006 -0.004356 -0.250887 74.700565
-0.267027 0.055510 0.962089 123.682113 0.005399 0.998410 -0.056107 -8.644916 -0.963674 -0.009788 -0.266902 74.379208
-0.283006 0.051133 0.957754 124.860505 0.001088 0.998594 -0.052992 -8.723087 -0.959117 -0.013955 -0.282664 74.036670
-0.298454 0.052377 0.952986 126.023546 -0.000665 0.998481 -0.055085 -8.799145 -0.954424 -0.017074 -0.297966 73.676973
-0.313123 0.054502 0.948148 127.176754 -0.000834 0.998336 -0.057662 -8.874807 -0.949712 -0.018846 -0.312556 73.296496
-0.327108 0.056237 0.943312 128.317519 0.000519 0.998238 -0.059332 -8.954510 -0.944987 -0.018918 -0.326561 72.899021
-0.341346 0.056617 0.938231 129.453469 0.002514 0.998236 -0.059323 -9.035824 -0.939935 -0.017891 -0.340886 72.481649
-0.355554 0.054357 0.933074 130.580688 0.002025 0.998350 -0.057387 -9.118396 -0.934654 -0.018514 -0.355077 72.050871
-0.370103 0.052980 0.927479 131.699780 0.001738 0.998410 -0.056339 -9.199095 -0.928989 -0.019239 -0.369607 71.604461
-0.385038 0.053793 0.921332 132.804524 0.000140 0.998303 -0.058228 -9.279118 -0.922901 -0.022291 -0.384393 71.145708
-0.399841 0.056651 0.914832 133.895822 0.001255 0.998121 -0.061261 -9.359054 -0.916584 -0.023347 -0.399160 70.668092
-0.414764 0.057825 0.908090 134.986116 0.001958 0.998033 -0.062658 -9.441782 -0.909927 -0.024211 -0.414061 70.169224
-0.429146 0.060630 0.901198 136.065273 0.004537 0.997877 -0.064974 -9.527433 -0.903224 -0.023795 -0.428510 69.650769
-0.444075 0.063692 0.893723 137.140818 0.004605 0.997619 -0.068808 -9.614880 -0.895978 -0.026440 -0.443311 69.114655
-0.459186 0.066477 0.885849 138.210242 0.005241 0.997381 -0.072130 -9.704590 -0.888325 -0.028478 -0.458332 68.560930
-0.474546 0.063775 0.877917 139.281472 0.004079 0.997520 -0.070259 -9.795509 -0.880221 -0.029760 -0.473630 67.984138
-0.490700 0.059587 0.869289 140.347785 0.000970 0.997696 -0.067842 -9.888913 -0.871328 -0.032446 -0.489627 67.390750
-0.506806 0.059106 0.860032 141.405871 0.000320 0.997660 -0.068375 -9.978781 -0.862060 -0.034378 -0.505638 66.773159
-0.522795 0.058621 0.850441 142.449708 -0.000963 0.997591 -0.069357 -10.067440 -0.852458 -0.037079 -0.521479 66.136123
-0.538655 0.057485 0.840563 143.489532 -0.001762 0.997591 -0.069354 -10.159710 -0.842525 -0.038839 -0.537256 65.475958
-0.554397 0.056660 0.830321 144.520827 -0.003290 0.997523 -0.070266 -10.254400 -0.832245 -0.041687 -0.552838 64.794541
-0.569902 0.056337 0.819779 145.537673 -0.003768 0.997457 -0.071166 -10.349280 -0.821704 -0.043646 -0.568241 64.092846
-0.585207 0.053806 0.809097 146.550706 -0.004333 0.997574 -0.069474 -10.443660 -0.810872 -0.044162 -0.583554 63.366547
-0.600352 0.049848 0.798181 147.551096 -0.004692 0.997819 -0.065844 -10.536850 -0.799722 -0.043275 -0.598808 62.618635
-0.615177 0.047988 0.786927 148.538744 -0.003861 0.997950 -0.063876 -10.627050 -0.788380 -0.042333 -0.613731 61.850444
-0.630049 0.046778 0.775145 149.518564 -0.004430 0.997951 -0.063825 -10.716970 -0.776543 -0.043647 -0.628551 61.059927
-0.644853 0.047658 0.762819 150.479320 -0.005932 0.997712 -0.067348 -10.808670 -0.764284 -0.047955 -0.643095 60.253657
-0.660155 0.048073 0.749589 151.430946 -0.007959 0.997446 -0.070978 -10.900700 -0.751087 -0.052823 -0.658087 59.427911
-0.675977 0.043892 0.735614 152.373239 -0.010267 0.997567 -0.068956 -10.995320 -0.736851 -0.054165 -0.673882 58.576288
-0.692018 0.036665 0.720949 153.301184 -0.013873 0.997849 -0.064064 -11.089920 -0.721747 -0.054335 -0.690021 57.699870
-0.708786 0.033546 0.704625 154.210265 -0.015545 0.997883 -0.063145 -11.182050 -0.705252 -0.055710 -0.706764 56.800786
-0.726168 0.031741 0.686784 155.098777 -0.017017 0.997798 -0.064108 -11.269820 -0.687307 -0.058240 -0.724029 55.878322
-0.743603 0.027262 0.668065 155.965214 -0.020667 0.997754 -0.063720 -11.360180 -0.668302 -0.061190 -0.741370 54.932981
-0.760325 0.025347 0.649048 156.829443 -0.020951 0.997761 -0.063508 -11.448510 -0.649204 -0.061885 -0.758092 53.955060
-0.776394 0.026962 0.629671 157.671999 -0.019010 0.997628 -0.066157 -11.535010 -0.629961 -0.063334 -0.774040 52.954180
-0.791632 0.027827 0.610364 158.484353 -0.015402 0.997736 -0.065464 -11.624130 -0.610804 -0.061224 -0.789411 51.929109
-0.806194 0.028025 0.590988 159.295402 -0.011783 0.997919 -0.063394 -11.721950 -0.591534 -0.058072 -0.804186 50.899061
-0.820556 0.029349 0.570812 160.077654 -0.010204 0.997769 -0.065971 -11.820150 -0.571475 -0.059957 -0.818426 49.856520
-0.834373 0.030733 0.550343 160.824686 -0.009667 0.997475 -0.070359 -11.918730 -0.551115 -0.064026 -0.831969 48.800153
-0.847360 0.031389 0.530090 161.550547 -0.007512 0.997443 -0.071072 -12.021260 -0.530966 -0.064206 -0.844957 47.722553
-0.859153 0.029473 0.510869 162.235970 -0.005867 0.997707 -0.067428 -12.122000 -0.511685 -0.060928 -0.857010 46.623762
-0.869659 0.030336 0.492721 162.900925 -0.004479 0.997584 -0.069325 -12.230050 -0.493633 -0.062496 -0.867422 45.507762
-0.879122 0.034442 0.475351 163.527048 -0.000430 0.997328 -0.073058 -12.331410 -0.476597 -0.064432 -0.876757 44.379652
-0.888098 0.032516 0.458503 164.144842 -0.001746 0.997249 -0.074105 -12.441190 -0.459651 -0.066613 -0.885598 43.242269
-0.896348 0.029452 0.442372 164.737953 -0.003887 0.997231 -0.074269 -12.552860 -0.443334 -0.068290 -0.893751 42.089565
-0.903684 0.027149 0.427339 165.310997 -0.004751 0.997291 -0.073404 -12.661620 -0.428175 -0.068365 -0.901106 40.927740
-0.910246 0.026007 0.413251 165.860861 -0.004902 0.997279 -0.073558 -12.771470 -0.414040 -0.068982 -0.907641 39.756644
-0.916402 0.023430 0.399572 166.394671 -0.006282 0.997320 -0.072890 -12.878760 -0.400209 -0.069307 -0.913799 38.578745
-0.922076 0.018532 0.386564 166.914233 -0.008921 0.997570 -0.069104 -12.984680 -0.386905 -0.067167 -0.919670 37.389396
-0.927204 0.014381 0.374281 167.419547 -0.010800 0.997821 -0.065093 -13.086840 -0.374402 -0.064397 -0.925028 36.188960
-0.931530 0.015067 0.363352 167.904291 -0.008350 0.997992 -0.062790 -13.185360 -0.363569 -0.061524 -0.929534 34.980738
-0.934786 0.018862 0.354709 168.367763 -0.004032 0.997961 -0.063692 -13.279580 -0.355188 -0.060968 -0.932805 33.772787
-0.937032 0.024576 0.348379 168.820398 0.001715 0.997833 -0.065778 -13.373870 -0.349240 -0.061039 -0.935043 32.560501
-0.938772 0.028874 0.343327 169.264705 0.005721 0.997651 -0.068261 -13.471820 -0.344492 -0.062118 -0.936732 31.349288
-0.940626 0.026494 0.338409 169.712926 0.003740 0.997698 -0.067714 -13.571560 -0.339424 -0.062428 -0.938560 30.130510
-0.942524 0.018988 0.333599 170.151614 -0.002383 0.997977 -0.063537 -13.671790 -0.334130 -0.060680 -0.940572 28.910749
-0.944360 0.012753 0.328667 170.547356 -0.007661 0.998124 -0.060742 -13.771380 -0.328825 -0.059881 -0.942491 27.676267
-0.946034 0.006645 0.324001 170.941092 -0.014577 0.997905 -0.063030 -13.867870 -0.323741 -0.064352 -0.943955 26.444926
-0.947314 0.004236 0.320280 171.329911 -0.017617 0.997710 -0.065303 -13.963520 -0.319823 -0.067505 -0.945069 25.216405
-0.948138 0.004641 0.317824 171.709098 -0.017924 0.997522 -0.068036 -14.064690 -0.317352 -0.070204 -0.945705 23.981703
-0.948455 0.004732 0.316877 172.096111 -0.018286 0.997405 -0.069628 -14.167400 -0.316384 -0.071834 -0.945908 22.750071
-0.948373 0.007782 0.317061 172.475498 -0.015552 0.997355 -0.070996 -14.272680 -0.316775 -0.072262 -0.945744 21.515741
-0.948019 0.009724 0.318064 172.848865 -0.014346 0.997211 -0.073246 -14.382570 -0.317889 -0.074001 -0.945236 20.290340
-0.947643 0.009823 0.319181 173.204572 -0.014917 0.997074 -0.074972 -14.490770 -0.318984 -0.075808 -0.944724 19.074973
-0.947094 0.011000 0.320766 173.582855 -0.013630 0.997132 -0.074441 -14.597530 -0.320665 -0.074874 -0.944229 17.859878
-0.946245 0.011578 0.323244 173.966457 -0.013201 0.997144 -0.074361 -14.707340 -0.323182 -0.074631 -0.943390 16.655789
-0.944974 0.010477 0.326979 174.373839 -0.014873 0.997078 -0.074930 -14.818890 -0.326809 -0.075670 -0.942056 15.453798
-0.943410 0.009139 0.331503 174.790753 -0.015808 0.997244 -0.072480 -14.929710 -0.331252 -0.073619 -0.940666 14.251436
-0.941376 0.006548 0.337296 175.220712 -0.017754 0.997465 -0.068914 -15.036290 -0.336892 -0.070862 -0.938873 13.048833
-0.938934 0.004899 0.344063 175.656089 -0.019270 0.997581 -0.066790 -15.138420 -0.343558 -0.069342 -0.936568 11.852290
-0.936185 0.006838 0.351442 176.089258 -0.017291 0.997704 -0.065474 -15.238690 -0.351083 -0.067373 -0.933917 10.660262
-0.932902 0.007633 0.360050 176.540690 -0.017487 0.997636 -0.066459 -15.339950 -0.359706 -0.068296 -0.930563 9.474559
-0.929204 0.009590 0.369441 176.999346 -0.016369 0.997614 -0.067066 -15.442960 -0.369203 -0.068365 -0.926831 8.298537
-0.924978 0.012437 0.379817 177.468738 -0.014333 0.997611 -0.067572 -15.544260 -0.379750 -0.067947 -0.922590 7.114768
-0.920088 0.014067 0.391459 177.959804 -0.013785 0.997573 -0.068249 -15.648950 -0.391469 -0.068191 -0.917661 5.937490
-0.914402 0.016566 0.404469 178.465519 -0.012838 0.997473 -0.069877 -15.749040 -0.404604 -0.069089 -0.911878 4.767938
-0.908293 0.018514 0.417924 178.987891 -0.011493 0.997539 -0.069168 -15.855960 -0.418176 -0.067628 -0.905845 3.600033
-0.902053 0.018084 0.431247 179.537154 -0.011989 0.997687 -0.066914 -15.959710 -0.431460 -0.065530 -0.899749 2.443549
-0.895435 0.020257 0.444732 180.107890 -0.010427 0.997736 -0.066440 -16.057490 -0.445071 -0.064130 -0.893196 1.290963
-0.888548 0.023043 0.458204 180.690466 -0.008184 0.997783 -0.066049 -16.154170 -0.458710 -0.062438 -0.886389 0.152642
-0.881182 0.024668 0.472133 181.290099 -0.006112 0.997960 -0.063549 -16.250680 -0.472738 -0.058884 -0.879234 -0.974889
-0.873453 0.026342 0.486196 181.904784 -0.003474 0.998173 -0.060323 -16.347190 -0.486897 -0.054378 -0.871765 -2.090242
-0.865266 0.029330 0.500454 182.530907 0.000047 0.998292 -0.058426 -16.441080 -0.501313 -0.050531 -0.863789 -3.186244
-0.856111 0.032559 0.515765 183.175092 0.003562 0.998361 -0.057113 -16.536840 -0.516779 -0.047058 -0.854824 -4.266645
-0.845780 0.035473 0.532351 183.828909 0.006694 0.998414 -0.055894 -16.628890 -0.533489 -0.043710 -0.844677 -5.330433
-0.834778 0.038539 0.549236 184.501891 0.010024 0.998446 -0.054823 -16.713090 -0.550495 -0.040260 -0.833867 -6.377845
-0.823501 0.040434 0.565871 185.188219 0.011854 0.998466 -0.054094 -16.788780 -0.567190 -0.037838 -0.822717 -7.409486
-0.811673 0.042548 0.582560 185.901638 0.013577 0.998448 -0.054007 -16.859890 -0.583954 -0.035927 -0.810991 -8.425265
-0.798940 0.044537 0.599759 186.635727 0.015392 0.998442 -0.053639 -16.937950 -0.601213 -0.033623 -0.798381 -9.422550
-0.785138 0.045632 0.617638 187.385870 0.017262 0.998507 -0.051827 -17.016850 -0.619081 -0.030030 -0.784753 -10.403732
-0.769859 0.046791 0.636496 188.161601 0.019550 0.998570 -0.049762 -17.093980 -0.637914 -0.025867 -0.769673 -11.360572
-0.753157 0.049649 0.655965 188.956395 0.021594 0.998476 -0.050779 -17.174840 -0.657486 -0.024080 -0.753081 -12.286437
-0.735786 0.052576 0.675170 189.759518 0.022800 0.998340 -0.052894 -17.258410 -0.676830 -0.023525 -0.735763 -13.179972
-0.717920 0.053351 0.694078 190.588529 0.022519 0.998317 -0.053444 -17.344010 -0.695761 -0.022738 -0.717913 -14.050409
-0.698804 0.053345 0.713322 191.437909 0.022431 0.998359 -0.052687 -17.429780 -0.714962 -0.020818 -0.698853 -14.894607
-0.678833 0.052708 0.732398 192.317390 0.020884 0.998403 -0.052494 -17.515500 -0.733995 -0.020339 -0.678850 -15.709786
-0.658347 0.052836 0.750858 193.213829 0.019149 0.998386 -0.053464 -17.605060 -0.752471 -0.020819 -0.658296 -16.492125
-0.637558 0.052406 0.768618 194.122610 0.016876 0.998394 -0.054074 -17.688080 -0.770218 -0.021504 -0.637418 -17.254856
-0.616196 0.052187 0.785862 195.046843 0.015872 0.998422 -0.053857 -17.761220 -0.787433 -0.020713 -0.616053 -17.991851
-0.593621 0.051900 0.803069 195.987331 0.016176 0.998486 -0.052572 -17.832890 -0.804582 -0.018218 -0.593562 -18.707332
-0.569442 0.052133 0.820377 196.923806 0.016031 0.998501 -0.052325 -17.903350 -0.821875 -0.016645 -0.569425 -19.394297
-0.544003 0.055210 0.837265 197.896704 0.018098 0.998373 -0.054075 -17.976200 -0.838888 -0.014264 -0.544117 -20.048391
-0.517133 0.056330 0.854050 198.888064 0.018602 0.998336 -0.054582 -18.049050 -0.855703 -0.012339 -0.517320 -20.675463
-0.489925 0.054882 0.870035 199.911031 0.017162 0.998430 -0.053317 -18.122150 -0.871595 -0.011190 -0.490098 -21.262097
-0.461840 0.052663 0.885399 200.952762 0.016145 0.998569 -0.050973 -18.193920 -0.886817 -0.009247 -0.462029 -21.816603
-0.432249 0.053324 0.900176 201.995095 0.016633 0.998552 -0.051165 -18.270350 -0.901601 -0.007143 -0.432510 -22.338699
-0.401181 0.055806 0.914297 203.059403 0.017256 0.998426 -0.053369 -18.339820 -0.915836 -0.005634 -0.401512 -22.826770
-0.369135 0.057481 0.927597 204.140066 0.018971 0.998344 -0.054316 -18.403640 -0.929182 -0.002452 -0.369614 -23.281708
-0.336937 0.058175 0.939728 205.224541 0.020996 0.998305 -0.054273 -18.473290 -0.941293 0.001444 -0.337587 -23.699159
-0.304117 0.057462 0.950900 206.337413 0.020995 0.998341 -0.053615 -18.547550 -0.952403 0.003659 -0.304819 -24.072291
-0.270402 0.056568 0.961084 207.461924 0.022780 0.998369 -0.052354 -18.624490 -0.962478 0.007737 -0.271249 -24.407523
-0.236194 0.054236 0.970191 208.611520 0.022539 0.998478 -0.050331 -18.703540 -0.971445 0.009979 -0.237057 -24.697743
-0.201124 0.052871 0.978138 209.764026 0.023513 0.998515 -0.049138 -18.784480 -0.979283 0.013116 -0.202069 -24.946633
-0.165778 0.052063 0.984788 210.898972 0.024454 0.998515 -0.048672 -18.864300 -0.985860 0.016014 -0.166805 -25.153019
-0.130022 0.051771 0.990159 212.054388 0.024938 0.998491 -0.048932 -18.941670 -0.991197 0.018330 -0.131117 -25.314483
-0.094169 0.051458 0.994225 213.211409 0.025701 0.998456 -0.049243 -19.020220 -0.995224 0.020915 -0.095346 -25.435319
-0.058737 0.051634 0.996937 214.357091 0.024612 0.998433 -0.050262 -19.100930 -0.997970 0.021585 -0.059916 -25.510540
-0.024079 0.051441 0.998386 215.528260 0.023957 0.998418 -0.050865 -19.174930 -0.999423 0.022693 -0.025274 -25.546800
0.009577 0.050254 0.998691 216.691903 0.022925 0.998463 -0.050462 -19.246750 -0.999691 0.023378 0.008410 -25.541227
0.042759 0.050339 0.997816 217.855245 0.021529 0.998452 -0.051294 -19.325430 -0.998853 0.023675 0.041609 -25.493442
0.075859 0.050334 0.995847 219.013269 0.022322 0.998389 -0.052163 -19.406550 -0.996869 0.026186 0.074613 -25.405139
0.108123 0.048255 0.992966 220.162764 0.023357 0.998422 -0.051064 -19.484330 -0.993863 0.028714 0.106825 -25.284778
0.139513 0.046597 0.989123 221.321891 0.024550 0.998422 -0.050498 -19.564590 -0.989916 0.031328 0.138149 -25.124541
0.169906 0.046542 0.984361 222.477005 0.025725 0.998334 -0.051643 -19.641630 -0.985124 0.034097 0.168426 -24.931493
0.199927 0.046326 0.978715 223.628507 0.027598 0.998219 -0.052886 -19.716310 -0.979422 0.037584 0.198292 -24.706839
0.229994 0.045348 0.972135 224.782918 0.029683 0.998122 -0.053583 -19.790600 -0.972739 0.041180 0.228216 -24.446122
0.260294 0.043641 0.964543 225.928299 0.032229 0.998029 -0.053853 -19.867160 -0.964991 0.045104 0.258375 -24.150015
0.290268 0.041985 0.956024 227.069465 0.034007 0.997953 -0.054152 -19.943660 -0.956341 0.048230 0.288246 -23.817374
0.319952 0.040929 0.946549 228.203206 0.037040 0.997762 -0.055663 -20.020610 -0.946709 0.052870 0.317720 -23.451952
0.348590 0.040316 0.936408 229.315675 0.037497 0.997675 -0.056913 -20.099040 -0.936525 0.054952 0.346268 -23.048030
0.376723 0.038306 0.925534 230.429449 0.038163 0.997654 -0.056824 -20.178340 -0.925539 0.056728 0.374377 -22.608948
0.404749 0.037270 0.913668 231.532084 0.038192 0.997608 -0.057612 -20.259310 -0.913630 0.058213 0.402358 -22.133253
0.433070 0.038090 0.900555 232.606323 0.039219 0.997364 -0.061044 -20.342930 -0.900506 0.061755 0.430435 -21.627736
0.461230 0.038771 0.886433 233.678656 0.040536 0.997081 -0.064702 -20.429410 -0.886354 0.065775 0.458312 -21.086991
0.488560 0.037715 0.871715 234.723797 0.041455 0.996934 -0.066366 -20.522530 -0.871545 0.068561 0.485499 -20.512902
0.515105 0.034537 0.856431 235.778168 0.042244 0.996951 -0.065612 -20.605180 -0.856086 0.069976 0.512075 -19.902520
0.540219 0.032369 0.840902 236.814880 0.041565 0.997014 -0.065081 -20.685990 -0.840498 0.070110 0.537260 -19.259016
0.563330 0.032110 0.825608 237.825503 0.039719 0.997037 -0.065878 -20.768050 -0.825276 0.069904 0.560386 -18.589293
0.584333 0.032160 0.810877 238.825290 0.038408 0.996999 -0.067219 -20.860080 -0.810605 0.070423 0.581344 -17.887913
0.603799 0.030828 0.796540 239.812333 0.037396 0.997056 -0.066935 -20.954390 -0.796259 0.070203 0.600869 -17.160445
0.622078 0.028215 0.782447 240.776900 0.036916 0.997182 -0.065308 -21.047410 -0.782084 0.069512 0.619283 -16.411072
0.639162 0.024901 0.768669 241.732838 0.037806 0.997250 -0.063742 -21.138440 -0.768142 0.069802 0.636463 -15.637256
0.655214 0.022521 0.755107 242.671116 0.038407 0.997270 -0.063071 -21.226940 -0.754466 0.070326 0.652560 -14.840925
0.670549 0.020116 0.741592 243.605279 0.040029 0.997195 -0.063243 -21.306010 -0.740784 0.072093 0.667863 -14.031609
0.685554 0.019658 0.727756 244.526399 0.039738 0.997135 -0.064368 -21.391830 -0.726936 0.073047 0.682809 -13.203158
0.700546 0.018205 0.713375 245.415912 0.040160 0.997084 -0.064883 -21.484180 -0.712477 0.074102 0.697772 -12.342749
0.715322 0.016063 0.698610 246.293082 0.039460 0.997212 -0.063332 -21.581940 -0.697680 0.072870 0.712694 -11.452369
0.729436 0.012716 0.683931 247.161322 0.039699 0.997355 -0.060883 -21.665080 -0.682896 0.071561 0.727002 -10.553891
0.743388 0.011079 0.668769 248.009695 0.039515 0.997389 -0.060448 -21.747370 -0.667693 0.071362 0.741009 -9.637390
0.756859 0.010011 0.653501 248.840208 0.041092 0.997176 -0.062867 -21.830170 -0.652285 0.074435 0.754310 -8.703378
0.769390 0.009692 0.638706 249.656773 0.041264 0.997042 -0.064836 -21.919230 -0.637445 0.076240 0.766714 -7.748840
0.780977 0.008669 0.624500 250.456581 0.040511 0.997095 -0.064503 -22.009350 -0.623245 0.075674 0.778357 -6.771833
0.791924 0.006269 0.610588 251.241940 0.040621 0.997191 -0.062923 -22.100530 -0.609267 0.074633 0.789445 -5.778373
0.802534 0.003050 0.596598 252.012750 0.042085 0.997206 -0.061711 -22.191830 -0.595120 0.074633 0.800164 -4.766462
0.812446 0.002352 0.583031 252.768208 0.042270 0.997123 -0.062925 -22.282560 -0.581502 0.075768 0.810009 -3.739495
0.821564 -0.000080 0.570116 253.514635 0.045345 0.996841 -0.065206 -22.373980 -0.568310 0.079423 0.818972 -2.695280
0.830093 -0.002521 0.557619 254.243101 0.046912 0.996761 -0.065328 -22.464940 -0.555648 0.080388 0.827522 -1.634805
0.837888 -0.006169 0.545808 254.963540 0.048949 0.996757 -0.063877 -22.557870 -0.543643 0.080239 0.835472 -0.558266
0.844817 -0.007197 0.535007 255.672841 0.049900 0.996611 -0.065388 -22.650940 -0.532724 0.081937 0.842313 0.536372
0.850442 -0.008997 0.525993 256.366088 0.050766 0.996591 -0.065034 -22.744190 -0.523614 0.082010 0.847999 1.634795
0.854434 -0.009782 0.519467 257.053615 0.050068 0.996720 -0.063583 -22.839060 -0.517141 0.080336 0.852121 2.752533
0.857385 -0.011357 0.514551 257.737329 0.050499 0.996789 -0.062144 -22.932220 -0.512193 0.079265 0.855205 3.876089
0.860017 -0.012117 0.510121 258.415625 0.050480 0.996834 -0.061425 -23.025620 -0.507762 0.078578 0.857906 5.006834
0.862497 -0.013520 0.505881 259.091814 0.051806 0.996750 -0.061688 -23.116310 -0.503403 0.079413 0.860394 6.144162
0.864683 -0.015579 0.502077 259.764591 0.052555 0.996839 -0.059579 -23.207380 -0.499562 0.077903 0.862768 7.288523
0.866799 -0.017762 0.498341 260.436265 0.054150 0.996808 -0.058659 -23.297920 -0.495708 0.077831 0.864995 8.440070
0.869076 -0.019138 0.494308 261.102420 0.055584 0.996701 -0.059138 -23.387510 -0.491545 0.078871 0.867273 9.594369
0.871217 -0.020145 0.490484 261.764561 0.056340 0.996659 -0.059137 -23.477850 -0.487654 0.079155 0.869441 10.755327
0.873338 -0.019818 0.486711 262.420982 0.055324 0.996742 -0.058687 -23.569590 -0.483963 0.078180 0.871589 11.923940
0.875451 -0.020437 0.482876 263.073892 0.055563 0.996737 -0.058549 -23.660980 -0.480103 0.078087 0.873729 13.095573
0.877353 -0.020266 0.479418 263.722287 0.055013 0.996768 -0.058540 -23.753160 -0.476682 0.077734 0.875632 14.271541
0.878694 -0.018983 0.477007 264.364058 0.053280 0.996866 -0.058476 -23.844850 -0.474402 0.076797 0.876952 15.448011
