1.000000 -0.000000 0.000000 -0.000000 -0.000000 1.000000 -0.000000 -0.000000 0.000000 -0.000000 1.000000 0.000000
0.999999 0.000712 0.001534 -0.011048 -0.000706 0.999990 -0.004327 -0.017122 -0.001537 0.004326 0.999989 0.964983
0.999997 -0.001384 0.002129 -0.017053 0.001395 0.999985 -0.005223 -0.033042 -0.002122 0.005226 0.999984 1.931430
0.999993 -0.002875 0.002197 -0.031173 0.002877 0.999995 -0.000911 -0.063419 -0.002194 0.000918 0.999997 2.897873
0.999989 -0.004378 0.001427 -0.044780 0.004370 0.999975 0.005546 -0.095036 -0.001451 -0.005540 0.999984 3.861396
0.999961 -0.008801 0.000049 -0.053555 0.008800 0.999950 0.004660 -0.122217 -0.000090 -0.004659 0.999989 4.822893
0.999933 -0.011541 -0.000993 -0.064806 0.011543 0.999932 0.001608 -0.144871 0.000974 -0.001620 0.999998 5.758470
0.999925 -0.012109 -0.001792 -0.075686 0.012106 0.999926 -0.001463 -0.153567 0.001810 0.001441 0.999997 6.699095
0.999931 -0.011483 -0.002596 -0.089670 0.011477 0.999932 -0.002116 -0.167881 0.002620 0.002086 0.999994 7.632018
0.999935 -0.010825 -0.003547 -0.101651 0.010825 0.999941 0.000192 -0.179166 0.003545 -0.000230 0.999994 8.564507
0.999933 -0.010746 -0.004253 -0.114523 0.010760 0.999937 0.003119 -0.186585 0.004219 -0.003165 0.999986 9.498052
0.999927 -0.010905 -0.005255 -0.127995 0.010928 0.999930 0.004428 -0.191630 0.005206 -0.004485 0.999976 10.424242
0.999905 -0.012463 -0.005868 -0.142683 0.012493 0.999909 0.005084 -0.199718 0.005804 -0.005157 0.999970 11.378074
0.999897 -0.012631 -0.006826 -0.155414 0.012665 0.999907 0.004973 -0.215560 0.006763 -0.005059 0.999964 12.265010
0.999889 -0.012872 -0.007501 -0.169895 0.012898 0.999911 0.003395 -0.235486 0.007456 -0.003491 0.999966 13.177903
0.999870 -0.013366 -0.009034 -0.185543 0.013377 0.999910 0.001178 -0.260252 0.009018 -0.001299 0.999958 14.089101
0.999837 -0.014687 -0.010520 -0.199971 0.014687 0.999892 -0.000103 -0.276057 0.010520 -0.000051 0.999945 14.996335
0.999823 -0.014327 -0.012186 -0.217696 0.014320 0.999897 -0.000662 -0.285111 0.012194 0.000487 0.999926 15.900147
0.999822 -0.013041 -0.013637 -0.237529 0.013021 0.999914 -0.001569 -0.293361 0.013656 0.001391 0.999906 16.800016
0.999815 -0.011596 -0.015361 -0.255731 0.011573 0.999932 -0.001634 -0.298244 0.015379 0.001456 0.999881 17.694798
0.999783 -0.012137 -0.016918 -0.274020 0.012127 0.999926 -0.000679 -0.304405 0.016925 0.000473 0.999857 18.589831
0.999767 -0.011484 -0.018256 -0.294757 0.011499 0.999934 0.000706 -0.313840 0.018247 -0.000916 0.999833 19.480198
0.999741 -0.011323 -0.019759 -0.315690 0.011346 0.999935 0.001039 -0.323688 0.019746 -0.001263 0.999804 20.363782
0.999691 -0.012468 -0.021493 -0.334719 0.012492 0.999921 0.000969 -0.322040 0.021479 -0.001237 0.999768 21.240874
0.999653 -0.012688 -0.023088 -0.352991 0.012699 0.999919 0.000332 -0.320509 0.023082 -0.000625 0.999733 22.112859
0.999630 -0.012614 -0.024112 -0.373837 0.012637 0.999920 0.000790 -0.317219 0.024100 -0.001094 0.999709 22.978753
0.999607 -0.012367 -0.025165 -0.394729 0.012440 0.999919 0.002747 -0.315927 0.025129 -0.003059 0.999680 23.838506
0.999569 -0.013638 -0.025988 -0.413529 0.013788 0.999889 0.005601 -0.314024 0.025909 -0.005957 0.999646 24.699122
0.999556 -0.013277 -0.026675 -0.429515 0.013467 0.999885 0.006954 -0.305738 0.026580 -0.007310 0.999620 25.528683
0.999541 -0.012825 -0.027437 -0.448952 0.012988 0.999899 0.005760 -0.298849 0.027360 -0.006114 0.999607 26.355515
0.999537 -0.011430 -0.028193 -0.470702 0.011519 0.999929 0.003006 -0.293049 0.028157 -0.003330 0.999598 27.172443
0.999521 -0.010923 -0.028970 -0.493327 0.010968 0.999939 0.001402 -0.293405 0.028953 -0.001719 0.999579 27.971751
0.999501 -0.010204 -0.029910 -0.516508 0.010237 0.999947 0.000939 -0.298277 0.029899 -0.001244 0.999552 28.767046
0.999455 -0.010424 -0.031319 -0.539593 0.010446 0.999945 0.000528 -0.303039 0.031312 -0.000855 0.999509 29.554855
0.999398 -0.010120 -0.033185 -0.562996 0.010122 0.999949 -0.000094 -0.302456 0.033184 -0.000242 0.999449 30.329420
0.999335 -0.010140 -0.035032 -0.585735 0.010129 0.999949 -0.000480 -0.289317 0.035035 0.000125 0.999386 31.098626
0.999257 -0.010454 -0.037090 -0.611999 0.010486 0.999945 0.000647 -0.284946 0.037082 -0.001035 0.999312 31.861270
0.999183 -0.010442 -0.039053 -0.639559 0.010578 0.999939 0.003289 -0.285958 0.039016 -0.003700 0.999232 32.607940
0.999117 -0.009676 -0.040895 -0.671820 0.009871 0.999941 0.004549 -0.291316 0.040848 -0.004948 0.999153 33.347898
0.999048 -0.008212 -0.042839 -0.709481 0.008426 0.999953 0.004802 -0.298099 0.042797 -0.005158 0.999070 34.077751
0.998987 -0.005570 -0.044651 -0.750191 0.005752 0.999976 0.003942 -0.301181 0.044628 -0.004195 0.998995 34.821521
0.998914 -0.004077 -0.046409 -0.788850 0.004226 0.999986 0.003116 -0.301299 0.046395 -0.003309 0.998918 35.513506
0.998845 -0.003602 -0.047920 -0.825354 0.003824 0.999982 0.004539 -0.293500 0.047903 -0.004717 0.998841 36.208420
0.998798 -0.002422 -0.048962 -0.860950 0.002725 0.999977 0.006122 -0.284560 0.048946 -0.006248 0.998782 36.898408
0.998804 0.000606 -0.048894 -0.901099 -0.000271 0.999976 0.006862 -0.282922 0.048897 -0.006841 0.998780 37.576536
0.998849 0.003748 -0.047824 -0.938939 -0.003524 0.999982 0.004787 -0.275350 0.047841 -0.004613 0.998844 38.240817
0.998925 0.005352 -0.046051 -0.969596 -0.005291 0.999985 0.001442 -0.264395 0.046058 -0.001197 0.998938 38.895344
0.999019 0.005713 -0.043904 -0.997517 -0.005743 0.999983 -0.000563 -0.259033 0.043900 0.000815 0.999035 39.534590
0.999141 0.006928 -0.040848 -1.026517 -0.006920 0.999976 0.000341 -0.254691 0.040849 -0.000058 0.999165 40.173606
0.999232 0.011976 -0.037299 -1.058231 -0.011853 0.999923 0.003534 -0.256142 0.037339 -0.003089 0.999298 40.825163
0.999305 0.016416 -0.033473 -1.086537 -0.016181 0.999842 0.007283 -0.255999 0.033588 -0.006736 0.999413 41.432501
0.999348 0.021316 -0.029154 -1.111191 -0.021088 0.999745 0.008120 -0.254244 0.029319 -0.007500 0.999542 42.033317
0.999404 0.025020 -0.023766 -1.131379 -0.024831 0.999658 0.008233 -0.250493 0.023964 -0.007638 0.999684 42.620105
0.999426 0.028709 -0.017958 -1.147197 -0.028529 0.999541 0.010233 -0.247276 0.018243 -0.009715 0.999786 43.190598
0.999368 0.033724 -0.011208 -1.160543 -0.033593 0.999367 0.011690 -0.246126 0.011595 -0.011306 0.999869 43.740602
0.999307 0.037010 -0.004073 -1.167742 -0.036963 0.999256 0.011040 -0.246331 0.004478 -0.010881 0.999931 44.269474
0.999174 0.040508 0.003261 -1.169366 -0.040543 0.999112 0.011425 -0.246031 -0.002795 -0.011548 0.999929 44.778780
0.998931 0.044947 0.010811 -1.169339 -0.045065 0.998924 0.010929 -0.240157 -0.010308 -0.011405 0.999882 45.263843
0.998611 0.049322 0.018532 -1.166169 -0.049476 0.998744 0.007947 -0.234850 -0.018117 -0.008853 0.999797 45.729421
0.998344 0.051056 0.026488 -1.157935 -0.051196 0.998678 0.004614 -0.236866 -0.026217 -0.005963 0.999638 46.170395
0.998078 0.051516 0.034451 -1.143683 -0.051717 0.998649 0.004975 -0.238030 -0.034148 -0.006747 0.999394 46.593499
0.997805 0.050997 0.042244 -1.123021 -0.051308 0.998663 0.006316 -0.239526 -0.041865 -0.008469 0.999087 46.991899
0.997338 0.052740 0.050347 -1.102001 -0.053167 0.998560 0.007166 -0.239175 -0.049897 -0.009824 0.998706 47.365053
0.996645 0.056185 0.059510 -1.081518 -0.056705 0.998366 0.007083 -0.238753 -0.059014 -0.010433 0.998202 47.729046
0.995832 0.060823 0.067967 -1.063203 -0.061411 0.998091 0.006597 -0.240415 -0.067436 -0.010743 0.997666 48.041184
0.994946 0.064398 0.077038 -1.039772 -0.065107 0.997856 0.006732 -0.244398 -0.076439 -0.011713 0.997005 48.340438
0.994217 0.063843 0.086349 -1.009803 -0.064694 0.997880 0.007085 -0.253271 -0.085713 -0.012630 0.996240 48.615611
0.993297 0.062792 0.097052 -0.976526 -0.063583 0.997964 0.005081 -0.260777 -0.096535 -0.011217 0.995266 48.882194
0.992138 0.061523 0.108984 -0.940265 -0.061929 0.998081 0.000340 -0.267589 -0.108754 -0.007087 0.994043 49.142105
0.990537 0.062487 0.122194 -0.900925 -0.062470 0.998039 -0.003972 -0.273442 -0.122203 -0.003699 0.992498 49.399778
0.988371 0.064317 0.137793 -0.859783 -0.064110 0.997925 -0.005941 -0.280568 -0.137889 -0.002961 0.990443 49.655334
0.985726 0.066287 0.154760 -0.811311 -0.065965 0.997796 -0.007221 -0.286092 -0.154898 -0.003091 0.987926 49.918847
0.983019 0.066692 0.170958 -0.760422 -0.066217 0.997769 -0.008483 -0.291571 -0.171143 -0.002981 0.985242 50.156101
0.979732 0.065954 0.189143 -0.699665 -0.065301 0.997819 -0.009688 -0.296762 -0.189369 -0.002859 0.981902 50.401362
0.975728 0.065032 0.209108 -0.631935 -0.064334 0.997877 -0.010147 -0.302291 -0.209324 -0.003552 0.977840 50.648951
0.971302 0.065513 0.228647 -0.564680 -0.064609 0.997845 -0.011445 -0.306784 -0.228904 -0.003656 0.973442 50.879673
0.965914 0.067609 0.249878 -0.490728 -0.066237 0.997707 -0.013905 -0.311706 -0.250245 -0.003120 0.968177 51.118513
0.959667 0.068923 0.272558 -0.409026 -0.067071 0.997618 -0.016119 -0.317908 -0.273020 -0.002812 0.962004 51.355506
0.952273 0.070184 0.297069 -0.318447 -0.068153 0.997526 -0.017201 -0.325504 -0.297542 -0.003866 0.954701 51.595028
0.943611 0.073089 0.322887 -0.222149 -0.071026 0.997309 -0.018184 -0.334080 -0.323347 -0.005775 0.946263 51.834941
0.933413 0.075496 0.350772 -0.115259 -0.073331 0.997117 -0.019473 -0.343954 -0.351231 -0.007546 0.936258 52.077212
0.922274 0.076136 0.378964 0.000117 -0.073738 0.997059 -0.020859 -0.354496 -0.379438 -0.008706 0.925176 52.307061
0.909590 0.074278 0.408813 0.131238 -0.071089 0.997204 -0.023014 -0.364272 -0.409380 -0.008129 0.912328 52.533961
0.894422 0.071696 0.441439 0.276808 -0.067125 0.997406 -0.025988 -0.373394 -0.442157 -0.006387 0.896915 52.759224
0.877144 0.071454 0.474881 0.429268 -0.064740 0.997436 -0.030501 -0.382435 -0.475843 -0.003990 0.879521 52.979832
0.857541 0.073415 0.509149 0.592632 -0.064094 0.997300 -0.035851 -0.391907 -0.510407 -0.001889 0.859931 53.199277
0.835427 0.075688 0.544365 0.772556 -0.063945 0.997131 -0.040504 -0.402597 -0.545869 -0.000971 0.837870 53.425142
0.810478 0.078880 0.580434 0.968346 -0.065183 0.996882 -0.044458 -0.414760 -0.582131 -0.001802 0.813093 53.654611
0.783165 0.083029 0.616246 1.176103 -0.068282 0.996535 -0.047490 -0.430253 -0.618054 -0.004886 0.786121 53.877336
0.753058 0.087486 0.652111 1.406299 -0.071883 0.996127 -0.050628 -0.446740 -0.654015 -0.008750 0.756431 54.110156
0.719893 0.088578 0.688410 1.663719 -0.071342 0.996013 -0.053553 -0.464713 -0.690409 -0.010560 0.723342 54.337557
0.683444 0.086317 0.724882 1.952513 -0.068133 0.996193 -0.054386 -0.477640 -0.726817 -0.012219 0.686723 54.553811
0.644440 0.085033 0.759912 2.277259 -0.065116 0.996290 -0.056263 -0.477769 -0.761877 -0.013225 0.647587 54.770787
0.601497 0.084785 0.794363 2.621374 -0.063091 0.996288 -0.058564 -0.483220 -0.796380 -0.014891 0.604614 54.976175
0.556172 0.084725 0.826737 2.983681 -0.059395 0.996298 -0.062145 -0.479276 -0.828942 -0.014541 0.559145 55.170785
0.508220 0.083686 0.857152 3.370489 -0.056743 0.996359 -0.063633 -0.486089 -0.859356 -0.016298 0.511118 55.357158
0.459557 0.081661 0.884386 3.778752 -0.054798 0.996474 -0.063536 -0.491392 -0.886456 -0.019264 0.462411 55.523564
0.409544 0.079795 0.908794 4.212435 -0.054806 0.996520 -0.062799 -0.516620 -0.910643 -0.024088 0.412492 55.672621
0.359734 0.079611 0.929652 4.656994 -0.057808 0.996341 -0.062953 -0.539618 -0.931262 -0.031095 0.363020 55.807570
0.310343 0.080452 0.947214 5.120866 -0.054979 0.996263 -0.066605 -0.564592 -0.949034 -0.031406 0.313606 55.910902
0.263613 0.076225 0.961612 5.604319 -0.044319 0.996777 -0.066863 -0.595773 -0.963610 -0.024992 0.266141 55.992019
0.220075 0.070936 0.972900 6.109010 -0.030599 0.997364 -0.065798 -0.626680 -0.975003 -0.015289 0.221665 56.046104
0.177042 0.069400 0.981753 6.634642 -0.021806 0.997542 -0.066583 -0.653241 -0.983962 -0.009620 0.178121 56.092895
0.139434 0.072253 0.987592 7.150392 -0.017754 0.997356 -0.070461 -0.682131 -0.990072 -0.007709 0.140348 56.128116
0.107482 0.072042 0.991593 7.684454 -0.008853 0.997401 -0.071504 -0.724289 -0.994168 -0.001093 0.107840 56.144404
0.078522 0.070274 0.994432 8.237274 -0.002182 0.997522 -0.070320 -0.773785 -0.996910 0.003352 0.078480 56.161685
0.053799 0.068074 0.996229 8.804558 0.004678 0.997645 -0.068424 -0.813751 -0.998541 0.008341 0.053354 56.167868
0.034252 0.068297 0.997077 9.383234 0.010117 0.997587 -0.068679 -0.857379 -0.999362 0.012439 0.033479 56.173610
0.018746 0.070079 0.997365 9.966794 0.013316 0.997435 -0.070334 -0.902062 -0.999736 0.014600 0.017765 56.172198
0.005284 0.069622 0.997559 10.573271 0.013919 0.997471 -0.069690 -0.947374 -0.999889 0.014254 0.004302 56.170214
-0.006190 0.070298 0.997507 11.175178 0.014315 0.997430 -0.070203 -0.996539 -0.999878 0.013844 -0.007181 56.169374
-0.014799 0.073715 0.997170 11.794746 0.019107 0.997117 -0.073428 -1.055254 -0.999708 0.017966 -0.016164 56.153363
-0.021223 0.075648 0.996909 12.424628 0.023704 0.996891 -0.075142 -1.117194 -0.999494 0.022036 -0.022950 56.119752
-0.025909 0.074750 0.996866 13.064304 0.023921 0.996961 -0.074135 -1.167977 -0.999378 0.021925 -0.027618 56.093165
-0.029699 0.072354 0.996937 13.719331 0.021536 0.997191 -0.071731 -1.217524 -0.999327 0.019339 -0.031174 56.073361
-0.032246 0.064821 0.997376 14.382065 0.019300 0.997749 -0.064221 -1.269538 -0.999294 0.017178 -0.033425 56.048500
-0.033580 0.058966 0.997695 15.064014 0.020692 0.998085 -0.058292 -1.317429 -0.999222 0.018687 -0.034736 56.011348
-0.034037 0.056852 0.997802 15.751110 0.023322 0.998154 -0.056076 -1.366117 -0.999148 0.021362 -0.035300 55.968727
-0.033724 0.059221 0.997675 16.442652 0.026478 0.997945 -0.058342 -1.417061 -0.999080 0.024448 -0.035223 55.930330
-0.033059 0.067305 0.997185 17.140354 0.027707 0.997408 -0.066402 -1.462354 -0.999069 0.025433 -0.034838 55.892646
-0.030873 0.075127 0.996696 17.844939 0.028323 0.996837 -0.074260 -1.502437 -0.999122 0.025937 -0.032903 55.861465
-0.028693 0.076589 0.996650 18.567345 0.029704 0.996685 -0.075737 -1.545746 -0.999147 0.027432 -0.030873 55.832270
-0.026661 0.071584 0.997078 19.306719 0.028593 0.997079 -0.070820 -1.593908 -0.999236 0.026621 -0.028630 55.804208
-0.024196 0.064035 0.997654 20.045912 0.028157 0.997594 -0.063349 -1.647724 -0.999311 0.026558 -0.025941 55.779368
-0.021550 0.063297 0.997762 20.782977 0.025856 0.997695 -0.062734 -1.696725 -0.999433 0.024446 -0.023137 55.758070
-0.018131 0.068984 0.997453 21.511133 0.033897 0.997086 -0.068343 -1.741686 -0.999261 0.032572 -0.020417 55.725805
-0.014656 0.074345 0.997125 22.242248 0.035940 0.996627 -0.073779 -1.787932 -0.999247 0.034756 -0.017278 55.698948
-0.012522 0.074735 0.997125 22.980929 0.029176 0.996806 -0.074344 -1.839076 -0.999496 0.028161 -0.014662 55.694197
-0.009303 0.072185 0.997348 23.712245 0.025582 0.997082 -0.071927 -1.895775 -0.999629 0.024845 -0.011122 55.690458
-0.004587 0.066579 0.997771 24.455913 0.029249 0.997363 -0.066417 -1.955801 -0.999562 0.028879 -0.006522 55.673304
-0.001252 0.069114 0.997608 25.196751 0.034204 0.997028 -0.069031 -2.008471 -0.999414 0.034036 -0.003612 55.652318
0.001860 0.073097 0.997323 25.922619 0.033656 0.996755 -0.073119 -2.059391 -0.999432 0.033702 -0.000607 55.650506
0.005331 0.074461 0.997210 26.658119 0.030178 0.996758 -0.074588 -2.113697 -0.999530 0.030491 0.003067 55.661357
0.009153 0.073181 0.997277 27.397482 0.029117 0.996876 -0.073418 -2.167614 -0.999534 0.029710 0.006994 55.678430
0.013076 0.070485 0.997427 28.139203 0.033513 0.996921 -0.070889 -2.226546 -0.999353 0.034354 0.010674 55.686512
0.017093 0.070226 0.997385 28.875215 0.038093 0.996760 -0.070834 -2.288673 -0.999128 0.039205 0.014363 55.699149
0.020718 0.071269 0.997242 29.612381 0.040906 0.996560 -0.072070 -2.343893 -0.998948 0.042286 0.017731 55.711245
0.023460 0.071558 0.997160 30.348854 0.041049 0.996525 -0.072478 -2.395401 -0.998882 0.042632 0.020441 55.725177
0.027005 0.070397 0.997153 31.090656 0.042708 0.996525 -0.071509 -2.445222 -0.998723 0.044517 0.023904 55.737614
0.030709 0.068675 0.997166 31.833882 0.044166 0.996569 -0.069994 -2.496112 -0.998552 0.046190 0.027571 55.750955
0.033566 0.069859 0.996992 32.575041 0.043089 0.996525 -0.071277 -2.537443 -0.998507 0.045352 0.030439 55.773817
0.036623 0.071253 0.996786 33.320013 0.040275 0.996539 -0.072715 -2.578228 -0.998517 0.042808 0.033627 55.802740
0.039502 0.071352 0.996669 34.066149 0.042130 0.996441 -0.073005 -2.620601 -0.998331 0.044874 0.036355 55.829105
0.042268 0.070920 0.996586 34.816088 0.039449 0.996581 -0.072593 -2.667716 -0.998327 0.042383 0.039326 55.862633
0.044293 0.071815 0.996434 35.562726 0.038371 0.996555 -0.073529 -2.711893 -0.998282 0.041491 0.041384 55.898902
0.047413 0.071333 0.996325 36.320622 0.034539 0.996733 -0.073006 -2.761384 -0.998278 0.037874 0.044794 55.938290
0.050771 0.073423 0.996008 37.076260 0.033334 0.996614 -0.075167 -2.812393 -0.998154 0.037018 0.048151 55.976917
0.053976 0.077693 0.995515 37.832631 0.032351 0.996309 -0.079509 -2.867554 -0.998018 0.036497 0.051263 56.016617
0.057350 0.079080 0.995217 38.596226 0.031982 0.996201 -0.081001 -2.922992 -0.997842 0.036475 0.054603 56.058715
0.060393 0.081817 0.994816 39.363142 0.026272 0.996159 -0.083523 -2.973413 -0.997829 0.031180 0.058012 56.111419
0.062978 0.080561 0.994758 40.137895 0.022298 0.996374 -0.082103 -3.024315 -0.997766 0.027352 0.060954 56.166853
0.066646 0.081059 0.994479 40.916631 0.024457 0.996262 -0.082843 -3.080932 -0.997477 0.029844 0.064414 56.215654
0.070694 0.082007 0.994121 41.696471 0.023875 0.996190 -0.083875 -3.135919 -0.997212 0.029665 0.068467 56.268780
0.074165 0.083020 0.993784 42.483145 0.019365 0.996221 -0.084669 -3.188774 -0.997058 0.025524 0.072277 56.332421
0.078311 0.081929 0.993557 43.276631 0.019009 0.996313 -0.083654 -3.244326 -0.996748 0.025438 0.076465 56.394669
0.083323 0.080262 0.993285 44.087014 0.018870 0.996445 -0.082100 -3.297181 -0.996344 0.025584 0.081512 56.461290
0.088146 0.084940 0.992479 44.865420 0.015447 0.996121 -0.086623 -3.352539 -0.995988 0.022966 0.086492 56.535739
0.094220 0.094227 0.991082 45.658785 0.013861 0.995290 -0.095945 -3.402580 -0.995455 0.022777 0.092470 56.615074
0.101700 0.098554 0.989921 46.464673 0.012040 0.994886 -0.100285 -3.461241 -0.994742 0.022118 0.099993 56.700500
0.108884 0.100947 0.988915 47.282121 0.008008 0.994709 -0.102420 -3.525277 -0.994022 0.019071 0.107500 56.798067
0.115801 0.098731 0.988353 48.076680 0.004086 0.994992 -0.099873 -3.592468 -0.993264 0.015604 0.114817 56.899718
0.123452 0.096844 0.987614 48.892201 0.003804 0.995173 -0.098061 -3.662244 -0.992343 0.015863 0.122488 57.005372
0.130656 0.093882 0.986973 49.708775 0.003681 0.995454 -0.095176 -3.727642 -0.991421 0.016068 0.129717 57.115452
0.138118 0.087772 0.986519 50.527687 0.001419 0.996047 -0.088818 -3.792894 -0.990415 0.013667 0.137448 57.235215
0.145247 0.081015 0.986073 51.341502 -0.000726 0.996650 -0.081777 -3.850124 -0.989395 0.011162 0.144819 57.362553
0.152906 0.077344 0.985209 52.165481 -0.001274 0.996947 -0.078067 -3.912550 -0.988240 0.010682 0.152537 57.492390
0.159974 0.080358 0.983845 52.952866 -0.001057 0.996694 -0.081236 -3.968025 -0.987121 0.011956 0.159530 57.620471
0.165698 0.086167 0.982405 53.743281 -0.000923 0.996189 -0.087221 -4.023164 -0.986176 0.013545 0.165147 57.756368
0.170859 0.090699 0.981112 54.527586 -0.001860 0.995782 -0.091731 -4.082523 -0.985294 0.013848 0.170307 57.895025
0.175563 0.093003 0.980065 55.291381 -0.003992 0.995587 -0.093760 -4.143701 -0.984460 0.012548 0.175159 58.034514
0.180952 0.092503 0.979132 56.060123 -0.005856 0.995650 -0.092982 -4.204409 -0.983475 0.011091 0.180706 58.176984
0.186351 0.089093 0.978435 56.837685 -0.002180 0.995915 -0.090270 -4.262120 -0.982481 0.014689 0.185784 58.318300
0.190819 0.083155 0.978097 57.583860 -0.001184 0.996424 -0.084482 -4.318314 -0.981625 0.014963 0.190235 58.460970
0.193802 0.075706 0.978115 58.333969 -0.003607 0.997066 -0.076458 -4.369152 -0.981034 0.011290 0.193506 58.612550
0.196901 0.073018 0.977700 59.075809 -0.006793 0.997300 -0.073114 -4.420802 -0.980400 0.007754 0.196865 58.766780
0.200084 0.073422 0.977024 59.801866 -0.008462 0.997280 -0.073212 -4.467621 -0.979742 0.006380 0.200161 58.916133
0.202193 0.075734 0.976413 60.517127 -0.010499 0.997116 -0.075166 -4.516372 -0.979290 0.004947 0.202405 59.066630
0.203463 0.079850 0.975821 61.220246 -0.014763 0.996806 -0.078489 -4.564529 -0.978971 0.001563 0.203992 59.222154
0.205434 0.084305 0.975033 61.913763 -0.016280 0.996439 -0.082726 -4.614787 -0.978536 0.001121 0.206075 59.373975
0.207446 0.089467 0.974147 62.593694 -0.016844 0.995988 -0.087886 -4.657586 -0.978101 0.001823 0.208121 59.523017
0.209041 0.091294 0.973636 63.269922 -0.016397 0.995820 -0.089854 -4.706379 -0.977769 0.002818 0.209664 59.671045
0.210171 0.090996 0.973421 63.938564 -0.018640 0.995851 -0.089068 -4.758759 -0.977487 0.000574 0.210995 59.820017
0.210826 0.088233 0.973533 64.600093 -0.018666 0.996100 -0.086236 -4.814707 -0.977345 0.000009 0.211651 59.963811
0.211287 0.085414 0.973685 65.253514 -0.018654 0.996345 -0.083354 -4.867829 -0.977246 -0.000552 0.212108 60.106290
0.211065 0.084432 0.973819 65.894623 -0.017923 0.996429 -0.082508 -4.913385 -0.977308 -0.000039 0.211825 60.239789
0.209521 0.083724 0.974213 66.525999 -0.017854 0.996489 -0.081798 -4.965400 -0.977641 -0.000255 0.210280 60.372676
0.207777 0.084410 0.974527 67.149198 -0.019130 0.996430 -0.082229 -5.018319 -0.977989 -0.001557 0.208649 60.503838
0.205368 0.087849 0.974734 67.774965 -0.020157 0.996132 -0.085530 -5.076711 -0.978477 -0.002083 0.206344 60.638180
0.203129 0.091322 0.974884 68.351365 -0.018428 0.995821 -0.089443 -5.130339 -0.978979 0.000204 0.203963 60.760721
0.201397 0.091740 0.975204 68.957957 -0.016085 0.995780 -0.090354 -5.182058 -0.979378 0.002511 0.202022 60.884708
0.199193 0.090780 0.975746 69.538271 -0.016840 0.995870 -0.089215 -5.231855 -0.979816 0.001340 0.199899 61.010311
0.196566 0.087993 0.976534 70.120049 -0.017120 0.996121 -0.086312 -5.285896 -0.980341 0.000248 0.197310 61.126902
0.194533 0.083561 0.977330 70.689044 -0.016858 0.996502 -0.081845 -5.342758 -0.980751 -0.000554 0.195262 61.241016
0.192695 0.082572 0.977778 71.241623 -0.013863 0.996583 -0.081428 -5.393054 -0.981161 0.002136 0.193181 61.348777
0.190984 0.084582 0.977942 71.788192 -0.009557 0.996394 -0.084312 -5.440828 -0.981547 0.006756 0.191104 61.452566
0.188627 0.086350 0.978245 72.331189 -0.005732 0.996206 -0.086830 -5.485365 -0.982032 0.010772 0.188407 61.555832
0.186967 0.088836 0.978341 72.869340 -0.006447 0.995992 -0.089206 -5.532216 -0.982345 0.010371 0.186790 61.660242
0.185698 0.091177 0.978367 73.406426 -0.006598 0.995779 -0.091547 -5.583135 -0.982585 0.010544 0.185515 61.764332
0.184537 0.089268 0.978763 73.951270 -0.004887 0.995938 -0.089913 -5.630170 -0.982813 0.011809 0.184224 61.867187
0.185397 0.087483 0.978762 74.494638 0.001401 0.996005 -0.089289 -5.676448 -0.982663 0.017925 0.184533 61.959998
0.187993 0.086472 0.978356 75.041408 0.006456 0.995986 -0.089271 -5.720800 -0.982149 0.023098 0.186680 62.052599
0.190002 0.085430 0.978060 75.590916 0.008831 0.996018 -0.088714 -5.768173 -0.981744 0.025493 0.188491 62.155926
0.193420 0.085069 0.977421 76.144288 0.005714 0.996119 -0.087827 -5.817062 -0.981099 0.022573 0.192184 62.269778
0.198954 0.085543 0.976268 76.693878 0.005154 0.996078 -0.088329 -5.862448 -0.979995 0.022605 0.197732 62.383170
0.205804 0.084671 0.974923 77.253902 0.006228 0.996116 -0.087826 -5.912287 -0.978573 0.024146 0.204478 62.503725
0.214080 0.083940 0.973203 77.831686 0.005761 0.996175 -0.087189 -5.961148 -0.976799 0.024272 0.212777 62.636773
0.222129 0.083231 0.971458 78.393838 0.005261 0.996233 -0.086557 -6.008758 -0.975003 0.024338 0.220854 62.766329
0.231005 0.082482 0.969450 78.959662 0.001416 0.996371 -0.085109 -6.059871 -0.972952 0.021033 0.230049 62.905709
0.240991 0.082493 0.967015 79.554103 -0.000151 0.996384 -0.084960 -6.107865 -0.970527 0.020329 0.240132 63.060089
0.250406 0.085728 0.964338 80.121863 -0.004511 0.996164 -0.087386 -6.150779 -0.968131 0.017531 0.249832 63.219858
0.260030 0.088671 0.961520 80.726448 -0.008289 0.995943 -0.089603 -6.192815 -0.965565 0.015330 0.259711 63.395290
0.270771 0.090630 0.958368 81.323437 -0.012523 0.995806 -0.090632 -6.239009 -0.962562 0.012539 0.270770 63.572890
0.281051 0.092557 0.955219 81.931805 -0.014400 0.995633 -0.092236 -6.285674 -0.959585 0.012168 0.281157 63.757794
0.290866 0.093264 0.952207 82.544988 -0.016952 0.995584 -0.092335 -6.324963 -0.956614 0.010715 0.291162 63.957860
0.301209 0.094234 0.948890 83.176424 -0.018475 0.995495 -0.092998 -6.371173 -0.953379 0.010481 0.301593 64.166164
0.311476 0.095000 0.945493 83.818265 -0.021826 0.995443 -0.092828 -6.414738 -0.950003 0.008278 0.312130 64.385635
0.322102 0.089733 0.942443 84.479772 -0.021587 0.995935 -0.087449 -6.458457 -0.946459 0.007823 0.322730 64.619446
0.332978 0.081818 0.939378 85.149397 -0.017967 0.996598 -0.080433 -6.498607 -0.942763 0.009905 0.333315 64.857802
0.344023 0.077579 0.935751 85.829065 -0.016564 0.996927 -0.076561 -6.545009 -0.938815 0.010839 0.344251 65.109454
0.354094 0.074590 0.932230 86.517082 -0.016506 0.997157 -0.073515 -6.585584 -0.935064 0.010644 0.354319 65.375996
0.363209 0.070477 0.929038 87.222478 -0.010063 0.997374 -0.071727 -6.605047 -0.931653 0.016703 0.362965 65.651568
0.372455 0.066719 0.925649 87.929057 -0.003811 0.997514 -0.070365 -6.624344 -0.928042 0.022680 0.371784 65.927442
0.379542 0.056992 0.923417 88.657742 0.005139 0.997955 -0.063704 -6.646336 -0.925160 0.028924 0.378474 66.218518
0.386860 0.052864 0.920622 89.379231 0.011536 0.998000 -0.062155 -6.684073 -0.922067 0.034665 0.385476 66.515092
0.394155 0.053122 0.917507 90.097179 0.012806 0.997914 -0.063279 -6.725361 -0.918955 0.036692 0.392652 66.826627
0.401800 0.059151 0.913815 90.809598 0.015517 0.997328 -0.071380 -6.763694 -0.915596 0.042860 0.399808 67.135332
0.409135 0.063720 0.910246 91.527676 0.019739 0.996707 -0.078645 -6.813377 -0.912260 0.050143 0.406530 67.458025
0.414427 0.065130 0.907749 92.233794 0.017054 0.996705 -0.079299 -6.870738 -0.909923 0.048344 0.411951 67.789798
0.418845 0.067324 0.905558 92.923335 0.009204 0.996882 -0.078371 -6.914272 -0.908011 0.041160 0.416919 68.135368
0.422745 0.070700 0.903486 93.605471 0.003058 0.996835 -0.079436 -6.975179 -0.906243 0.036344 0.421191 68.480316
0.427038 0.074055 0.901196 94.280181 0.002045 0.996559 -0.082860 -7.034880 -0.904231 0.037227 0.425417 68.814809
0.431186 0.078363 0.898853 94.954280 -0.001014 0.996263 -0.086369 -7.110019 -0.902262 0.036330 0.429654 69.155272
0.434556 0.081231 0.896974 95.598799 -0.004291 0.996100 -0.088129 -7.183014 -0.900635 0.034449 0.433210 69.484466
0.438558 0.079536 0.895177 96.253040 -0.005482 0.996294 -0.085835 -7.259679 -0.898686 0.032736 0.437369 69.819812
0.442854 0.075914 0.893374 96.911195 -0.004417 0.996582 -0.082495 -7.329268 -0.896583 0.032587 0.441676 70.151535
0.446200 0.073543 0.891906 97.536358 -0.004876 0.996803 -0.079753 -7.398532 -0.894920 0.031237 0.445132 70.475783
0.449813 0.072641 0.890164 98.177665 -0.006223 0.996918 -0.078208 -7.469536 -0.893101 0.029639 0.448878 70.810546
0.453134 0.074646 0.888311 98.769104 -0.007838 0.996783 -0.079762 -7.533159 -0.891408 0.029180 0.452262 71.125763
0.455917 0.074935 0.886862 99.369172 -0.006875 0.996716 -0.080683 -7.592121 -0.889996 0.030688 0.454935 71.440880
0.458036 0.073094 0.885923 99.965999 -0.004849 0.996804 -0.079736 -7.650212 -0.888920 0.032226 0.456927 71.752896
0.459786 0.072102 0.885098 100.552280 -0.002868 0.996814 -0.079713 -7.709739 -0.888025 0.034113 0.458527 72.061280
0.461582 0.071908 0.884178 101.128929 -0.004292 0.996879 -0.078833 -7.766662 -0.887087 0.032593 0.460450 72.371621
0.463594 0.071548 0.883154 101.696948 -0.003114 0.996860 -0.079125 -7.823540 -0.886042 0.033931 0.462361 72.679834
0.466223 0.073709 0.881591 102.251321 -0.003436 0.996666 -0.081513 -7.883340 -0.884660 0.034974 0.464922 72.984043
0.469330 0.073073 0.879994 102.792349 -0.001110 0.996618 -0.082165 -7.943074 -0.883022 0.037586 0.467824 73.281600
0.472436 0.072377 0.878388 103.332474 0.001234 0.996567 -0.082778 -8.002376 -0.881364 0.040191 0.470725 73.578746
0.475681 0.070687 0.876773 103.862765 0.004050 0.996579 -0.082544 -8.053690 -0.879609 0.042816 0.473768 73.872159
0.479124 0.069755 0.874971 104.389143 0.005530 0.996578 -0.082478 -8.096619 -0.877730 0.044356 0.477098 74.162060
0.482318 0.069352 0.873247 104.905287 0.006467 0.996552 -0.082717 -8.139292 -0.875973 0.045543 0.480206 74.449111
0.485726 0.068657 0.871411 105.416614 0.007160 0.996565 -0.082508 -8.181955 -0.874082 0.046316 0.483565 74.736553
0.489173 0.068146 0.869520 105.922222 0.008817 0.996506 -0.083058 -8.223750 -0.872142 0.048296 0.486863 75.021447
0.493061 0.069452 0.867218 106.424017 0.008413 0.996381 -0.084579 -8.265059 -0.869954 0.048998 0.490692 75.310204
0.497406 0.069600 0.864721 106.926614 0.010394 0.996227 -0.086164 -8.308372 -0.867455 0.051846 0.494806 75.600276
0.502143 0.073054 0.861694 107.422790 0.008009 0.995990 -0.089106 -8.363102 -0.864748 0.051645 0.499544 75.892374
0.507585 0.078897 0.857982 107.905219 0.004701 0.995530 -0.094326 -8.418748 -0.861589 0.051911 0.504945 76.184854
0.513373 0.085919 0.853854 108.395475 -0.000722 0.995018 -0.099689 -8.475876 -0.858165 0.050562 0.510877 76.489033
0.519413 0.092101 0.849546 108.876098 -0.005748 0.994529 -0.104304 -8.530283 -0.854504 0.049294 0.517100 76.793554
0.525818 0.096484 0.845107 109.363644 -0.008787 0.994109 -0.108028 -8.586122 -0.850552 0.049377 0.523568 77.103101
0.531177 0.096716 0.841723 109.856107 -0.013396 0.994298 -0.105793 -8.642339 -0.847155 0.044920 0.529443 77.424318
0.536489 0.095521 0.838484 110.358804 -0.019855 0.994727 -0.100616 -8.706456 -0.843674 0.037331 0.535557 77.754466
0.542238 0.093127 0.835048 110.871335 -0.025978 0.995222 -0.094121 -8.763095 -0.839823 0.029343 0.542066 78.090182
0.547962 0.090995 0.831539 111.389183 -0.032245 0.995625 -0.087702 -8.817849 -0.835882 0.021245 0.548498 78.437950
0.554093 0.089237 0.827658 111.915159 -0.034935 0.995854 -0.083983 -8.867411 -0.831722 0.017620 0.554913 78.787704
0.560510 0.092863 0.822925 112.435917 -0.039490 0.995560 -0.085446 -8.915374 -0.827206 0.015396 0.561688 79.145406
0.566451 0.096772 0.818394 112.964903 -0.043255 0.995204 -0.087740 -8.963221 -0.822959 0.014301 0.567920 79.517325
0.572556 0.100137 0.813727 113.499909 -0.046010 0.994873 -0.090055 -9.011645 -0.818574 0.014122 0.574228 79.899510
0.578872 0.102025 0.809011 114.054281 -0.048055 0.994686 -0.091056 -9.057118 -0.814002 0.013833 0.580698 80.292069
0.585120 0.102963 0.804384 114.616178 -0.051317 0.994620 -0.089985 -9.105368 -0.809322 0.011374 0.587256 80.700473
0.591244 0.104919 0.799639 115.182791 -0.057262 0.994461 -0.088142 -9.158005 -0.804458 0.006324 0.593976 81.124740
0.598412 0.102655 0.794585 115.758534 -0.057668 0.994704 -0.085079 -9.217043 -0.799111 0.005090 0.601162 81.562032
0.605971 0.100724 0.789084 116.341001 -0.057665 0.994904 -0.082713 -9.273702 -0.793394 0.004619 0.608691 82.008305
0.613490 0.100872 0.783233 116.925473 -0.058588 0.994889 -0.082240 -9.317811 -0.787526 0.004566 0.616265 82.469528
0.620942 0.103288 0.777021 117.506434 -0.063519 0.994651 -0.081457 -9.366338 -0.781278 0.001224 0.624181 82.946213
0.628784 0.103812 0.770619 118.099436 -0.063930 0.994595 -0.081821 -9.410224 -0.774948 0.002182 0.632022 83.434999
0.635525 0.104607 0.764961 118.699962 -0.065658 0.994512 -0.081449 -9.457628 -0.769284 0.001537 0.638906 83.937984
0.640722 0.103248 0.760799 119.310523 -0.065622 0.994655 -0.079720 -9.501459 -0.764964 0.001153 0.644072 84.451545
0.644429 0.101798 0.757858 119.928508 -0.064806 0.994804 -0.078519 -9.549903 -0.761913 0.001486 0.647677 84.974367
0.648274 0.099141 0.754925 120.571278 -0.060927 0.995062 -0.078358 -9.590647 -0.758965 0.004802 0.651113 85.514860
0.651785 0.095536 0.752362 121.190969 -0.055547 0.995383 -0.078275 -9.635230 -0.756367 0.009227 0.654083 86.036538
0.655783 0.088700 0.749721 121.845378 -0.047805 0.995960 -0.076017 -9.682937 -0.753435 0.014010 0.657374 86.587316
0.659462 0.083056 0.747136 122.499084 -0.042183 0.996400 -0.073532 -9.728697 -0.750554 0.016975 0.660591 87.148218
0.663056 0.077366 0.744561 123.146368 -0.036524 0.996804 -0.071050 -9.773963 -0.747679 0.019916 0.663762 87.703460
0.666368 0.076237 0.741715 123.796261 -0.036321 0.996897 -0.069835 -9.820354 -0.744738 0.019596 0.667069 88.278631
0.669398 0.077895 0.738809 124.441036 -0.037132 0.996753 -0.071448 -9.868055 -0.741976 0.020393 0.670116 88.857233
0.672633 0.082440 0.735370 125.099759 -0.042961 0.996449 -0.072413 -9.916275 -0.738728 0.017115 0.673786 89.464933
0.675217 0.085845 0.732607 125.736206 -0.048438 0.996221 -0.072090 -9.964397 -0.736027 0.013190 0.676824 90.060111
0.678132 0.082617 0.730282 126.390915 -0.049417 0.996538 -0.066850 -10.013730 -0.733277 0.009244 0.679867 90.668494
0.681613 0.079759 0.727353 127.048533 -0.052076 0.996808 -0.060505 -10.057800 -0.729858 0.003364 0.683591 91.287433
0.685118 0.074498 0.724613 127.707355 -0.051718 0.997221 -0.053626 -10.100870 -0.726594 -0.000735 0.687066 91.909653
0.689785 0.070187 0.720605 128.361060 -0.048969 0.997534 -0.050285 -10.142760 -0.722357 -0.000602 0.691520 92.533098
0.694555 0.067464 0.716270 129.017675 -0.043384 0.997709 -0.051903 -10.184200 -0.718131 0.004975 0.695891 93.157826
0.700079 0.064468 0.711150 129.662851 -0.032617 0.997764 -0.058341 -10.233420 -0.713320 0.017647 0.700616 93.783077
0.705587 0.066268 0.705518 130.319365 -0.026831 0.997402 -0.066850 -10.286910 -0.708115 0.028239 0.705532 94.427753
0.711277 0.066271 0.699781 130.949189 -0.024196 0.997264 -0.069850 -10.340700 -0.702496 0.032750 0.710934 95.067813
0.717097 0.062276 0.694186 131.593963 -0.021678 0.997511 -0.067094 -10.399630 -0.696636 0.033064 0.716662 95.729036
0.723108 0.055879 0.688471 132.238637 -0.017110 0.997865 -0.063020 -10.456000 -0.690523 0.033791 0.722520 96.398506
0.728491 0.053526 0.682961 132.876387 -0.012896 0.997838 -0.064449 -10.505230 -0.684934 0.038143 0.727606 97.072382
0.733119 0.054738 0.677895 133.510324 -0.010469 0.997546 -0.069226 -10.552480 -0.680020 0.043654 0.731892 97.751956
0.736750 0.057404 0.673724 134.138140 -0.011544 0.997312 -0.072352 -10.604320 -0.676067 0.045528 0.735432 98.439427
0.739941 0.053391 0.670550 134.774686 -0.009169 0.997553 -0.069310 -10.660040 -0.672610 0.045137 0.738619 99.133712
0.742389 0.048222 0.668231 135.411633 -0.005940 0.997841 -0.065408 -10.715510 -0.669942 0.044589 0.741073 99.828328
0.743809 0.044222 0.666928 136.061021 -0.002810 0.998007 -0.063041 -10.771390 -0.668387 0.045016 0.742450 100.538486
0.744409 0.039818 0.666536 136.683519 0.000608 0.998179 -0.060309 -10.819980 -0.667724 0.045299 0.743029 101.223821
0.744677 0.038869 0.666293 137.316954 0.000503 0.998270 -0.058797 -10.869780 -0.667425 0.044120 0.743369 101.925811
0.744500 0.039086 0.666477 137.950589 -0.000706 0.998330 -0.057759 -10.918320 -0.667622 0.042531 0.743285 102.629608
0.743973 0.041420 0.666925 138.589141 -0.002360 0.998233 -0.059364 -10.968690 -0.668206 0.042591 0.742756 103.336917
0.742583 0.045660 0.668196 139.239032 -0.006205 0.998100 -0.061308 -11.018070 -0.669725 0.041380 0.741455 104.054963
0.740668 0.049076 0.670077 139.863135 -0.009657 0.998003 -0.062420 -11.065290 -0.671802 0.039761 0.739663 104.739194
0.738630 0.052146 0.672091 140.496168 -0.014070 0.997979 -0.061968 -11.115070 -0.673964 0.036316 0.737871 105.431552
0.736199 0.053061 0.674682 141.145657 -0.015964 0.998006 -0.061070 -11.164100 -0.676577 0.034189 0.735578 106.132741
0.733858 0.053028 0.677229 141.788824 -0.016763 0.998058 -0.059984 -11.215340 -0.679096 0.032667 0.733323 106.820584
0.731386 0.051666 0.680004 142.428581 -0.017953 0.998239 -0.056535 -11.261710 -0.681728 0.029141 0.731026 107.499296
0.728761 0.047943 0.683088 143.076865 -0.014227 0.998391 -0.054894 -11.309400 -0.684621 0.030286 0.728270 108.173795
0.725827 0.052109 0.685901 143.715217 -0.015194 0.998098 -0.059748 -11.359650 -0.687710 0.032946 0.725237 108.835249
0.722304 0.062901 0.688709 144.346745 -0.020033 0.997340 -0.070078 -11.410700 -0.691286 0.036820 0.721643 109.497104
0.718931 0.068143 0.691733 144.989411 -0.022140 0.996923 -0.075196 -11.462600 -0.694729 0.038746 0.718227 110.158859
0.715198 0.066368 0.695764 145.646024 -0.024963 0.997272 -0.069468 -11.521410 -0.698476 0.032315 0.714903 110.826434
0.711569 0.064598 0.699640 146.284275 -0.027691 0.997569 -0.063943 -11.578540 -0.702071 0.026126 0.711628 111.475145
0.707998 0.064197 0.703291 146.945002 -0.029186 0.997669 -0.061687 -11.633570 -0.705611 0.023148 0.708221 112.135697
0.704757 0.063854 0.706569 147.581347 -0.028820 0.997696 -0.061417 -11.682640 -0.708863 0.022920 0.704973 112.762032
0.701735 0.062352 0.709705 148.234247 -0.026738 0.997766 -0.061222 -11.732210 -0.711936 0.023985 0.701834 113.393585
0.698885 0.061188 0.712612 148.899490 -0.022903 0.997737 -0.063208 -11.784160 -0.714867 0.027854 0.698705 114.027547
0.695487 0.060964 0.715948 149.557608 -0.019435 0.997626 -0.066070 -11.835000 -0.718276 0.032037 0.695020 114.640537
0.691605 0.061200 0.719679 150.214924 -0.016616 0.997488 -0.068857 -11.883520 -0.722085 0.035664 0.690884 115.234965
0.687607 0.061945 0.723436 150.886188 -0.016689 0.997439 -0.069544 -11.927830 -0.725891 0.035746 0.686880 115.832704
0.683402 0.063476 0.727278 151.559758 -0.018600 0.997403 -0.069575 -11.975780 -0.729805 0.034020 0.682808 116.433553
0.678238 0.063336 0.732107 152.241657 -0.018395 0.997430 -0.069248 -12.024090 -0.734612 0.033499 0.677660 117.032597
0.672580 0.066313 0.737047 152.920847 -0.020582 0.997268 -0.070944 -12.072040 -0.739738 0.032545 0.672107 117.622811
0.666178 0.072946 0.742217 153.605054 -0.025144 0.996836 -0.075402 -12.125010 -0.745369 0.031569 0.665904 118.218242
0.659925 0.079118 0.747155 154.295282 -0.027134 0.996301 -0.081535 -12.179330 -0.750842 0.033533 0.659630 118.803640
0.653459 0.080797 0.752638 155.002366 -0.026893 0.996137 -0.083587 -12.238310 -0.756484 0.034380 0.653107 119.395761
0.646945 0.076084 0.758732 155.715170 -0.028105 0.996713 -0.075984 -12.299000 -0.762019 0.027833 0.646956 119.974637
0.639751 0.071816 0.765219 156.441319 -0.034187 0.997298 -0.065015 -12.365030 -0.767821 0.015433 0.640478 120.562443
0.632432 0.066520 0.771754 157.176498 -0.033397 0.997721 -0.058630 -12.426460 -0.773896 0.011305 0.633212 121.136904
0.625165 0.068864 0.777449 157.917397 -0.037877 0.997603 -0.057907 -12.476430 -0.779573 0.006754 0.626275 121.712670
0.617211 0.069883 0.783688 158.669936 -0.035990 0.997513 -0.060605 -12.525780 -0.785974 0.009201 0.618191 122.284423
0.610859 0.070596 0.788586 159.444549 -0.030629 0.997378 -0.065561 -12.583740 -0.791147 0.015896 0.611419 122.850456
0.603826 0.078152 0.793276 160.187254 -0.029933 0.996703 -0.075408 -12.639330 -0.796554 0.021788 0.604175 123.391706
0.596378 0.079296 0.798778 160.944609 -0.025276 0.996470 -0.080050 -12.702160 -0.802306 0.027550 0.596277 123.931350
0.589179 0.074931 0.804521 161.741197 -0.022695 0.996832 -0.076222 -12.777620 -0.807684 0.026650 0.589013 124.487450
0.582274 0.068890 0.810068 162.512901 -0.018520 0.997269 -0.071498 -12.851930 -0.812781 0.026629 0.581960 125.008431
0.575727 0.068465 0.814770 163.280792 -0.017106 0.997278 -0.071714 -12.919400 -0.817463 0.027350 0.575332 125.518274
0.569104 0.068053 0.819444 164.052997 -0.015683 0.997286 -0.071931 -12.987260 -0.822116 0.028085 0.568627 126.031027
0.562443 0.067608 0.824067 164.826708 -0.014227 0.997295 -0.072110 -13.055270 -0.826713 0.028834 0.561884 126.544684
0.557381 0.061990 0.827939 165.601221 -0.009674 0.997626 -0.068183 -13.122260 -0.830200 0.029994 0.556658 127.036767
0.552393 0.058726 0.831513 166.362891 -0.009085 0.997880 -0.064441 -13.182890 -0.833534 0.028042 0.551755 127.526241
0.547945 0.057988 0.834502 167.117738 -0.010510 0.997993 -0.062447 -13.239540 -0.836449 0.025447 0.547454 128.012906
0.543340 0.060946 0.837297 167.858637 -0.011014 0.997793 -0.065481 -13.299780 -0.839440 0.026357 0.542812 128.489938
0.539512 0.064525 0.839502 168.616595 -0.010268 0.997489 -0.070069 -13.364290 -0.841915 0.029183 0.538821 128.966268
