1.000000 0.000000 0.000000 0.000000 0.000000 1.000000 0.000000 -0.000000 0.000000 0.000000 1.000000 0.000000
1.000000 0.000720 -0.000687 -0.014065 -0.000720 1.000000 -0.000130 -0.028203 0.000687 0.000130 1.000000 1.203075
0.999998 0.001431 -0.001366 -0.027969 -0.001431 0.999999 -0.000258 -0.056081 0.001366 0.000260 0.999999 2.392287
0.999996 0.002146 -0.002049 -0.041946 -0.002146 0.999998 -0.000386 -0.084106 0.002048 0.000391 0.999998 3.587785
0.999992 0.002860 -0.002732 -0.055925 -0.002862 0.999996 -0.000515 -0.112136 0.002730 0.000523 0.999996 4.783500
0.999988 0.003577 -0.003417 -0.069945 -0.003579 0.999993 -0.000644 -0.140244 0.003414 0.000656 0.999994 5.982555
0.999982 0.004290 -0.004099 -0.083911 -0.004294 0.999991 -0.000773 -0.168246 0.004096 0.000790 0.999991 7.177088
0.999976 0.005005 -0.004782 -0.097903 -0.005009 0.999987 -0.000902 -0.196298 0.004778 0.000926 0.999988 8.373774
0.999969 0.005719 -0.005465 -0.111880 -0.005724 0.999983 -0.001030 -0.224319 0.005459 0.001062 0.999985 9.569187
0.999960 0.006432 -0.006148 -0.125860 -0.006440 0.999979 -0.001159 -0.252345 0.006140 0.001199 0.999980 10.764796
0.999951 0.007146 -0.006831 -0.139839 -0.007155 0.999974 -0.001288 -0.280370 0.006821 0.001336 0.999976 11.960357
0.999941 0.007859 -0.007514 -0.153826 -0.007870 0.999968 -0.001416 -0.308407 0.007503 0.001475 0.999971 13.156490
0.999931 0.008436 -0.008163 -0.167714 -0.008449 0.999963 -0.001521 -0.336295 0.008150 0.001589 0.999965 14.352112
0.999906 0.010215 -0.009110 -0.182438 -0.010232 0.999946 -0.001840 -0.365424 0.009091 0.001933 0.999957 15.549278
0.999905 0.009943 -0.009559 -0.195742 -0.009960 0.999949 -0.001783 -0.392444 0.009541 0.001878 0.999953 16.744318
0.999904 0.009374 -0.010151 -0.208891 -0.009389 0.999955 -0.001454 -0.419151 0.010137 0.001549 0.999947 17.941835
0.999903 0.009037 -0.010638 -0.222832 -0.009049 0.999958 -0.001052 -0.445081 0.010628 0.001148 0.999943 19.141490
0.999893 0.009270 -0.011333 -0.238111 -0.009293 0.999955 -0.001972 -0.471514 0.011314 0.002077 0.999934 20.339109
0.999889 0.009007 -0.011828 -0.254027 -0.009043 0.999954 -0.003012 -0.497782 0.011800 0.003119 0.999926 21.537660
0.999874 0.009613 -0.012639 -0.271696 -0.009644 0.999951 -0.002411 -0.524744 0.012615 0.002532 0.999917 22.735870
0.999862 0.009850 -0.013361 -0.289786 -0.009881 0.999949 -0.002277 -0.552730 0.013338 0.002409 0.999908 23.934060
0.999850 0.009852 -0.014275 -0.308173 -0.009897 0.999946 -0.003042 -0.581233 0.014244 0.003183 0.999893 25.131999
0.999835 0.010115 -0.015105 -0.328480 -0.010157 0.999945 -0.002703 -0.606984 0.015077 0.002856 0.999882 26.332326
0.999832 0.009255 -0.015808 -0.348447 -0.009265 0.999957 -0.000534 -0.632943 0.015803 0.000681 0.999875 27.534981
0.999823 0.008611 -0.016705 -0.369068 -0.008618 0.999963 -0.000328 -0.656564 0.016702 0.000472 0.999860 28.734486
0.999815 0.007985 -0.017520 -0.390557 -0.008016 0.999966 -0.001704 -0.682426 0.017505 0.001844 0.999845 29.929716
0.999801 0.007461 -0.018510 -0.412696 -0.007509 0.999969 -0.002504 -0.708720 0.018491 0.002642 0.999826 31.133435
0.999784 0.007873 -0.019259 -0.437221 -0.007922 0.999965 -0.002506 -0.735647 0.019239 0.002658 0.999811 32.341518
0.999774 0.007404 -0.019917 -0.461241 -0.007444 0.999970 -0.001950 -0.763253 0.019902 0.002098 0.999800 33.533868
0.999763 0.007159 -0.020562 -0.486373 -0.007196 0.999973 -0.001689 -0.791594 0.020549 0.001837 0.999787 34.732490
0.999758 0.006403 -0.021055 -0.511581 -0.006438 0.999978 -0.001613 -0.818272 0.021044 0.001748 0.999777 35.934322
0.999745 0.006469 -0.021649 -0.538562 -0.006506 0.999977 -0.001615 -0.845783 0.021638 0.001755 0.999764 37.135111
0.999746 0.005596 -0.021850 -0.564688 -0.005621 0.999984 -0.001117 -0.873467 0.021843 0.001239 0.999761 38.336803
0.999747 0.005730 -0.021758 -0.592505 -0.005730 0.999984 0.000089 -0.900111 0.021758 0.000036 0.999763 39.539468
0.999747 0.006201 -0.021606 -0.620309 -0.006180 0.999980 0.001031 -0.926858 0.021612 -0.000898 0.999766 40.740488
0.999743 0.006994 -0.021554 -0.648870 -0.006983 0.999975 0.000616 -0.953129 0.021558 -0.000465 0.999768 41.940825
0.999739 0.007822 -0.021450 -0.678007 -0.007813 0.999969 0.000521 -0.977631 0.021453 -0.000353 0.999770 43.142105
0.999722 0.010798 -0.020977 -0.710468 -0.010758 0.999940 0.002023 -1.000412 0.020997 -0.001797 0.999778 44.345894
0.999751 0.011074 -0.019367 -0.738410 -0.010976 0.999927 0.005141 -1.020365 0.019423 -0.004928 0.999799 45.549974
0.999777 0.011637 -0.017606 -0.764367 -0.011500 0.999903 0.007872 -1.037444 0.017696 -0.007667 0.999814 46.754546
0.999804 0.011920 -0.015821 -0.787166 -0.011744 0.999869 0.011163 -1.051207 0.015952 -0.010975 0.999812 47.964014
0.999827 0.011607 -0.014513 -0.807812 -0.011415 0.999847 0.013268 -1.064092 0.014665 -0.013100 0.999807 49.171155
0.999865 0.009923 -0.013056 -0.824854 -0.009773 0.999886 0.011538 -1.073850 0.013169 -0.011409 0.999848 50.374171
0.999874 0.010398 -0.011998 -0.843207 -0.010288 0.999904 0.009223 -1.085315 0.012093 -0.009099 0.999885 51.579345
0.999871 0.011547 -0.011184 -0.862448 -0.011447 0.999894 0.009040 -1.098286 0.011287 -0.008911 0.999897 52.784689
0.999882 0.010573 -0.011143 -0.878420 -0.010478 0.999908 0.008575 -1.112635 0.011233 -0.008457 0.999901 53.994207
0.999880 0.009905 -0.011884 -0.895977 -0.009812 0.999921 0.007861 -1.127883 0.011961 -0.007744 0.999899 55.202251
0.999859 0.010072 -0.013420 -0.915032 -0.009968 0.999920 0.007815 -1.143152 0.013497 -0.007680 0.999879 56.411418
0.999837 0.010097 -0.014945 -0.936478 -0.009958 0.999907 0.009340 -1.160687 0.015038 -0.009189 0.999845 57.623023
0.999822 0.010094 -0.015909 -0.959544 -0.009940 0.999903 0.009725 -1.175655 0.016006 -0.009565 0.999826 58.831970
0.999799 0.011053 -0.016745 -0.984854 -0.010895 0.999896 0.009470 -1.190278 0.016848 -0.009286 0.999815 60.042020
0.999782 0.011445 -0.017458 -1.010222 -0.011283 0.999893 0.009353 -1.205600 0.017563 -0.009154 0.999804 61.249632
0.999786 0.010801 -0.017632 -1.034719 -0.010647 0.999905 0.008801 -1.221320 0.017726 -0.008611 0.999806 62.457264
0.999795 0.009509 -0.017851 -1.057537 -0.009371 0.999926 0.007819 -1.237483 0.017924 -0.007650 0.999810 63.663190
0.999793 0.009088 -0.018201 -1.082234 -0.008930 0.999922 0.008752 -1.251701 0.018279 -0.008588 0.999796 64.867350
0.999789 0.009083 -0.018429 -1.107042 -0.008882 0.999901 0.010940 -1.267101 0.018526 -0.010774 0.999770 66.074290
0.999779 0.009524 -0.018729 -1.133480 -0.009347 0.999911 0.009496 -1.281112 0.018818 -0.009319 0.999780 67.275570
0.999762 0.011034 -0.018802 -1.161721 -0.010888 0.999910 0.007813 -1.293922 0.018887 -0.007606 0.999793 68.473088
0.999735 0.013196 -0.018879 -1.191075 -0.013047 0.999883 0.007979 -1.309417 0.018982 -0.007730 0.999790 69.671348
0.999710 0.015004 -0.018812 -1.219561 -0.014852 0.999856 0.008237 -1.324678 0.018933 -0.007955 0.999789 70.866287
0.999688 0.016657 -0.018598 -1.247570 -0.016497 0.999826 0.008714 -1.339456 0.018740 -0.008404 0.999789 72.060172
0.999699 0.017065 -0.017624 -1.273001 -0.016897 0.999811 0.009638 -1.355743 0.017785 -0.009337 0.999798 73.250395
0.999704 0.018732 -0.015552 -1.297358 -0.018574 0.999775 0.010214 -1.371470 0.015740 -0.009922 0.999827 74.439725
0.999752 0.018143 -0.012913 -1.314835 -0.018022 0.999793 0.009430 -1.390125 0.013082 -0.009195 0.999872 75.621781
0.999836 0.014638 -0.010625 -1.324759 -0.014598 0.999886 0.003881 -1.407515 0.010681 -0.003725 0.999936 76.801026
0.999851 0.015193 -0.008186 -1.335582 -0.015176 0.999883 0.002170 -1.427085 0.008218 -0.002045 0.999964 77.980533
0.999881 0.014502 -0.005258 -1.342640 -0.014471 0.999877 0.006034 -1.448797 0.005344 -0.005957 0.999968 79.162839
0.999892 0.014593 -0.001934 -1.345646 -0.014577 0.999862 0.007962 -1.468534 0.002050 -0.007933 0.999966 80.340660
0.999885 0.015025 0.002052 -1.347003 -0.015036 0.999871 0.005713 -1.485826 -0.001966 -0.005743 0.999982 81.510735
0.999885 0.014134 0.005503 -1.340346 -0.014151 0.999895 0.003139 -1.506096 -0.005458 -0.003217 0.999980 82.679285
0.999880 0.012729 0.008863 -1.328524 -0.012723 0.999919 -0.000739 -1.530312 -0.008872 0.000627 0.999961 83.842105
0.999856 0.011874 0.012145 -1.313882 -0.011852 0.999928 -0.001833 -1.555472 -0.012166 0.001689 0.999925 85.005487
0.999807 0.011676 0.015782 -1.297557 -0.011679 0.999932 0.000065 -1.580587 -0.015780 -0.000250 0.999876 86.168939
0.999726 0.012771 0.019620 -1.277622 -0.012792 0.999918 0.000960 -1.605074 -0.019606 -0.001211 0.999807 87.327043
0.999651 0.012444 0.023284 -1.251548 -0.012416 0.999922 -0.001357 -1.630673 -0.023299 0.001068 0.999728 88.483653
0.999574 0.012125 0.026560 -1.220989 -0.012024 0.999920 -0.003936 -1.656163 -0.026606 0.003615 0.999640 89.637091
0.999481 0.012213 0.029818 -1.186952 -0.012089 0.999918 -0.004337 -1.683163 -0.029869 0.003974 0.999546 90.791081
0.999406 0.010864 0.032693 -1.148209 -0.010768 0.999937 -0.003109 -1.710419 -0.032725 0.002755 0.999461 91.948112
0.999319 0.010109 0.035490 -1.105692 -0.010051 0.999948 -0.001788 -1.736086 -0.035506 0.001430 0.999368 93.106778
0.999225 0.009288 0.038244 -1.059806 -0.009297 0.999957 0.000069 -1.760650 -0.038242 -0.000425 0.999268 94.266548
0.999138 0.008158 0.040694 -1.009746 -0.008215 0.999965 0.001233 -1.785071 -0.040682 -0.001566 0.999171 95.425967
0.999053 0.006863 0.042962 -0.957421 -0.006830 0.999976 -0.000919 -1.809543 -0.042967 0.000625 0.999076 96.582646
0.998965 0.005399 0.045154 -0.900808 -0.005201 0.999976 -0.004483 -1.834871 -0.045177 0.004243 0.998970 97.744373
0.998869 0.005749 0.047208 -0.844084 -0.005394 0.999956 -0.007635 -1.861916 -0.047250 0.007372 0.998856 98.907364
0.998790 0.005895 0.048830 -0.784931 -0.005478 0.999947 -0.008664 -1.891643 -0.048879 0.008386 0.998769 100.078793
0.998760 0.005954 0.049436 -0.726048 -0.005563 0.999952 -0.008049 -1.922457 -0.049482 0.007764 0.998745 101.257206
0.998795 0.006151 0.048691 -0.668032 -0.005864 0.999965 -0.006040 -1.953029 -0.048726 0.005747 0.998796 102.441820
0.998865 0.005468 0.047327 -0.610028 -0.005265 0.999976 -0.004407 -1.983093 -0.047350 0.004153 0.998870 103.629946
0.998956 0.005748 0.045328 -0.552692 -0.005584 0.999977 -0.003760 -2.012875 -0.045349 0.003502 0.998965 104.825197
0.999063 0.005896 0.042871 -0.499695 -0.005765 0.999978 -0.003162 -2.041118 -0.042888 0.002912 0.999076 106.027170
0.999189 0.006377 0.039767 -0.450112 -0.006256 0.999975 -0.003173 -2.069739 -0.039786 0.002922 0.999204 107.230547
0.999321 0.007835 0.036008 -0.407022 -0.007715 0.999964 -0.003480 -2.098282 -0.036034 0.003200 0.999345 108.439343
0.999453 0.007975 0.032100 -0.366621 -0.007875 0.999964 -0.003269 -2.127000 -0.032124 0.003015 0.999479 109.650146
0.999569 0.008622 0.028059 -0.330472 -0.008566 0.999961 -0.002141 -2.156853 -0.028076 0.001900 0.999604 110.867271
0.999679 0.008809 0.023739 -0.299827 -0.008781 0.999961 -0.001299 -2.185665 -0.023749 0.001090 0.999717 112.087104
0.999774 0.008964 0.019291 -0.273889 -0.008955 0.999960 -0.000529 -2.213402 -0.019295 0.000356 0.999814 113.307640
0.999851 0.009347 0.014502 -0.254939 -0.009344 0.999956 -0.000311 -2.240145 -0.014504 0.000175 0.999895 114.530584
0.999903 0.010178 0.009563 -0.242676 -0.010176 0.999948 -0.000272 -2.267804 -0.009566 0.000175 0.999954 115.755033
0.999932 0.010694 0.004604 -0.235177 -0.010691 0.999943 -0.000526 -2.296830 -0.004609 0.000477 0.999989 116.982392
0.999933 0.011580 -0.000049 -0.233678 -0.011580 0.999932 -0.001084 -2.327575 0.000037 0.001084 0.999999 118.212159
0.999903 0.013415 -0.003741 -0.238422 -0.013420 0.999909 -0.001356 -2.358001 0.003722 0.001406 0.999992 119.444635
0.999859 0.015760 -0.005859 -0.247611 -0.015767 0.999875 -0.001137 -2.388148 0.005840 0.001229 0.999982 120.680322
0.999837 0.016711 -0.006829 -0.257438 -0.016721 0.999859 -0.001409 -2.417424 0.006804 0.001523 0.999976 121.914404
0.999791 0.018842 -0.007908 -0.270938 -0.018851 0.999822 -0.000979 -2.444635 0.007888 0.001128 0.999968 123.159723
0.999755 0.020256 -0.008899 -0.284885 -0.020255 0.999795 0.000204 -2.471500 0.008901 -0.000024 0.999960 124.404441
0.999747 0.020295 -0.009654 -0.298381 -0.020294 0.999794 0.000181 -2.498919 0.009656 0.000015 0.999953 125.649861
0.999667 0.023568 -0.010493 -0.318255 -0.023550 0.999721 0.001895 -2.521615 0.010535 -0.001647 0.999943 126.900198
0.999621 0.025202 -0.011066 -0.337589 -0.025149 0.999672 0.004831 -2.543289 0.011184 -0.004551 0.999927 128.154448
0.999638 0.024177 -0.011842 -0.354782 -0.024115 0.999695 0.005347 -2.561295 0.011967 -0.005060 0.999916 129.408397
0.999638 0.023881 -0.012385 -0.372086 -0.023840 0.999710 0.003443 -2.578125 0.012464 -0.003147 0.999917 130.662847
0.999690 0.021164 -0.013117 -0.386244 -0.021111 0.999768 0.004148 -2.596170 0.013202 -0.003870 0.999905 131.922616
0.999723 0.018818 -0.014139 -0.399373 -0.018733 0.999806 0.006089 -2.614808 0.014251 -0.005822 0.999881 133.184793
0.999767 0.016033 -0.014447 -0.415185 -0.015920 0.999842 0.007942 -2.631357 0.014572 -0.007710 0.999864 134.451485
0.999789 0.014276 -0.014765 -0.431787 -0.014133 0.999852 0.009779 -2.646140 0.014903 -0.009568 0.999843 135.719180
0.999843 0.009895 -0.014709 -0.445817 -0.009781 0.999922 0.007791 -2.660056 0.014785 -0.007646 0.999861 136.986775
0.999865 0.007231 -0.014754 -0.459038 -0.007142 0.999956 0.006079 -2.675992 0.014798 -0.005973 0.999873 138.257983
0.999878 0.005645 -0.014577 -0.474099 -0.005557 0.999966 0.006041 -2.693213 0.014611 -0.005959 0.999876 139.529592
0.999882 0.005598 -0.014306 -0.492928 -0.005506 0.999964 0.006457 -2.711316 0.014341 -0.006377 0.999877 140.807722
0.999890 0.005971 -0.013603 -0.512137 -0.005860 0.999949 0.008233 -2.728134 0.013651 -0.008152 0.999874 142.087459
0.999880 0.008592 -0.012894 -0.533925 -0.008463 0.999914 0.009987 -2.744134 0.012978 -0.009876 0.999867 143.365991
0.999887 0.008661 -0.012319 -0.552485 -0.008548 0.999921 0.009183 -2.759529 0.012397 -0.009076 0.999882 144.643118
0.999889 0.008954 -0.011912 -0.570515 -0.008876 0.999939 0.006572 -2.775354 0.011970 -0.006465 0.999907 145.918540
0.999892 0.009105 -0.011494 -0.588702 -0.009054 0.999949 0.004500 -2.794830 0.011535 -0.004395 0.999924 147.192758
0.999906 0.007812 -0.011258 -0.604107 -0.007809 0.999969 0.000373 -2.818864 0.011261 -0.000285 0.999937 148.464166
0.999911 0.007891 -0.010759 -0.621004 -0.007925 0.999964 -0.003120 -2.844547 0.010734 0.003205 0.999937 149.734370
0.999915 0.007644 -0.010591 -0.637109 -0.007689 0.999961 -0.004244 -2.875057 0.010558 0.004325 0.999935 151.004072
0.999915 0.007471 -0.010681 -0.652011 -0.007512 0.999964 -0.003858 -2.908757 0.010652 0.003938 0.999935 152.272169
0.999910 0.008117 -0.010647 -0.669698 -0.008155 0.999961 -0.003509 -2.939717 0.010618 0.003595 0.999937 153.545082
0.999901 0.008932 -0.010890 -0.687035 -0.008958 0.999957 -0.002288 -2.969914 0.010869 0.002385 0.999938 154.812878
0.999894 0.009403 -0.011142 -0.706410 -0.009423 0.999954 -0.001717 -2.997619 0.011125 0.001822 0.999937 156.082179
0.999885 0.009671 -0.011684 -0.724235 -0.009695 0.999951 -0.001965 -3.024885 0.011664 0.002078 0.999930 157.350075
0.999874 0.009992 -0.012322 -0.743211 -0.010015 0.999948 -0.001785 -3.051707 0.012304 0.001908 0.999923 158.615262
0.999871 0.009437 -0.013005 -0.761287 -0.009447 0.999955 -0.000681 -3.079341 0.012998 0.000804 0.999915 159.883961
0.999853 0.010308 -0.013665 -0.781742 -0.010314 0.999947 -0.000364 -3.107330 0.013660 0.000505 0.999907 161.149750
0.999842 0.010592 -0.014277 -0.802270 -0.010612 0.999943 -0.001296 -3.135262 0.014263 0.001448 0.999897 162.414435
0.999825 0.011036 -0.015101 -0.824402 -0.011074 0.999936 -0.002388 -3.162340 0.015074 0.002554 0.999883 163.680826
0.999806 0.011875 -0.015716 -0.848326 -0.011913 0.999926 -0.002367 -3.191224 0.015687 0.002553 0.999874 164.949224
0.999799 0.011556 -0.016376 -0.871171 -0.011608 0.999928 -0.003044 -3.221845 0.016340 0.003234 0.999861 166.215113
0.999783 0.011811 -0.017189 -0.895246 -0.011886 0.999920 -0.004239 -3.252329 0.017138 0.004443 0.999843 167.481805
0.999770 0.011987 -0.017807 -0.919673 -0.012061 0.999919 -0.004075 -3.282708 0.017757 0.004289 0.999833 168.748297
0.999752 0.012336 -0.018524 -0.945648 -0.012387 0.999920 -0.002645 -3.313952 0.018490 0.002874 0.999825 170.017497
0.999737 0.012410 -0.019265 -0.972199 -0.012454 0.999920 -0.002172 -3.344600 0.019236 0.002412 0.999812 171.285092
0.999720 0.012773 -0.019905 -0.999816 -0.012813 0.999916 -0.001865 -3.373848 0.019880 0.002119 0.999800 172.555397
0.999700 0.013211 -0.020625 -1.028472 -0.013244 0.999911 -0.001499 -3.402447 0.020603 0.001772 0.999786 173.823293
0.999685 0.013420 -0.021229 -1.057909 -0.013471 0.999907 -0.002272 -3.431925 0.021197 0.002557 0.999772 175.091590
0.999661 0.014451 -0.021672 -1.087539 -0.014518 0.999890 -0.002936 -3.461238 0.021627 0.003250 0.999761 176.356576
0.999649 0.014653 -0.022078 -1.116445 -0.014710 0.999889 -0.002419 -3.491932 0.022040 0.002743 0.999753 177.628285
0.999642 0.014574 -0.022419 -1.145529 -0.014652 0.999887 -0.003317 -3.523533 0.022368 0.003645 0.999743 178.895278
0.999659 0.013258 -0.022501 -1.172187 -0.013378 0.999897 -0.005207 -3.555449 0.022429 0.005507 0.999733 180.159663
0.999687 0.010306 -0.022777 -1.198171 -0.010420 0.999934 -0.004874 -3.587083 0.022725 0.005110 0.999729 181.425452
0.999681 0.010249 -0.023069 -1.225802 -0.010289 0.999946 -0.001635 -3.617217 0.023051 0.001872 0.999733 182.691241
0.999681 0.010029 -0.023163 -1.254818 -0.009950 0.999944 0.003521 -3.644685 0.023197 -0.003289 0.999726 183.960040
0.999673 0.010363 -0.023361 -1.285379 -0.010301 0.999943 0.002758 -3.669131 0.023388 -0.002516 0.999723 185.221012
0.999661 0.012019 -0.023115 -1.317149 -0.012030 0.999928 -0.000322 -3.694209 0.023110 0.000600 0.999733 186.474961
0.999650 0.012304 -0.023417 -1.348113 -0.012367 0.999920 -0.002534 -3.722358 0.023384 0.002823 0.999723 187.728408
0.999651 0.011883 -0.023590 -1.376928 -0.011944 0.999926 -0.002449 -3.752664 0.023559 0.002730 0.999719 188.979146
0.999653 0.011928 -0.023508 -1.406435 -0.011950 0.999928 -0.000804 -3.781861 0.023497 0.001084 0.999723 190.230185
0.999655 0.012029 -0.023344 -1.435586 -0.012005 0.999927 0.001190 -3.811043 0.023356 -0.000909 0.999727 191.479619
0.999676 0.011435 -0.022730 -1.462695 -0.011390 0.999933 0.002138 -3.839753 0.022752 -0.001878 0.999739 192.722731
0.999705 0.011470 -0.021396 -1.488219 -0.011437 0.999933 0.001663 -3.868861 0.021413 -0.001418 0.999770 193.960726
0.999749 0.010080 -0.020023 -1.510344 -0.010083 0.999949 -0.000043 -3.897568 0.020021 0.000245 0.999799 195.195810
0.999773 0.010028 -0.018774 -1.531467 -0.010057 0.999948 -0.001474 -3.929306 0.018759 0.001662 0.999823 196.426581
0.999807 0.009130 -0.017421 -1.549451 -0.009171 0.999955 -0.002294 -3.962116 0.017399 0.002454 0.999846 197.651331
0.999826 0.009265 -0.016177 -1.567498 -0.009290 0.999956 -0.001430 -3.994523 0.016163 0.001581 0.999868 198.872569
0.999851 0.008955 -0.014784 -1.583585 -0.008947 0.999960 0.000579 -4.025379 0.014789 -0.000447 0.999891 200.089492
0.999861 0.009655 -0.013622 -1.599538 -0.009642 0.999953 0.000997 -4.055718 0.013631 -0.000865 0.999907 201.301298
0.999877 0.009446 -0.012535 -1.613423 -0.009436 0.999955 0.000804 -4.084508 0.012542 -0.000685 0.999921 202.506883
0.999885 0.009830 -0.011541 -1.625993 -0.009818 0.999951 0.001105 -4.112611 0.011551 -0.000991 0.999933 203.705745
0.999895 0.010090 -0.010420 -1.636325 -0.010075 0.999948 0.001523 -4.142166 0.010435 -0.001418 0.999945 204.897584
0.999903 0.010078 -0.009653 -1.646212 -0.010067 0.999949 0.001180 -4.168995 0.009664 -0.001083 0.999953 206.080392
0.999910 0.010124 -0.008755 -1.655631 -0.010113 0.999948 0.001287 -4.196218 0.008767 -0.001199 0.999961 207.254771
0.999927 0.008942 -0.008192 -1.662566 -0.008931 0.999959 0.001450 -4.223531 0.008205 -0.001377 0.999965 208.415604
0.999930 0.008776 -0.007973 -1.669789 -0.008760 0.999960 0.002035 -4.250230 0.007990 -0.001965 0.999966 209.562290
0.999931 0.008301 -0.008283 -1.677180 -0.008273 0.999960 0.003418 -4.277047 0.008311 -0.003349 0.999960 210.695730
0.999923 0.008544 -0.008973 -1.687625 -0.008514 0.999958 0.003387 -4.301812 0.009001 -0.003310 0.999954 211.811411
0.999917 0.008823 -0.009347 -1.699369 -0.008801 0.999958 0.002405 -4.326860 0.009367 -0.002322 0.999953 212.912140
0.999911 0.009130 -0.009785 -1.712200 -0.009115 0.999957 0.001514 -4.351615 0.009799 -0.001424 0.999951 214.000027
0.999905 0.009065 -0.010345 -1.724526 -0.009051 0.999958 0.001322 -4.376802 0.010356 -0.001228 0.999946 215.074066
0.999898 0.008510 -0.011461 -1.737563 -0.008495 0.999963 0.001398 -4.402081 0.011472 -0.001301 0.999933 216.136967
0.999882 0.008129 -0.013047 -1.751156 -0.008102 0.999965 0.002155 -4.426871 0.013064 -0.002049 0.999913 217.184115
0.999862 0.007076 -0.015012 -1.765134 -0.007022 0.999969 0.003614 -4.450451 0.015037 -0.003508 0.999881 218.224842
0.999825 0.007305 -0.017215 -1.783068 -0.007207 0.999957 0.005783 -4.472509 0.017256 -0.005657 0.999835 219.250617
0.999783 0.007516 -0.019455 -1.803739 -0.007402 0.999955 0.005915 -4.494237 0.019499 -0.005769 0.999793 220.257730
0.999724 0.007888 -0.022139 -1.827471 -0.007773 0.999956 0.005294 -4.513126 0.022180 -0.005121 0.999741 221.244674
0.999659 0.007967 -0.024872 -1.851901 -0.007836 0.999955 0.005350 -4.532452 0.024913 -0.005153 0.999676 222.214159
0.999579 0.008538 -0.027723 -1.879078 -0.008374 0.999947 0.006029 -4.553298 0.027773 -0.005794 0.999598 223.158759
0.999489 0.008895 -0.030709 -1.908090 -0.008714 0.999944 0.006029 -4.574348 0.030761 -0.005758 0.999510 224.082088
0.999390 0.008840 -0.033772 -1.938780 -0.008664 0.999948 0.005361 -4.594192 0.033818 -0.005065 0.999415 224.981536
0.999278 0.008633 -0.037003 -1.971046 -0.008457 0.999952 0.004913 -4.613875 0.037044 -0.004596 0.999303 225.858507
0.999147 0.009830 -0.040111 -2.007274 -0.009648 0.999942 0.004731 -4.634336 0.040155 -0.004340 0.999184 226.714407
0.999019 0.010114 -0.043111 -2.044199 -0.009956 0.999943 0.003883 -4.655490 0.043147 -0.003450 0.999063 227.546827
0.998893 0.012049 -0.045469 -2.084298 -0.011879 0.999921 0.004021 -4.674144 0.045513 -0.003476 0.998958 228.362290
0.998845 0.012854 -0.046288 -2.122326 -0.012673 0.999911 0.004213 -4.692285 0.046338 -0.003622 0.998919 229.158488
0.998855 0.012918 -0.046067 -2.157934 -0.012684 0.999905 0.005376 -4.710568 0.046132 -0.004786 0.998924 229.938129
0.998877 0.013013 -0.045560 -2.191465 -0.012743 0.999900 0.006211 -4.728951 0.045637 -0.005623 0.998942 230.698305
0.998893 0.012810 -0.045251 -2.223921 -0.012567 0.999905 0.005646 -4.746558 0.045319 -0.005071 0.998960 231.441924
0.998902 0.013277 -0.044932 -2.256780 -0.013123 0.999907 0.003719 -4.762455 0.044977 -0.003125 0.998983 232.174908
0.998938 0.013291 -0.044109 -2.287799 -0.013236 0.999911 0.001535 -4.778921 0.044125 -0.000950 0.999026 232.904781
0.998987 0.013313 -0.042985 -2.318239 -0.013318 0.999911 0.000173 -4.795655 0.042984 0.000400 0.999076 233.629938
0.999039 0.014038 -0.041512 -2.347762 -0.014062 0.999901 -0.000305 -4.813178 0.041504 0.000888 0.999138 234.354091
0.999116 0.013470 -0.039817 -2.374108 -0.013503 0.999909 -0.000566 -4.830531 0.039806 0.001103 0.999207 235.074131
0.999191 0.013286 -0.037969 -2.398980 -0.013318 0.999911 -0.000574 -4.847959 0.037958 0.001079 0.999279 235.790458
0.999265 0.013364 -0.035925 -2.424205 -0.013396 0.999910 -0.000647 -4.864866 0.035913 0.001128 0.999354 236.503474
0.999342 0.013110 -0.033822 -2.446746 -0.013150 0.999913 -0.000935 -4.881579 0.033807 0.001379 0.999428 237.212276
0.999434 0.013225 -0.030943 -2.467937 -0.013253 0.999912 -0.000693 -4.896919 0.030931 0.001102 0.999521 237.917766
0.999540 0.012310 -0.027726 -2.484953 -0.012320 0.999924 -0.000175 -4.912132 0.027722 0.000517 0.999616 238.619945
0.999628 0.011268 -0.024831 -2.499036 -0.011264 0.999937 0.000288 -4.929647 0.024833 -0.000008 0.999692 239.318512
0.999701 0.010990 -0.021830 -2.511388 -0.010982 0.999940 0.000482 -4.947554 0.021834 -0.000242 0.999762 240.013166
0.999766 0.010599 -0.018872 -2.521840 -0.010598 0.999944 0.000173 -4.965562 0.018873 0.000027 0.999822 240.703404
0.999818 0.010382 -0.015996 -2.530223 -0.010388 0.999946 -0.000297 -4.981740 0.015992 0.000463 0.999872 241.393242
0.999850 0.011342 -0.013049 -2.538170 -0.011359 0.999935 -0.001234 -4.998210 0.013034 0.001382 0.999914 242.084183
0.999885 0.011262 -0.010186 -2.544351 -0.011282 0.999934 -0.001926 -5.015660 0.010164 0.002041 0.999946 242.779940
0.999909 0.011299 -0.007336 -2.548371 -0.011307 0.999935 -0.001034 -5.032044 0.007324 0.001117 0.999973 243.478507
0.999919 0.011816 -0.004763 -2.553443 -0.011818 0.999930 -0.000382 -5.048170 0.004758 0.000438 0.999989 244.183295
0.999930 0.011554 -0.002459 -2.555665 -0.011555 0.999933 -0.000559 -5.064282 0.002453 0.000588 0.999997 244.888786
0.999935 0.011393 -0.000171 -2.556936 -0.011393 0.999934 -0.001782 -5.080295 0.000151 0.001784 0.999998 245.595581
0.999932 0.011576 0.001542 -2.556713 -0.011569 0.999923 -0.004384 -5.094783 -0.001593 0.004366 0.999989 246.306088
0.999938 0.010846 0.002491 -2.555677 -0.010831 0.999924 -0.005935 -5.109038 -0.002555 0.005908 0.999979 247.023318
0.999938 0.010772 0.002673 -2.553839 -0.010754 0.999919 -0.006767 -5.126143 -0.002746 0.006738 0.999973 247.747573
0.999946 0.010013 0.002849 -2.552167 -0.009993 0.999926 -0.006992 -5.145191 -0.002919 0.006963 0.999972 248.477847
0.999936 0.010925 0.003022 -2.552017 -0.010903 0.999915 -0.007170 -5.164585 -0.003100 0.007136 0.999970 249.213941
0.999925 0.011761 0.003321 -2.552338 -0.011735 0.999900 -0.007865 -5.185382 -0.003413 0.007826 0.999964 249.958364
0.999932 0.011087 0.003527 -2.551084 -0.011052 0.999890 -0.009859 -5.205979 -0.003636 0.009819 0.999945 250.706800
0.999966 0.007323 0.003910 -2.545536 -0.007276 0.999906 -0.011664 -5.227370 -0.003995 0.011636 0.999924 251.462059
0.999983 0.004024 0.004248 -2.539382 -0.003970 0.999912 -0.012619 -5.246305 -0.004298 0.012602 0.999911 252.225445
0.999972 0.005633 0.004842 -2.539611 -0.005587 0.999939 -0.009541 -5.263872 -0.004895 0.009514 0.999943 253.002278
0.999935 0.010010 0.005515 -2.544576 -0.009991 0.999944 -0.003462 -5.282956 -0.005549 0.003406 0.999979 253.788843
0.999932 0.009754 0.006386 -2.541897 -0.009762 0.999952 0.001240 -5.300222 -0.006374 -0.001302 0.999979 254.578619
0.999931 0.008283 0.008265 -2.532975 -0.008278 0.999965 -0.000683 -5.316153 -0.008271 0.000615 0.999966 255.376021
0.999881 0.009412 0.012192 -2.527035 -0.009327 0.999931 -0.007073 -5.328791 -0.012258 0.006958 0.999901 256.173623
0.999803 0.011553 0.016109 -2.519033 -0.011366 0.999867 -0.011683 -5.345294 -0.016242 0.011498 0.999802 256.982665
0.999729 0.013018 0.019313 -2.505946 -0.012796 0.999851 -0.011566 -5.364407 -0.019460 0.011316 0.999747 257.803145
0.999677 0.011673 0.022580 -2.486475 -0.011473 0.999894 -0.008995 -5.385775 -0.022682 0.008733 0.999705 258.634161
0.999637 0.008632 0.025519 -2.461875 -0.008486 0.999947 -0.005839 -5.406872 -0.025568 0.005620 0.999657 259.472000
0.999583 0.006150 0.028219 -2.436166 -0.006038 0.999974 -0.004047 -5.425049 -0.028243 0.003875 0.999594 260.311545
0.999489 0.005930 0.031398 -2.411653 -0.005823 0.999977 -0.003499 -5.445288 -0.031418 0.003314 0.999501 261.153398
0.999390 0.008171 0.033943 -2.387203 -0.007989 0.999953 -0.005512 -5.467449 -0.033987 0.005237 0.999409 261.990534
0.999304 0.008632 0.036290 -2.357572 -0.008352 0.999934 -0.007853 -5.488513 -0.036355 0.007545 0.999310 262.830380
0.999204 0.008957 0.038882 -2.325152 -0.008641 0.999928 -0.008277 -5.509575 -0.038953 0.007934 0.999209 263.672133
0.999077 0.009861 0.041803 -2.292210 -0.009603 0.999934 -0.006368 -5.533299 -0.041863 0.005960 0.999106 264.517497
0.998917 0.011382 0.045108 -2.258657 -0.011192 0.999927 -0.004448 -5.557575 -0.045155 0.003938 0.998972 265.362260
0.998782 0.011928 0.047870 -2.220921 -0.011729 0.999921 -0.004421 -5.580169 -0.047919 0.003854 0.998844 266.204614
0.998653 0.011797 0.050521 -2.178149 -0.011549 0.999920 -0.005198 -5.601556 -0.050578 0.004607 0.998710 267.050481
0.998536 0.010196 0.053115 -2.129567 -0.009915 0.999935 -0.005568 -5.622751 -0.053168 0.005033 0.998573 267.896347
0.998464 0.007188 0.054931 -2.079739 -0.006924 0.999964 -0.005009 -5.642388 -0.054965 0.004621 0.998478 268.745124
0.998423 0.005721 0.055843 -2.028802 -0.005456 0.999973 -0.004890 -5.662313 -0.055869 0.004577 0.998428 269.595606
0.998395 0.004969 0.056421 -1.980836 -0.004700 0.999977 -0.004899 -5.683949 -0.056444 0.004626 0.998395 270.445686
0.998366 0.004849 0.056932 -1.932175 -0.004582 0.999978 -0.004819 -5.705921 -0.056954 0.004551 0.998366 271.300885
0.998368 0.004824 0.056909 -1.883886 -0.004582 0.999980 -0.004386 -5.726987 -0.056929 0.004118 0.998370 272.156283
0.998396 0.005375 0.056369 -1.837506 -0.005169 0.999980 -0.003783 -5.750154 -0.056388 0.003486 0.998403 273.014191
0.998460 0.005008 0.055247 -1.791247 -0.004766 0.999978 -0.004509 -5.773108 -0.055269 0.004239 0.998463 273.871195
0.998546 0.005133 0.053656 -1.748978 -0.004852 0.999974 -0.005361 -5.793806 -0.053682 0.005093 0.998545 274.726293
0.998628 0.005919 0.052021 -1.708501 -0.005598 0.999964 -0.006311 -5.814912 -0.052057 0.006011 0.998626 275.584902
0.998695 0.007011 0.050590 -1.668196 -0.006694 0.999957 -0.006417 -5.835884 -0.050633 0.006070 0.998699 276.440201
0.998766 0.008133 0.048994 -1.630086 -0.007822 0.999948 -0.006537 -5.858238 -0.049045 0.006146 0.998778 277.293994
0.998868 0.008613 0.046776 -1.592883 -0.008339 0.999947 -0.006069 -5.879709 -0.046826 0.005672 0.998887 278.146182
0.998995 0.008422 0.044032 -1.557831 -0.008228 0.999956 -0.004593 -5.901149 -0.044068 0.004226 0.999020 278.996965
0.999178 0.007024 0.039930 -1.524964 -0.006940 0.999973 -0.002251 -5.921904 -0.039944 0.001972 0.999200 279.844938
0.999363 0.005823 0.035195 -1.496322 -0.005819 0.999983 -0.000212 -5.941918 -0.035196 0.000007 0.999380 280.686490
0.999522 0.005332 0.030442 -1.473194 -0.005371 0.999985 0.001204 -5.960750 -0.030435 -0.001367 0.999536 281.522623
0.999657 0.004914 0.025709 -1.454659 -0.004962 0.999986 0.001818 -5.978025 -0.025699 -0.001945 0.999668 282.346415
0.999766 0.004427 0.021173 -1.438757 -0.004482 0.999987 0.002535 -5.994410 -0.021161 -0.002629 0.999773 283.162580
0.999858 0.003418 0.016490 -1.425886 -0.003464 0.999990 0.002772 -6.010847 -0.016481 -0.002829 0.999860 283.965802
0.999919 0.003020 0.012361 -1.418907 -0.003051 0.999992 0.002497 -6.026687 -0.012353 -0.002534 0.999920 284.752769
0.999959 0.003448 0.008391 -1.418083 -0.003469 0.999991 0.002408 -6.040170 -0.008383 -0.002437 0.999962 285.522778
0.999982 0.003782 0.004558 -1.421172 -0.003793 0.999990 0.002493 -6.053988 -0.004549 -0.002511 0.999987 286.275228
0.999993 0.003534 0.000766 -1.424659 -0.003536 0.999990 0.002648 -6.069167 -0.000756 -0.002651 0.999996 287.008412
0.999991 0.002664 -0.003441 -1.430329 -0.002657 0.999995 0.001910 -6.085125 0.003446 -0.001901 0.999992 287.718919
0.999958 0.003814 -0.008375 -1.442789 -0.003810 0.999993 0.000515 -6.101380 0.008377 -0.000483 0.999965 288.410362
0.999877 0.005429 -0.014695 -1.461484 -0.005450 0.999984 -0.001339 -6.117454 0.014687 0.001419 0.999891 289.080031
0.999719 0.006284 -0.022872 -1.484783 -0.006356 0.999975 -0.003101 -6.132605 0.022852 0.003246 0.999734 289.732843
0.999432 0.006168 -0.033143 -1.513617 -0.006307 0.999972 -0.004073 -6.149396 0.033117 0.004280 0.999442 290.372912
0.998896 0.006605 -0.046514 -1.553007 -0.006812 0.999968 -0.004303 -6.167037 0.046484 0.004615 0.998908 291.003347
0.997996 0.007564 -0.062820 -1.604735 -0.007790 0.999964 -0.003355 -6.182453 0.062792 0.003838 0.998019 291.616224
0.996547 0.010234 -0.082397 -1.672865 -0.010473 0.999942 -0.002466 -6.196964 0.082367 0.003320 0.996597 292.220170
0.994434 0.011933 -0.104684 -1.750474 -0.012246 0.999922 -0.002349 -6.210196 0.104648 0.003618 0.994503 292.798328
0.991448 0.013381 -0.129815 -1.842909 -0.013784 0.999903 -0.002210 -6.224247 0.129772 0.003981 0.991536 293.373075
0.987444 0.014943 -0.157264 -1.951796 -0.015382 0.999880 -0.001575 -6.237015 0.157222 0.003974 0.987555 293.933373
0.982146 0.016370 -0.187409 -2.077236 -0.016693 0.999861 -0.000144 -6.247853 0.187380 0.003270 0.982282 294.465675
0.975195 0.016363 -0.220744 -2.219270 -0.016336 0.999865 0.001952 -6.257666 0.220746 0.001703 0.975330 294.997677
0.966428 0.016637 -0.256399 -2.378185 -0.016133 0.999862 0.004070 -6.271075 0.256431 0.000204 0.966562 295.513423
0.955806 0.018166 -0.293438 -2.554266 -0.016871 0.999834 0.006944 -6.285270 0.293515 -0.001687 0.955953 295.990840
0.943122 0.019917 -0.331848 -2.750961 -0.017674 0.999796 0.009776 -6.297631 0.331975 -0.003354 0.943282 296.471266
0.928330 0.020796 -0.371175 -2.961340 -0.017502 0.999772 0.012241 -6.307941 0.371345 -0.004868 0.928482 296.907844
0.911282 0.020947 -0.411250 -3.191627 -0.016463 0.999760 0.014442 -6.314604 0.411454 -0.006391 0.911408 297.356763
0.891514 0.020873 -0.452512 -3.439508 -0.015298 0.999755 0.015976 -6.320980 0.452735 -0.007320 0.891615 297.791835
0.868843 0.020588 -0.494660 -3.702170 -0.013753 0.999753 0.017454 -6.328231 0.494897 -0.008362 0.868911 298.174429
0.843254 0.019989 -0.537144 -3.984764 -0.011546 0.999751 0.019078 -6.332760 0.537392 -0.009886 0.843275 298.575085
0.814534 0.020359 -0.579758 -4.285394 -0.009936 0.999727 0.021147 -6.336992 0.580030 -0.011464 0.814514 298.956876
0.782848 0.022098 -0.621821 -4.604247 -0.010431 0.999695 0.022394 -6.339444 0.622126 -0.011044 0.782839 299.275754
0.747890 0.021529 -0.663473 -4.941735 -0.008359 0.999700 0.023016 -6.345184 0.663770 -0.011667 0.747846 299.614900
0.709248 0.021013 -0.704646 -5.290596 -0.004494 0.999670 0.025288 -6.347814 0.704945 -0.014769 0.709109 299.885514
0.666117 0.020480 -0.745566 -5.657101 0.001868 0.999574 0.029127 -6.343982 0.745845 -0.020795 0.665794 300.184324
0.618595 0.021215 -0.785423 -6.037216 0.006372 0.999467 0.032015 -6.339964 0.785684 -0.024809 0.618131 300.451727
0.567759 0.024919 -0.822818 -6.428550 0.006451 0.999376 0.034717 -6.332310 0.823170 -0.025018 0.567244 300.627820
0.515010 0.031745 -0.856596 -6.834418 0.001903 0.999269 0.038176 -6.331276 0.857182 -0.021292 0.514573 300.824283
0.460022 0.036539 -0.887155 -7.243344 -0.000961 0.999173 0.040654 -6.326098 0.887907 -0.017849 0.459676 300.994958
0.403080 0.038749 -0.914344 -7.648411 -0.001026 0.999122 0.041890 -6.315633 0.915164 -0.015947 0.402766 301.082049
0.345398 0.040915 -0.937564 -8.056942 0.000794 0.999036 0.043890 -6.304576 0.938456 -0.015904 0.345033 301.201651
0.286916 0.044177 -0.956937 -8.467263 0.003484 0.998881 0.047158 -6.292308 0.957950 -0.016864 0.286441 301.240680
0.227628 0.048210 -0.972554 -8.882280 0.005519 0.998694 0.050798 -6.282888 0.973733 -0.016930 0.227065 301.308205
0.165841 0.051581 -0.984803 -9.304255 0.008733 0.998515 0.053770 -6.271213 0.986114 -0.017517 0.165144 301.350143
0.102029 0.055588 -0.993227 -9.731615 0.009495 0.998338 0.056849 -6.256955 0.994736 -0.015231 0.101332 301.304886
0.037282 0.060910 -0.997447 -10.172975 0.012079 0.998040 0.061398 -6.242546 0.999232 -0.014337 0.036473 301.292039
-0.028612 0.067612 -0.997301 -10.619737 0.014510 0.997633 0.067219 -6.224323 0.999485 -0.012547 -0.029525 301.249993
-0.095673 0.074333 -0.992633 -11.071093 0.017569 0.997179 0.072980 -6.199526 0.995258 -0.010457 -0.096709 301.117239
-0.162228 0.080611 -0.983455 -11.529484 0.020463 0.996718 0.078323 -6.178297 0.986541 -0.007418 -0.163345 301.013985
-0.227627 0.086613 -0.969889 -11.986278 0.025140 0.996227 0.083065 -6.150180 0.973424 -0.005475 -0.228945 300.817415
-0.291601 0.091147 -0.952187 -12.447558 0.030227 0.995831 0.086068 -6.123531 0.956062 -0.003684 -0.293140 300.651448
-0.353129 0.093636 -0.930877 -12.906028 0.034851 0.995605 0.086927 -6.094784 0.934925 -0.001745 -0.354840 300.451767
-0.412246 0.094495 -0.906159 -13.358667 0.039332 0.995525 0.085920 -6.063773 0.910223 -0.000221 -0.414118 300.159874
-0.467758 0.094545 -0.878785 -13.812711 0.042794 0.995519 0.084326 -6.028358 0.882820 0.001837 -0.469708 299.890256
-0.519594 0.094664 -0.849153 -14.263353 0.045941 0.995501 0.082868 -5.989762 0.853177 0.004047 -0.521606 299.536754
-0.566104 0.094801 -0.818864 -14.715491 0.048528 0.995475 0.081699 -5.950116 0.822904 0.006512 -0.568143 299.194792
-0.607122 0.095612 -0.788836 -15.170086 0.050497 0.995370 0.081781 -5.913525 0.793003 0.009817 -0.609139 298.813997
-0.644411 0.098910 -0.758255 -15.624640 0.055338 0.995031 0.082766 -5.871992 0.762674 0.011375 -0.646683 298.370992
-0.680915 0.105633 -0.724704 -16.081282 0.064362 0.994346 0.084463 -5.830931 0.729529 0.010869 -0.683864 297.927284
-0.716412 0.111421 -0.688723 -16.529183 0.071742 0.993697 0.086133 -5.783464 0.693979 0.012297 -0.719890 297.408923
-0.749283 0.113476 -0.652455 -16.963940 0.075932 0.993434 0.085579 -5.737737 0.657882 0.014580 -0.752980 296.882435
-0.779741 0.110185 -0.616331 -17.383856 0.076432 0.993782 0.080967 -5.692386 0.621420 0.016026 -0.783314 296.288117
-0.807232 0.107361 -0.580388 -17.792011 0.078403 0.994108 0.074845 -5.645499 0.585004 0.014913 -0.810894 295.686173
-0.832370 0.102443 -0.544670 -18.187604 0.077728 0.994633 0.068289 -5.596317 0.548742 0.014506 -0.835866 295.046301
-0.855053 0.099719 -0.508863 -18.570815 0.078903 0.994928 0.062389 -5.550791 0.512503 0.013195 -0.858584 294.346827
-0.875764 0.097833 -0.472723 -18.938753 0.078503 0.995076 0.060504 -5.509383 0.476314 0.015877 -0.879132 293.630998
-0.895430 0.094453 -0.435067 -19.281696 0.076708 0.995353 0.058213 -5.472940 0.438544 0.018752 -0.898514 292.854664
-0.913017 0.093618 -0.397033 -19.607511 0.077944 0.995413 0.055473 -5.435497 0.400406 0.019701 -0.916126 292.068898
-0.928813 0.095588 -0.358007 -19.915515 0.081619 0.995201 0.053969 -5.397191 0.361448 0.020907 -0.932158 291.227444
-0.942603 0.099212 -0.318837 -20.200221 0.086846 0.994821 0.052807 -5.364689 0.322425 0.022086 -0.946337 290.374250
-0.954698 0.099695 -0.280378 -20.453699 0.088263 0.994679 0.053141 -5.330467 0.284184 0.025987 -0.958418 289.485435
-0.964622 0.102636 -0.242839 -20.685153 0.092559 0.994318 0.052579 -5.296130 0.246856 0.028242 -0.968641 288.545247
-0.973179 0.101988 -0.206208 -20.884869 0.093287 0.994306 0.051514 -5.265003 0.210288 0.030896 -0.977151 287.595125
-0.979985 0.100218 -0.172006 -21.051262 0.093676 0.994551 0.045760 -5.231887 0.175655 0.028731 -0.984032 286.603162
-0.985364 0.098838 -0.138881 -21.190944 0.093991 0.994726 0.041055 -5.198232 0.142207 0.027400 -0.989458 285.597251
-0.989399 0.098011 -0.107164 -21.301637 0.094243 0.994758 0.039693 -5.169612 0.110493 0.029173 -0.993449 284.557125
-0.992432 0.096225 -0.076288 -21.382018 0.093518 0.994880 0.038309 -5.143301 0.079584 0.030885 -0.996350 283.480877
-0.994366 0.094834 -0.047356 -21.433881 0.093164 0.994989 0.036309 -5.118237 0.050562 0.031692 -0.998218 282.387872
-0.995236 0.095270 -0.020712 -21.458833 0.094534 0.994939 0.034043 -5.092068 0.023850 0.031922 -0.999206 281.264064
-0.995753 0.091963 0.004401 -21.452469 0.092060 0.995159 0.034403 -5.068634 -0.001216 0.034662 -0.999398 280.122294
-0.995538 0.090144 0.027897 -21.420678 0.091076 0.995258 0.034148 -5.044246 -0.024687 0.036537 -0.999027 278.952530
-0.994999 0.087442 0.048283 -21.364685 0.089068 0.995491 0.032632 -5.021530 -0.045212 0.036769 -0.998301 277.770525
-0.994471 0.082744 0.064654 -21.283888 0.084787 0.995962 0.029519 -5.001358 -0.061950 0.034838 -0.997471 276.575777
-0.993999 0.077667 0.077032 -21.186243 0.080021 0.996401 0.027959 -4.983245 -0.074584 0.033956 -0.996637 275.364172
-0.993718 0.072834 0.084972 -21.075835 0.075554 0.996713 0.029234 -4.965436 -0.082564 0.035470 -0.995954 274.136211
-0.993630 0.069235 0.088910 -20.959708 0.072245 0.996902 0.031097 -4.946924 -0.086481 0.037322 -0.995554 272.887480
-0.993731 0.067438 0.089162 -20.850012 0.070313 0.997088 0.029510 -4.927465 -0.086913 0.035594 -0.995580 271.625204
-0.994058 0.065280 0.087107 -20.738690 0.067972 0.997286 0.028299 -4.906062 -0.085024 0.034052 -0.995797 270.343762
-0.994305 0.064651 0.084719 -20.627619 0.067342 0.997300 0.029295 -4.883412 -0.082596 0.034834 -0.995974 269.047470
-0.994589 0.063580 0.082164 -20.519618 0.066268 0.997338 0.030410 -4.861751 -0.080012 0.035691 -0.996155 267.737632
