1.000000 0.000000 0.000000 0.000000 0.000000 1.000000 0.000000 -0.000000 0.000000 0.000000 1.000000 -0.000000
0.999996 0.002872 0.000684 0.003893 -0.002874 0.999993 0.002190 -0.184991 -0.000678 -0.002192 0.999997 0.811263
0.999983 0.005588 0.001563 0.007217 -0.005593 0.999979 0.003190 -0.368236 -0.001545 -0.003199 0.999994 1.635961
0.999973 0.006921 0.002355 0.020524 -0.006928 0.999971 0.003050 -0.552320 -0.002334 -0.003066 0.999993 2.398013
0.999957 0.008891 0.002795 0.029687 -0.008900 0.999956 0.002979 -0.734327 -0.002769 -0.003003 0.999992 3.184706
0.999953 0.009052 0.003609 0.033464 -0.009063 0.999954 0.003037 -0.918310 -0.003581 -0.003069 0.999989 3.911842
0.999947 0.009344 0.004394 0.038297 -0.009363 0.999947 0.004350 -1.102394 -0.004353 -0.004390 0.999981 4.646512
0.999935 0.010024 0.005411 0.050765 -0.010063 0.999923 0.007217 -1.285097 -0.005338 -0.007271 0.999959 5.339689
0.999926 0.009856 0.007085 0.051884 -0.009936 0.999886 0.011359 -1.470593 -0.006972 -0.011429 0.999910 5.989578
0.999923 0.009036 0.008545 0.062687 -0.009164 0.999844 0.015107 -1.655746 -0.008407 -0.015184 0.999849 6.606963
0.999919 0.008184 0.009780 0.077734 -0.008356 0.999809 0.017681 -1.839855 -0.009633 -0.017762 0.999796 7.203840
0.999899 0.008569 0.011317 0.091907 -0.008772 0.999800 0.017948 -2.023392 -0.011161 -0.018045 0.999775 7.789720
0.999870 0.009739 0.012820 0.078327 -0.009943 0.999824 0.015900 -2.206950 -0.012663 -0.016026 0.999791 8.322703
0.999854 0.009705 0.014037 0.052873 -0.009884 0.999871 0.012682 -2.394913 -0.013912 -0.012818 0.999821 8.800869
0.999839 0.008392 0.015862 0.045553 -0.008573 0.999898 0.011428 -2.579811 -0.015764 -0.011563 0.999809 9.250508
0.999829 0.004731 0.017864 0.036422 -0.004897 0.999945 0.009288 -2.767953 -0.017819 -0.009374 0.999797 9.679929
0.999801 0.002372 0.019804 0.047414 -0.002530 0.999965 0.007966 -2.953575 -0.019785 -0.008015 0.999772 10.081360
0.999732 0.006671 0.022168 0.042157 -0.006815 0.999956 0.006421 -3.142551 -0.022124 -0.006570 0.999734 10.470780
0.999615 0.011303 0.025323 0.037818 -0.011450 0.999919 0.005648 -3.333269 -0.025257 -0.005936 0.999663 10.792259
0.999511 0.012176 0.028807 0.031871 -0.012370 0.999902 0.006541 -3.523226 -0.028724 -0.006894 0.999564 11.085814
0.999455 0.008077 0.031997 0.050893 -0.008313 0.999939 0.007227 -3.706655 -0.031936 -0.007489 0.999462 11.362522
0.999399 0.002921 0.034529 0.070634 -0.003149 0.999974 0.006538 -3.888842 -0.034509 -0.006643 0.999382 11.611365
0.999314 -0.000627 0.037039 0.095619 0.000326 0.999967 0.008137 -4.071233 -0.037043 -0.008119 0.999281 11.835344
0.999210 -0.001029 0.039720 0.090586 0.000652 0.999955 0.009488 -4.268076 -0.039728 -0.009454 0.999166 11.936466
0.999127 -0.000208 0.041767 0.097017 -0.000140 0.999965 0.008331 -4.457474 -0.041767 -0.008329 0.999093 12.048827
0.999030 0.000621 0.044040 0.106848 -0.000917 0.999977 0.006684 -4.644611 -0.044035 -0.006718 0.999007 12.145515
0.998908 0.002813 0.046645 0.112723 -0.003079 0.999980 0.005615 -4.833710 -0.046628 -0.005753 0.998896 12.232921
0.998811 0.005743 0.048408 0.124825 -0.006005 0.999968 0.005257 -5.021684 -0.048376 -0.005542 0.998814 12.322725
0.998737 0.007423 0.049687 0.105957 -0.007628 0.999963 0.003934 -5.220757 -0.049656 -0.004308 0.998757 12.335027
0.998644 0.006635 0.051629 0.107759 -0.006750 0.999975 0.002042 -5.410556 -0.051614 -0.002387 0.998664 12.377370
0.998575 0.005360 0.053093 0.106414 -0.005391 0.999985 0.000432 -5.599752 -0.053089 -0.000717 0.998590 12.409008
0.998521 0.004548 0.054170 0.120951 -0.004516 0.999989 -0.000722 -5.782798 -0.054173 0.000476 0.998532 12.466071
0.998437 0.005271 0.055639 0.117960 -0.005163 0.999985 -0.002085 -5.973298 -0.055649 0.001795 0.998449 12.487584
0.998359 0.006303 0.056925 0.125699 -0.006071 0.999973 -0.004249 -6.160582 -0.056950 0.003897 0.998369 12.523154
0.998313 0.006443 0.057706 0.127462 -0.006078 0.999960 -0.006495 -6.350324 -0.057746 0.006133 0.998313 12.543102
0.998277 0.005677 0.058408 0.143021 -0.005173 0.999948 -0.008783 -6.534828 -0.058455 0.008466 0.998254 12.587794
0.998304 0.004780 0.058021 0.157476 -0.004162 0.999933 -0.010771 -6.719215 -0.058069 0.010512 0.998257 12.632926
0.998424 0.004280 0.055957 0.160724 -0.003612 0.999921 -0.012034 -6.903920 -0.056004 0.011813 0.998361 12.672541
0.998587 0.004443 0.052947 0.150927 -0.003759 0.999908 -0.013024 -7.091533 -0.053000 0.012807 0.998512 12.699542
0.998791 0.005078 0.048904 0.152020 -0.004388 0.999890 -0.014191 -7.275414 -0.048971 0.013959 0.998703 12.746070
0.999050 0.005410 0.043230 0.155705 -0.004751 0.999871 -0.015347 -7.457603 -0.043308 0.015127 0.998947 12.798307
0.999317 0.005334 0.036575 0.157303 -0.004746 0.999858 -0.016141 -7.639654 -0.036656 0.015956 0.999201 12.850032
0.999555 0.005452 0.029345 0.146642 -0.004956 0.999844 -0.016976 -7.823270 -0.029433 0.016823 0.999425 12.880244
0.999759 0.005663 0.021201 0.131817 -0.005281 0.999824 -0.018025 -8.006755 -0.021299 0.017909 0.999613 12.910437
0.999927 0.004574 0.011199 0.128554 -0.004357 0.999804 -0.019324 -8.187426 -0.011285 0.019274 0.999751 12.968243
0.999993 0.003206 -0.001726 0.118500 -0.003242 0.999774 -0.021026 -8.368884 0.001658 0.021032 0.999777 13.030754
0.999843 0.002398 -0.017575 0.113801 -0.002803 0.999730 -0.023047 -8.547404 0.017515 0.023092 0.999580 13.122947
0.999312 0.002905 -0.036978 0.078106 -0.003797 0.999703 -0.024069 -8.732867 0.036897 0.024193 0.999026 13.191750
0.998265 0.003776 -0.058766 0.046163 -0.005180 0.999704 -0.023755 -8.916116 0.058659 0.024018 0.997989 13.296886
0.996595 0.004492 -0.082329 0.002382 -0.006364 0.999727 -0.022486 -9.098829 0.082206 0.022933 0.996351 13.407611
0.994024 0.005520 -0.109020 -0.038485 -0.007841 0.999751 -0.020873 -9.281445 0.108878 0.021603 0.993820 13.560590
0.990274 0.006838 -0.138963 -0.103098 -0.009542 0.999778 -0.018801 -9.464301 0.138803 0.019944 0.990119 13.708902
0.985052 0.007041 -0.172114 -0.179021 -0.009828 0.999834 -0.015346 -9.647142 0.171978 0.016808 0.984958 13.893779
0.977923 0.008130 -0.208809 -0.264451 -0.010741 0.999878 -0.011376 -9.829144 0.208691 0.013368 0.977890 14.096907
0.968578 0.009648 -0.248522 -0.378680 -0.011444 0.999918 -0.005780 -10.006720 0.248445 0.008442 0.968609 14.285586
0.956951 0.013681 -0.289929 -0.492965 -0.014599 0.999893 -0.001006 -10.185280 0.289884 0.005195 0.957048 14.515124
0.943138 0.017323 -0.331950 -0.639468 -0.017158 0.999847 0.003428 -10.364720 0.331959 0.002462 0.943291 14.748123
0.926813 0.020168 -0.374982 -0.806478 -0.018122 0.999795 0.008984 -10.539850 0.375086 -0.001531 0.926989 14.968821
0.907870 0.023657 -0.418585 -0.988167 -0.018266 0.999691 0.016880 -10.717700 0.418854 -0.007679 0.908021 15.220594
0.886429 0.028259 -0.462002 -1.175888 -0.019447 0.999527 0.023825 -10.892720 0.462457 -0.012134 0.886559 15.461470
0.862079 0.033404 -0.505672 -1.398262 -0.021992 0.999351 0.028525 -11.063480 0.506297 -0.013470 0.862254 15.652548
0.834610 0.036944 -0.549600 -1.633822 -0.023044 0.999217 0.032173 -11.233330 0.550358 -0.014187 0.834808 15.891086
0.804221 0.040616 -0.592941 -1.915893 -0.025634 0.999104 0.033669 -11.399570 0.593777 -0.011878 0.804542 16.085505
0.771112 0.043373 -0.635221 -2.191072 -0.026097 0.998992 0.036532 -11.561380 0.636165 -0.011593 0.771466 16.313186
0.734686 0.047072 -0.676772 -2.485850 -0.027051 0.998829 0.040107 -11.720130 0.677867 -0.011159 0.735099 16.537375
0.696312 0.048866 -0.716073 -2.822426 -0.025392 0.998732 0.043465 -11.876970 0.717290 -0.012083 0.696670 16.714345
0.656045 0.048953 -0.753133 -3.179417 -0.022713 0.998723 0.045131 -12.036280 0.754380 -0.012502 0.656319 16.949050
0.613873 0.048232 -0.787930 -3.570625 -0.017816 0.998724 0.047255 -12.194400 0.789204 -0.014971 0.613949 17.171654
0.569587 0.048481 -0.820500 -3.988906 -0.013003 0.998665 0.049982 -12.348460 0.821828 -0.017800 0.569457 17.351443
0.523398 0.050164 -0.850610 -4.425531 -0.011137 0.998583 0.052038 -12.499540 0.852016 -0.017764 0.523215 17.551440
0.474446 0.049802 -0.878875 -4.885074 -0.010073 0.998640 0.051151 -12.648520 0.880227 -0.015416 0.474303 17.685133
0.422406 0.048858 -0.905089 -5.390530 -0.004958 0.998656 0.051595 -12.796410 0.906393 -0.017307 0.422080 17.860507
0.369110 0.048748 -0.928106 -5.907288 0.000249 0.998618 0.052550 -12.943880 0.929386 -0.019628 0.368588 18.018924
0.315326 0.046931 -0.947822 -6.466450 0.003825 0.998705 0.050723 -13.087990 0.948976 -0.019620 0.314738 18.110363
0.262172 0.052078 -0.963615 -7.034985 0.004585 0.998464 0.055209 -13.230670 0.965010 -0.018892 0.261530 18.217466
0.210809 0.058024 -0.975804 -7.629304 0.007000 0.998122 0.060863 -13.373440 0.977502 -0.019661 0.210007 18.303858
0.161979 0.059285 -0.985012 -8.281062 0.013137 0.997976 0.062225 -13.513250 0.986707 -0.023019 0.160873 18.348439
0.117338 0.061234 -0.991202 -8.933066 0.015866 0.997854 0.063523 -13.656860 0.992965 -0.023180 0.116115 18.393742
0.076461 0.060354 -0.995244 -9.626412 0.015608 0.997972 0.061718 -13.795260 0.996950 -0.020253 0.075364 18.395859
0.040643 0.055833 -0.997613 -10.312585 0.014159 0.998305 0.056449 -13.924960 0.999073 -0.016419 0.039784 18.390530
0.011259 0.054920 -0.998427 -11.029815 0.011738 0.998414 0.055052 -14.055570 0.999868 -0.012339 0.010596 18.359153
-0.010258 0.059456 -0.998178 -11.777850 0.010181 0.998185 0.059352 -14.188050 0.999896 -0.009553 -0.010844 18.324485
-0.023706 0.065556 -0.997567 -12.584092 0.011151 0.997803 0.065307 -14.316250 0.999657 -0.009576 -0.024385 18.287098
-0.031989 0.068797 -0.997118 -13.361516 0.011331 0.997589 0.068466 -14.446180 0.999424 -0.009109 -0.032691 18.241563
-0.036082 0.066380 -0.997142 -14.171601 0.012476 0.997744 0.065969 -14.574970 0.999271 -0.010060 -0.036828 18.198868
-0.035719 0.062633 -0.997397 -14.981134 0.018276 0.997908 0.062010 -14.698940 0.999195 -0.016014 -0.036789 18.159644
-0.031645 0.060083 -0.997692 -15.854915 0.031286 0.997762 0.059095 -14.811840 0.999009 -0.029344 -0.033454 18.139014
-0.026179 0.060341 -0.997834 -16.716736 0.032527 0.997699 0.059479 -14.934720 0.999128 -0.030899 -0.028081 18.104898
-0.020678 0.059741 -0.998000 -17.613153 0.029239 0.997822 0.059125 -15.063980 0.999359 -0.027958 -0.022380 18.068363
-0.017616 0.053093 -0.998434 -18.503069 0.034247 0.998035 0.052467 -15.189850 0.999258 -0.033269 -0.019400 18.042103
-0.015671 0.042560 -0.998971 -19.446255 0.032413 0.998590 0.042035 -15.305970 0.999352 -0.031721 -0.017029 18.002468
-0.014781 0.034653 -0.999290 -20.378093 0.024532 0.999111 0.034284 -15.436510 0.999590 -0.024008 -0.015618 17.954585
-0.016172 0.030885 -0.999392 -21.332838 0.018996 0.999352 0.030577 -15.566230 0.999689 -0.018490 -0.016748 17.907525
-0.019637 0.037438 -0.999106 -22.307641 0.010323 0.999253 0.037241 -15.705380 0.999754 -0.009582 -0.020008 17.851675
-0.024047 0.045288 -0.998684 -23.305583 0.003460 0.998971 0.045218 -15.839170 0.999705 -0.002368 -0.024178 17.792845
-0.028945 0.054705 -0.998083 -24.336486 0.002762 0.998502 0.054648 -15.954850 0.999577 -0.001175 -0.029052 17.733392
-0.030899 0.064321 -0.997451 -25.380544 0.001407 0.997929 0.064309 -16.066070 0.999522 0.000584 -0.030925 17.672455
-0.032002 0.073284 -0.996798 -26.429940 0.002673 0.997311 0.073236 -16.172370 0.999484 -0.000321 -0.032111 17.614859
-0.033284 0.074924 -0.996634 -27.472773 0.004588 0.997187 0.074812 -16.275760 0.999435 -0.002083 -0.033534 17.559089
-0.035294 0.071459 -0.996819 -28.516992 0.003127 0.997443 0.071393 -16.392610 0.999372 -0.000597 -0.035428 17.495894
-0.037760 0.067018 -0.997037 -29.632993 0.002964 0.997752 0.066954 -16.202890 0.999282 -0.000427 -0.037874 17.441749
-0.042521 0.062064 -0.997166 -30.757584 0.003275 0.998072 0.061981 -15.936340 0.999090 -0.000630 -0.042642 17.384424
-0.048296 0.057002 -0.997205 -31.843263 0.003289 0.998374 0.056909 -15.783940 0.998828 -0.000531 -0.048405 17.317888
-0.054932 0.054319 -0.997012 -32.951769 0.002589 0.998524 0.054259 -15.540920 0.998487 0.000399 -0.054992 17.245431
-0.061393 0.057617 -0.996449 -34.051817 0.002900 0.998339 0.057547 -15.388670 0.998109 0.000643 -0.061458 17.163773
-0.068112 0.062864 -0.995695 -35.181053 0.001981 0.998019 0.062875 -15.161740 0.997676 0.002310 -0.068102 17.070155
-0.074156 0.066027 -0.995058 -36.295048 -0.000947 0.997801 0.066279 -15.000210 0.997246 0.005857 -0.073930 16.970466
-0.079205 0.067852 -0.994546 -37.425178 -0.003583 0.997655 0.068349 -14.812350 0.996852 0.008977 -0.078776 16.867928
-0.082065 0.069648 -0.994190 -38.536273 -0.008186 0.997474 0.070554 -14.662210 0.996593 0.013928 -0.081288 16.758134
-0.083715 0.070837 -0.993969 -39.661826 -0.012396 0.997319 0.072120 -14.489170 0.996413 0.018359 -0.082612 16.645602
-0.085419 0.070712 -0.993833 -40.767403 -0.013827 0.997298 0.072147 -14.346280 0.996249 0.019904 -0.084211 16.539471
-0.086860 0.069748 -0.993776 -41.868193 -0.014121 0.997360 0.071234 -14.209350 0.996120 0.020220 -0.085646 16.431855
-0.087946 0.068928 -0.993738 -42.970066 -0.015248 0.997393 0.070531 -14.063970 0.996009 0.021356 -0.086666 16.320457
-0.088932 0.068414 -0.993685 -44.072823 -0.017545 0.997376 0.070238 -13.943800 0.995883 0.023680 -0.087498 16.207513
-0.089953 0.066205 -0.993743 -45.174135 -0.021514 0.997426 0.068398 -13.804850 0.995714 0.027532 -0.088297 16.066845
-0.090494 0.061275 -0.994010 -46.281437 -0.026909 0.997591 0.063945 -13.699770 0.995533 0.032535 -0.088627 15.928595
-0.089913 0.059909 -0.994146 -47.393646 -0.029341 0.997597 0.062771 -13.576890 0.995517 0.034813 -0.087939 15.789312
-0.088283 0.063555 -0.994066 -48.511363 -0.030332 0.997328 0.066457 -13.480820 0.995633 0.036019 -0.086120 15.665832
-0.086683 0.068114 -0.993905 -49.611591 -0.031372 0.996978 0.071061 -13.369070 0.995742 0.037341 -0.084284 15.512331
-0.085495 0.067065 -0.994079 -50.724161 -0.028429 0.997162 0.069718 -13.267220 0.995933 0.034222 -0.083345 15.384145
-0.083645 0.066404 -0.994281 -51.852575 -0.027744 0.997235 0.068936 -13.158690 0.996109 0.033351 -0.081572 15.244039
-0.080178 0.067215 -0.994512 -52.976955 -0.032037 0.997035 0.069969 -13.065030 0.996266 0.037471 -0.077787 15.102388
-0.075357 0.067752 -0.994852 -54.109181 -0.037485 0.996791 0.070723 -12.962880 0.996452 0.042622 -0.072576 14.942846
-0.070082 0.067587 -0.995249 -55.218179 -0.041401 0.996645 0.070597 -12.864640 0.996682 0.046152 -0.067049 14.792635
-0.065027 0.066926 -0.995637 -56.340371 -0.043189 0.996625 0.069813 -12.752000 0.996949 0.047541 -0.061917 14.625116
-0.059810 0.065728 -0.996043 -57.465725 -0.042872 0.996740 0.068348 -12.656220 0.997289 0.046790 -0.056797 14.493810
-0.054948 0.065897 -0.996312 -58.600409 -0.041372 0.996813 0.068212 -12.563740 0.997632 0.044967 -0.052046 14.378598
-0.050223 0.066190 -0.996542 -59.741817 -0.040570 0.996843 0.068254 -12.470480 0.997914 0.043858 -0.047379 14.267681
-0.045001 0.067822 -0.996682 -60.886205 -0.039283 0.996801 0.069604 -12.384870 0.998214 0.042284 -0.042193 14.178206
-0.040236 0.068419 -0.996845 -62.040075 -0.040630 0.996716 0.070051 -12.283640 0.998364 0.043321 -0.037324 14.082430
-0.035167 0.069056 -0.996993 -63.182998 -0.040561 0.996689 0.070466 -12.191740 0.998558 0.042917 -0.032250 14.006391
-0.030524 0.064262 -0.997466 -64.321706 -0.040191 0.997045 0.065465 -12.097140 0.998726 0.042087 -0.027851 13.929147
-0.026404 0.058909 -0.997914 -65.466937 -0.039915 0.997404 0.059935 -12.016470 0.998854 0.041414 -0.023984 13.871370
-0.023215 0.057372 -0.998083 -66.629797 -0.039840 0.997506 0.058265 -11.932740 0.998936 0.041116 -0.020872 13.816954
-0.020345 0.060368 -0.997969 -67.823733 -0.039736 0.997338 0.061140 -11.843840 0.999003 0.040900 -0.017892 13.750578
-0.018692 0.060433 -0.997997 -69.037415 -0.039480 0.997348 0.061133 -11.753070 0.999046 0.040544 -0.016256 13.675000
-0.018098 0.059852 -0.998043 -70.239157 -0.041270 0.997311 0.060557 -11.673140 0.998984 0.042285 -0.015579 13.609747
-0.017705 0.060954 -0.997984 -71.439736 -0.042678 0.997184 0.061662 -11.597890 0.998932 0.043683 -0.015054 13.542206
-0.016867 0.060966 -0.997997 -72.642491 -0.043370 0.997155 0.061648 -11.515840 0.998917 0.044323 -0.014175 13.490509
-0.015957 0.058825 -0.998141 -73.860699 -0.043947 0.997262 0.059475 -11.443350 0.998906 0.044815 -0.013328 13.460837
-0.015548 0.057597 -0.998219 -75.102878 -0.042295 0.997408 0.058209 -11.373020 0.998984 0.043125 -0.013072 13.430994
-0.015435 0.057640 -0.998218 -76.299312 -0.038515 0.997562 0.058197 -11.313420 0.999139 0.039344 -0.013177 13.410383
-0.015606 0.057773 -0.998208 -77.497502 -0.036596 0.997627 0.058312 -11.256060 0.999208 0.037441 -0.013454 13.387433
-0.015584 0.060455 -0.998049 -78.695452 -0.035882 0.997494 0.060981 -11.190810 0.999235 0.036763 -0.013376 13.362838
-0.015626 0.064412 -0.997801 -79.900626 -0.038519 0.997143 0.064973 -11.120020 0.999136 0.039449 -0.013100 13.331380
-0.015204 0.064638 -0.997793 -81.089033 -0.040899 0.997033 0.065212 -11.054970 0.999048 0.041800 -0.012515 13.292626
-0.015128 0.062312 -0.997942 -82.269703 -0.041851 0.997142 0.062896 -10.987600 0.999009 0.042716 -0.012477 13.247321
-0.015148 0.059796 -0.998096 -83.460859 -0.041898 0.997296 0.060383 -10.925040 0.999007 0.042733 -0.012602 13.217016
-0.015441 0.059272 -0.998123 -84.687295 -0.039788 0.997414 0.059845 -10.863190 0.999089 0.040637 -0.013042 13.198652
-0.015483 0.060948 -0.998021 -85.897386 -0.038175 0.997377 0.061501 -10.803280 0.999151 0.039051 -0.013115 13.180710
-0.015291 0.063673 -0.997854 -87.101606 -0.037461 0.997233 0.064207 -10.742390 0.999181 0.038363 -0.012863 13.160770
-0.014930 0.066005 -0.997708 -88.305074 -0.037930 0.997063 0.066530 -10.678540 0.999169 0.038836 -0.012382 13.134941
-0.014944 0.066640 -0.997665 -89.505151 -0.039541 0.996957 0.067185 -10.609130 0.999106 0.040452 -0.012263 13.101706
-0.014832 0.064573 -0.997803 -90.714770 -0.039048 0.997114 0.065109 -10.536370 0.999127 0.039928 -0.012268 13.074432
-0.014732 0.062913 -0.997910 -91.901641 -0.037388 0.997286 0.063426 -10.471610 0.999192 0.038244 -0.012339 13.045953
-0.014792 0.063759 -0.997856 -93.079633 -0.035769 0.997292 0.064254 -10.414350 0.999251 0.036643 -0.012472 13.009789
-0.014757 0.066919 -0.997649 -94.252136 -0.033803 0.997154 0.067386 -10.355220 0.999320 0.034718 -0.012453 12.982123
-0.014589 0.069496 -0.997476 -95.429054 -0.032296 0.997028 0.069937 -10.290430 0.999372 0.033234 -0.012301 12.953765
-0.014338 0.070882 -0.997382 -96.596932 -0.032944 0.996909 0.071322 -10.220430 0.999354 0.033881 -0.011958 12.918383
-0.014109 0.072859 -0.997242 -97.757203 -0.035183 0.996688 0.073316 -10.147360 0.999281 0.036120 -0.011499 12.873800
-0.014107 0.072171 -0.997293 -98.921639 -0.037855 0.996638 0.072659 -10.075360 0.999184 0.038778 -0.011327 12.836381
-0.013933 0.068653 -0.997543 -100.094062 -0.040477 0.996784 0.069166 -9.994701 0.999083 0.041341 -0.011110 12.796614
-0.013782 0.067215 -0.997643 -101.264949 -0.042383 0.996802 0.067744 -9.909116 0.999006 0.043217 -0.010889 12.764172
-0.013898 0.065586 -0.997750 -102.434211 -0.041899 0.996932 0.066116 -9.825948 0.999025 0.042724 -0.011107 12.738041
-0.013821 0.064192 -0.997842 -103.604878 -0.040510 0.997082 0.064704 -9.744093 0.999084 0.041317 -0.011181 12.714028
-0.013944 0.066109 -0.997715 -104.773739 -0.039975 0.996977 0.066619 -9.664877 0.999103 0.040813 -0.011259 12.689663
-0.013765 0.069090 -0.997515 -105.948118 -0.038830 0.996820 0.069578 -9.584647 0.999151 0.039691 -0.011039 12.664827
-0.014454 0.068062 -0.997576 -107.125307 -0.042480 0.996738 0.068620 -9.502039 0.998993 0.043369 -0.011516 12.641375
-0.015115 0.069184 -0.997489 -108.317748 -0.047161 0.996444 0.069826 -9.415204 0.998773 0.048098 -0.011799 12.617331
-0.015325 0.068267 -0.997549 -109.502663 -0.050374 0.996347 0.068958 -9.337677 0.998613 0.051307 -0.011830 12.587839
-0.015468 0.064863 -0.997774 -110.695605 -0.051085 0.996539 0.065574 -9.260090 0.998575 0.051986 -0.012101 12.559792
-0.016190 0.060372 -0.998045 -111.885638 -0.051408 0.996805 0.061131 -9.187743 0.998547 0.052298 -0.013035 12.534313
-0.016975 0.059626 -0.998077 -113.089015 -0.048141 0.997014 0.060381 -9.117584 0.998696 0.049073 -0.014054 12.512848
-0.017524 0.059375 -0.998082 -114.298715 -0.043723 0.997235 0.060092 -9.050788 0.998890 0.044692 -0.014879 12.493902
-0.018117 0.060649 -0.997995 -115.516842 -0.042515 0.997209 0.061373 -8.981268 0.998932 0.043541 -0.015488 12.469637
-0.018864 0.064800 -0.997720 -116.740188 -0.042065 0.996962 0.065546 -8.912616 0.998937 0.043205 -0.016081 12.443556
-0.019569 0.065239 -0.997678 -117.965540 -0.040479 0.996999 0.065989 -8.839873 0.998989 0.041676 -0.016869 12.419874
-0.020041 0.060889 -0.997943 -119.195307 -0.040185 0.997288 0.061656 -8.763005 0.998991 0.041338 -0.017540 12.398720
-0.020772 0.056882 -0.998165 -120.427683 -0.040362 0.997519 0.057685 -8.692054 0.998969 0.041486 -0.018425 12.373492
-0.021825 0.055415 -0.998225 -121.669491 -0.039728 0.997626 0.056251 -8.625666 0.998972 0.040885 -0.019572 12.348133
-0.022361 0.056443 -0.998155 -122.923440 -0.040843 0.997520 0.057322 -8.560565 0.998915 0.042049 -0.020000 12.319162
-0.022979 0.061047 -0.997870 -124.186319 -0.045684 0.997027 0.062047 -8.492707 0.998692 0.047012 -0.020121 12.284593
-0.023371 0.064855 -0.997621 -125.449700 -0.051603 0.996485 0.065990 -8.423794 0.998394 0.053022 -0.019942 12.244775
-0.023527 0.064434 -0.997645 -126.712378 -0.058670 0.996112 0.065719 -8.349988 0.998000 0.060078 -0.019655 12.203523
-0.023365 0.062274 -0.997785 -127.974656 -0.062245 0.996031 0.063622 -8.279418 0.997787 0.063593 -0.019396 12.164990
-0.023891 0.060987 -0.997853 -129.238538 -0.064151 0.995987 0.062409 -8.210838 0.997654 0.065504 -0.019883 12.129617
-0.024508 0.060936 -0.997841 -130.500515 -0.064818 0.995943 0.062412 -8.146584 0.997596 0.066208 -0.020459 12.097626
-0.025080 0.059856 -0.997892 -131.764297 -0.062543 0.996157 0.061323 -8.083157 0.997727 0.063949 -0.021240 12.076492
-0.025590 0.060191 -0.997859 -133.020554 -0.062624 0.996129 0.061693 -8.016231 0.997709 0.064069 -0.021722 12.029199
-0.026328 0.065247 -0.997522 -134.293266 -0.062466 0.995810 0.066783 -7.937189 0.997700 0.064070 -0.022142 11.980551
-0.027113 0.070251 -0.997161 -135.572100 -0.061799 0.995502 0.071815 -7.849143 0.997720 0.063571 -0.022650 11.921739
-0.027339 0.068366 -0.997286 -136.837588 -0.061755 0.995637 0.069946 -7.760464 0.997717 0.063499 -0.022997 11.860539
-0.026829 0.066720 -0.997411 -138.115016 -0.061772 0.995753 0.068271 -7.667958 0.997730 0.063443 -0.022594 11.803172
-0.025797 0.066861 -0.997429 -139.378297 -0.061134 0.995788 0.068332 -7.586989 0.997796 0.062739 -0.021601 11.755096
-0.025029 0.066091 -0.997500 -140.645089 -0.061464 0.995823 0.067522 -7.505311 0.997795 0.063000 -0.020862 11.706589
-0.024365 0.067441 -0.997426 -141.905059 -0.061158 0.995753 0.068822 -7.428721 0.997831 0.062678 -0.020137 11.663992
-0.023631 0.071680 -0.997148 -143.171550 -0.062501 0.995369 0.073034 -7.340825 0.997765 0.064048 -0.019041 11.631810
-0.022331 0.073070 -0.997077 -144.426804 -0.063987 0.995176 0.074363 -7.255331 0.997701 0.065461 -0.017548 11.597732
-0.021479 0.070448 -0.997284 -145.679549 -0.066340 0.995215 0.071731 -7.169433 0.997566 0.067701 -0.016703 11.562660
-0.021341 0.067029 -0.997523 -146.923765 -0.065264 0.995528 0.068291 -7.089788 0.997640 0.066560 -0.016871 11.531522
-0.021398 0.065373 -0.997631 -148.171493 -0.062428 0.995825 0.066594 -7.013380 0.997820 0.063705 -0.017228 11.504578
-0.021627 0.064893 -0.997658 -149.425642 -0.061185 0.995935 0.066107 -6.932530 0.997892 0.062472 -0.017569 11.488169
-0.021806 0.065009 -0.997646 -150.671163 -0.058410 0.996096 0.066185 -6.855330 0.998054 0.059716 -0.017923 11.467797
-0.021999 0.064331 -0.997686 -151.916884 -0.056211 0.996269 0.065479 -6.780422 0.998177 0.057522 -0.018301 11.447144
-0.021791 0.064412 -0.997685 -153.157187 -0.055782 0.996290 0.065540 -6.706249 0.998205 0.057081 -0.018117 11.420240
-0.022007 0.066422 -0.997549 -154.402306 -0.053059 0.996307 0.067510 -6.629037 0.998349 0.054415 -0.018402 11.397550
-0.022293 0.068119 -0.997428 -155.642508 -0.050659 0.996317 0.069176 -6.552505 0.998467 0.052070 -0.018760 11.371258
-0.022366 0.066668 -0.997525 -156.882008 -0.048183 0.996543 0.067683 -6.473273 0.998588 0.049577 -0.019077 11.348749
-0.022998 0.066808 -0.997501 -158.115588 -0.049291 0.996475 0.067876 -6.397565 0.998520 0.050729 -0.019624 11.319387
-0.022967 0.071593 -0.997169 -159.355791 -0.049888 0.996108 0.072666 -6.318685 0.998491 0.051415 -0.019306 11.289261
-0.022828 0.078009 -0.996691 -160.591578 -0.055487 0.995316 0.079173 -6.238274 0.998198 0.057110 -0.018392 11.251942
-0.021481 0.078512 -0.996682 -161.825760 -0.060060 0.995010 0.079675 -6.151798 0.997964 0.061573 -0.016658 11.215646
-0.020216 0.074508 -0.997016 -163.048805 -0.063921 0.995083 0.075660 -6.066573 0.997750 0.065260 -0.015354 11.180835
-0.018612 0.069351 -0.997419 -164.266029 -0.065733 0.995348 0.070434 -5.982960 0.997664 0.066874 -0.013967 11.145071
-0.017880 0.066945 -0.997596 -165.488271 -0.068242 0.995348 0.068017 -5.893695 0.997509 0.069294 -0.013228 11.095409
-0.016920 0.065211 -0.997728 -166.710613 -0.064004 0.995754 0.066167 -5.813017 0.997806 0.064978 -0.012675 11.057417
-0.016750 0.059804 -0.998070 -167.929443 -0.059783 0.996364 0.060705 -5.732439 0.998071 0.060684 -0.013113 11.020459
-0.016877 0.058160 -0.998165 -169.137837 -0.054419 0.996774 0.058999 -5.666988 0.998376 0.055315 -0.013657 11.002706
-0.017812 0.058750 -0.998114 -170.337302 -0.050928 0.996923 0.059589 -5.605440 0.998544 0.051893 -0.014765 10.992498
-0.017354 0.066638 -0.997626 -171.548907 -0.051482 0.996393 0.067451 -5.541431 0.998523 0.052531 -0.013861 10.970621
-0.015833 0.069575 -0.997451 -172.754894 -0.053618 0.996082 0.070330 -5.472772 0.998436 0.054595 -0.012040 10.951101
-0.013959 0.066271 -0.997704 -173.958071 -0.054257 0.996281 0.066936 -5.400947 0.998429 0.055067 -0.010311 10.931582
-0.013135 0.065212 -0.997785 -175.164960 -0.056235 0.996243 0.065852 -5.329432 0.998331 0.056976 -0.009419 10.913518
-0.012255 0.067442 -0.997648 -176.371649 -0.055192 0.996156 0.068019 -5.262290 0.998401 0.055895 -0.008486 10.898183
-0.011581 0.065907 -0.997758 -177.566398 -0.054435 0.996304 0.066443 -5.194579 0.998450 0.055082 -0.007950 10.882958
-0.009965 0.064273 -0.997883 -178.742884 -0.054551 0.996411 0.064723 -5.127657 0.998461 0.055080 -0.006423 10.869619
-0.008389 0.065803 -0.997797 -179.894587 -0.056330 0.996217 0.066172 -5.066445 0.998377 0.056761 -0.004650 10.853722
-0.006942 0.067807 -0.997674 -181.016187 -0.056479 0.996079 0.068092 -5.009609 0.998380 0.056820 -0.003086 10.842471
-0.006540 0.069373 -0.997569 -182.107586 -0.057187 0.995932 0.069634 -4.952631 0.998342 0.057503 -0.002546 10.832534
-0.006304 0.070839 -0.997468 -183.175203 -0.057761 0.995796 0.071085 -4.894590 0.998311 0.058063 -0.002186 10.824243
-0.006360 0.072072 -0.997379 -184.218639 -0.056764 0.995765 0.072318 -4.834936 0.998367 0.057076 -0.002242 10.816634
-0.006113 0.071297 -0.997436 -185.230066 -0.057065 0.995805 0.071530 -4.775207 0.998352 0.057356 -0.002018 10.810039
-0.004744 0.071249 -0.997447 -186.206977 -0.057847 0.995769 0.071405 -4.716960 0.998314 0.058038 -0.000602 10.800905
-0.003172 0.071399 -0.997443 -187.158100 -0.058632 0.995718 0.071462 -4.661198 0.998275 0.058709 0.001028 10.794922
-0.003778 0.069978 -0.997541 -188.095677 -0.057709 0.995871 0.070079 -4.609149 0.998326 0.057832 0.000276 10.795099
-0.006711 0.067268 -0.997712 -189.032953 -0.055057 0.996197 0.067536 -4.557958 0.998461 0.055384 -0.002982 10.798568
-0.011650 0.063890 -0.997889 -189.957485 -0.054475 0.996434 0.064433 -4.505680 0.998447 0.055111 -0.008128 10.788832
-0.016589 0.060738 -0.998016 -190.879510 -0.056080 0.996525 0.061580 -4.452246 0.998289 0.056991 -0.013125 10.770065
-0.020718 0.059436 -0.998017 -191.806150 -0.057931 0.996483 0.060548 -4.399103 0.998106 0.059070 -0.017202 10.747225
-0.023609 0.060264 -0.997903 -192.720950 -0.059807 0.996309 0.061583 -4.345411 0.997931 0.061136 -0.019918 10.721344
-0.025506 0.061661 -0.997771 -193.643074 -0.059073 0.996259 0.063077 -4.289628 0.997928 0.060550 -0.021769 10.699236
-0.027179 0.063625 -0.997604 -194.556068 -0.055901 0.996314 0.065066 -4.234421 0.998066 0.057536 -0.023522 10.676948
-0.028503 0.064205 -0.997530 -195.465851 -0.054418 0.996355 0.065685 -4.179889 0.998111 0.056155 -0.024905 10.652522
-0.029522 0.063496 -0.997545 -196.371520 -0.054461 0.996396 0.065035 -4.125617 0.998079 0.056247 -0.025957 10.621554
-0.030314 0.062206 -0.997603 -197.276988 -0.055935 0.996392 0.063830 -4.067261 0.997974 0.057736 -0.026725 10.594369
-0.030309 0.061543 -0.997644 -198.181252 -0.059957 0.996193 0.063275 -4.011638 0.997741 0.061733 -0.026503 10.560561
-0.029542 0.059600 -0.997785 -199.090934 -0.062522 0.996156 0.061354 -3.956722 0.997606 0.064196 -0.025702 10.531068
-0.028625 0.057210 -0.997952 -200.000115 -0.063144 0.996263 0.058924 -3.902813 0.997594 0.064701 -0.024905 10.500401
-0.028086 0.054284 -0.998130 -200.916219 -0.062844 0.996453 0.055961 -3.849512 0.997628 0.064298 -0.024575 10.472574
-0.027274 0.053937 -0.998172 -201.836638 -0.062843 0.996476 0.055562 -3.794847 0.997651 0.064243 -0.023788 10.447065
-0.026736 0.056248 -0.998059 -202.766690 -0.061051 0.996460 0.057793 -3.740004 0.997777 0.062477 -0.023207 10.423170
-0.026761 0.058712 -0.997916 -203.704467 -0.060441 0.996352 0.060241 -3.685828 0.997813 0.061927 -0.023114 10.399076
-0.025816 0.055760 -0.998110 -204.640138 -0.056005 0.996794 0.057136 -3.633391 0.998097 0.057375 -0.022610 10.376245
-0.025986 0.050769 -0.998372 -205.582431 -0.053139 0.997227 0.052094 -3.579058 0.998249 0.054407 -0.023216 10.365786
-0.025438 0.051768 -0.998335 -206.536163 -0.057030 0.996957 0.053149 -3.519027 0.998048 0.058288 -0.022408 10.346538
-0.024006 0.055158 -0.998189 -207.505447 -0.059445 0.996631 0.056502 -3.467731 0.997943 0.060693 -0.020646 10.332979
-0.022059 0.055755 -0.998201 -208.471420 -0.057446 0.996723 0.056942 -3.412268 0.998105 0.058598 -0.018784 10.317102
-0.019818 0.056106 -0.998228 -209.472011 -0.055414 0.996828 0.057128 -3.338453 0.998267 0.056448 -0.016646 10.347591
-0.018068 0.060903 -0.997980 -210.470294 -0.056841 0.996466 0.061839 -3.273747 0.998220 0.057843 -0.014543 10.352364
-0.016245 0.065332 -0.997731 -211.484229 -0.053717 0.996365 0.066117 -3.197320 0.998424 0.054669 -0.012677 10.371596
-0.014966 0.066224 -0.997692 -212.492948 -0.052726 0.996364 0.066927 -3.123933 0.998497 0.053606 -0.011420 10.379840
-0.012849 0.066561 -0.997700 -213.528356 -0.055568 0.996193 0.067176 -3.064476 0.998372 0.056304 -0.009102 10.395891
-0.009866 0.068200 -0.997623 -214.576508 -0.058552 0.995920 0.068662 -3.016552 0.998236 0.059090 -0.005833 10.410889
-0.006263 0.068945 -0.997601 -215.632988 -0.059790 0.995810 0.069197 -2.966109 0.998191 0.060080 -0.002115 10.431405
-0.003123 0.066580 -0.997776 -216.664383 -0.062739 0.995802 0.066645 -2.904648 0.998025 0.062807 0.001067 10.431361
-0.000248 0.063478 -0.997983 -217.667482 -0.062650 0.996022 0.063369 -2.834208 0.998036 0.062539 0.003730 10.410196
0.001435 0.062042 -0.998073 -218.696870 -0.061720 0.996176 0.061835 -2.773949 0.998093 0.061512 0.005259 10.397720
0.003056 0.064262 -0.997928 -219.757564 -0.062131 0.996017 0.063948 -2.720097 0.998063 0.061807 0.007036 10.395388
0.004243 0.067561 -0.997706 -220.806619 -0.064327 0.995667 0.067149 -2.663629 0.997920 0.063895 0.008571 10.379852
0.005642 0.067823 -0.997681 -221.856276 -0.064694 0.995632 0.067318 -2.618251 0.997889 0.064164 0.010006 10.355596
0.006431 0.064617 -0.997889 -222.910448 -0.063440 0.995926 0.064081 -2.575045 0.997965 0.062894 0.010504 10.332956
0.006648 0.061944 -0.998058 -223.974654 -0.060725 0.996263 0.061428 -2.522336 0.998132 0.060199 0.010384 10.323239
0.006438 0.060500 -0.998147 -225.046486 -0.058604 0.996475 0.060020 -2.503990 0.998261 0.058109 0.009961 10.297368
0.006612 0.059756 -0.998191 -226.131763 -0.059266 0.996482 0.059261 -2.464362 0.998220 0.058767 0.010130 10.281199
0.006920 0.059380 -0.998211 -227.241925 -0.058647 0.996541 0.058874 -2.433694 0.998255 0.058135 0.010379 10.260676
0.006693 0.061099 -0.998109 -228.358709 -0.061320 0.996278 0.060576 -2.392587 0.998096 0.060798 0.010415 10.243453
0.006341 0.062840 -0.998003 -229.484925 -0.062210 0.996115 0.062326 -2.381919 0.998043 0.061690 0.010226 10.249781
0.005667 0.064482 -0.997903 -230.614152 -0.062620 0.995983 0.064003 -2.353650 0.998021 0.062126 0.009682 10.253791
0.005055 0.065963 -0.997809 -231.752911 -0.063280 0.995843 0.065512 -2.317504 0.997983 0.062810 0.009208 10.255904
0.004284 0.067832 -0.997687 -232.901503 -0.065559 0.995569 0.067406 -2.281065 0.997840 0.065118 0.008712 10.255228
0.003070 0.066607 -0.997775 -234.051700 -0.068074 0.995479 0.066244 -2.235976 0.997676 0.067719 0.007590 10.251300
0.002076 0.062319 -0.998054 -235.205410 -0.066666 0.995845 0.062042 -2.193086 0.997773 0.066407 0.006222 10.250794
0.000677 0.055713 -0.998447 -236.365240 -0.063666 0.996424 0.055557 -2.147001 0.997971 0.063529 0.004221 10.249185
-0.001206 0.051119 -0.998692 -237.539519 -0.058888 0.996956 0.051101 -2.104069 0.998264 0.058872 0.001808 10.253646
-0.003328 0.050798 -0.998703 -238.722327 -0.052758 0.997309 0.050903 -2.057775 0.998602 0.052859 -0.000639 10.254033
-0.005548 0.055099 -0.998465 -239.917276 -0.047970 0.997317 0.055302 -2.013195 0.998833 0.048203 -0.002890 10.251972
-0.007581 0.057652 -0.998308 -241.112827 -0.045739 0.997272 0.057940 -1.961591 0.998925 0.046101 -0.004924 10.240639
-0.009694 0.056933 -0.998331 -242.316004 -0.043666 0.997401 0.057304 -1.906501 0.998999 0.044148 -0.007183 10.231042
-0.012001 0.057142 -0.998294 -243.527911 -0.043794 0.997378 0.057616 -1.850854 0.998969 0.044411 -0.009467 10.217502
-0.014057 0.058838 -0.998169 -244.740921 -0.042960 0.997310 0.059392 -1.799394 0.998978 0.043717 -0.011492 10.203641
-0.016308 0.058974 -0.998126 -245.958848 -0.041958 0.997339 0.059613 -1.747591 0.998986 0.042851 -0.013791 10.187703
-0.018556 0.057464 -0.998175 -247.184902 -0.041916 0.997425 0.058200 -1.691926 0.998949 0.042919 -0.016100 10.164138
-0.020663 0.056914 -0.998165 -248.413666 -0.041582 0.997466 0.057735 -1.634409 0.998921 0.042699 -0.018244 10.137975
-0.023104 0.057965 -0.998051 -249.656477 -0.042130 0.997374 0.058901 -1.573711 0.998845 0.043409 -0.020601 10.104347
-0.025306 0.058600 -0.997961 -250.903001 -0.042525 0.997314 0.059640 -1.513495 0.998775 0.043948 -0.022746 10.070387
-0.027767 0.059308 -0.997853 -252.153739 -0.043763 0.997209 0.060488 -1.451596 0.998656 0.045348 -0.025094 10.029003
-0.030152 0.061125 -0.997675 -253.396450 -0.045435 0.997013 0.062457 -1.393398 0.998512 0.047212 -0.027285 9.972643
-0.031746 0.061733 -0.997588 -254.636652 -0.047035 0.996893 0.063187 -1.327249 0.998389 0.048928 -0.028744 9.913560
-0.032784 0.062492 -0.997507 -255.895418 -0.049699 0.996707 0.064075 -1.262747 0.998226 0.051675 -0.029570 9.855218
-0.032726 0.062975 -0.997478 -257.157594 -0.050742 0.996621 0.064585 -1.203572 0.998175 0.052727 -0.029420 9.805494
-0.032735 0.061712 -0.997557 -258.410741 -0.049593 0.996762 0.063290 -1.140329 0.998233 0.051543 -0.029569 9.751468
-0.032649 0.059941 -0.997668 -259.660375 -0.046546 0.997026 0.061426 -1.073678 0.998382 0.048443 -0.029761 9.701943
-0.032724 0.060205 -0.997649 -260.921950 -0.046008 0.997035 0.061677 -1.009453 0.998405 0.047919 -0.029857 9.661047
-0.032819 0.061050 -0.997595 -262.188943 -0.045760 0.996994 0.062519 -0.952710 0.998413 0.047702 -0.029927 9.623544
-0.032515 0.060947 -0.997611 -263.449715 -0.044970 0.997039 0.062377 -0.909016 0.998459 0.046891 -0.029678 9.578900
-0.032018 0.061439 -0.997597 -264.707979 -0.044624 0.997026 0.062836 -0.865360 0.998491 0.046529 -0.029181 9.534832
-0.031825 0.063060 -0.997502 -265.960222 -0.042332 0.997027 0.064380 -0.815900 0.998597 0.044275 -0.029061 9.491116
-0.032000 0.065003 -0.997372 -267.225007 -0.037617 0.997098 0.066192 -0.764098 0.998780 0.039636 -0.029462 9.453310
-0.031897 0.068528 -0.997139 -268.483672 -0.034533 0.996976 0.069622 -0.705481 0.998894 0.036655 -0.029434 9.411268
-0.031740 0.070909 -0.996978 -269.740933 -0.032440 0.996882 0.071935 -0.645492 0.998970 0.034626 -0.029341 9.368844
-0.031733 0.069859 -0.997052 -270.984145 -0.032660 0.996949 0.070892 -0.580995 0.998963 0.034813 -0.029354 9.321300
-0.031719 0.067687 -0.997202 -272.226655 -0.034578 0.997033 0.068775 -0.516234 0.998899 0.036662 -0.029285 9.272042
-0.032227 0.070238 -0.997009 -273.476290 -0.040098 0.996634 0.071508 -0.451580 0.998676 0.042283 -0.029302 9.206834
-0.032505 0.076891 -0.996510 -274.729737 -0.046063 0.995862 0.078344 -0.387499 0.998410 0.048448 -0.028828 9.134113
-0.032555 0.077116 -0.996490 -275.971243 -0.050415 0.995623 0.078696 -0.316975 0.998198 0.052800 -0.028525 9.066759
-0.032338 0.070069 -0.997018 -277.203017 -0.050234 0.996165 0.071638 -0.246792 0.998214 0.052401 -0.028695 9.005983
-0.032897 0.064213 -0.997394 -278.427868 -0.047278 0.996717 0.065729 -0.166958 0.998340 0.049317 -0.029754 8.949373
-0.033054 0.063281 -0.997448 -279.658237 -0.041939 0.997027 0.064644 -0.084547 0.998573 0.043969 -0.030302 8.902343
-0.032082 0.065034 -0.997367 -280.899041 -0.038415 0.997063 0.066250 -0.003192 0.998747 0.040439 -0.029489 8.862205
-0.030404 0.066723 -0.997308 -282.135932 -0.037395 0.996995 0.067842 0.072741 0.998838 0.039357 -0.027817 8.818983
-0.029337 0.069131 -0.997176 -283.378543 -0.038601 0.996783 0.070240 0.157198 0.998824 0.040552 -0.026574 8.782228
-0.028488 0.071026 -0.997067 -284.614832 -0.039799 0.996601 0.072130 0.242781 0.998802 0.041737 -0.025565 8.744370
-0.027721 0.071817 -0.997032 -285.850720 -0.040793 0.996504 0.072913 0.320717 0.998783 0.042694 -0.024694 8.711278
-0.026929 0.071767 -0.997058 -287.076272 -0.040378 0.996527 0.072820 0.394096 0.998822 0.042220 -0.023938 8.674949
-0.026783 0.069776 -0.997203 -288.299818 -0.040753 0.996655 0.070832 0.466403 0.998810 0.042536 -0.023850 8.639110
-0.026502 0.068606 -0.997292 -289.523465 -0.040519 0.996749 0.069646 0.536947 0.998827 0.042255 -0.023636 8.601188
-0.026465 0.068122 -0.997326 -290.748817 -0.041047 0.996760 0.069172 0.609008 0.998807 0.042768 -0.023583 8.567106
-0.026145 0.067905 -0.997349 -291.977781 -0.041684 0.996748 0.068957 0.681796 0.998789 0.043376 -0.023230 8.533371
-0.025970 0.068424 -0.997318 -293.203033 -0.042299 0.996686 0.069483 0.753790 0.998767 0.043990 -0.022989 8.495583
-0.025741 0.068777 -0.997300 -294.430592 -0.041581 0.996693 0.069809 0.825198 0.998803 0.043266 -0.022796 8.460706
-0.025633 0.067295 -0.997404 -295.656546 -0.041271 0.996810 0.068315 0.895378 0.998819 0.042915 -0.022774 8.422735
-0.025807 0.064338 -0.997594 -296.911097 -0.040845 0.997026 0.065358 0.993732 0.998832 0.042434 -0.023103 8.388416
-0.026210 0.061562 -0.997759 -298.102936 -0.041868 0.997158 0.062625 1.083163 0.998779 0.043416 -0.023558 8.355312
-0.026378 0.060159 -0.997840 -299.334710 -0.043315 0.997181 0.061264 1.178547 0.998713 0.044838 -0.023698 8.321950
-0.026761 0.060367 -0.997817 -300.569193 -0.046465 0.997021 0.061565 1.268367 0.998561 0.048011 -0.023876 8.280776
-0.027275 0.061606 -0.997728 -301.806184 -0.049702 0.996781 0.062906 1.348203 0.998392 0.051305 -0.024126 8.240071
-0.027597 0.062686 -0.997652 -303.039864 -0.053260 0.996522 0.064088 1.421779 0.998199 0.054903 -0.024162 8.196753
-0.028002 0.063029 -0.997619 -304.286087 -0.055032 0.996399 0.064496 1.498626 0.998092 0.056707 -0.024433 8.162888
-0.028358 0.061106 -0.997728 -305.534216 -0.054884 0.996529 0.062592 1.559814 0.998090 0.056534 -0.024906 8.130240
-0.028843 0.058713 -0.997858 -306.785757 -0.052761 0.996792 0.060175 1.614957 0.998190 0.054384 -0.025653 8.100906
-0.029625 0.058133 -0.997869 -308.039606 -0.049671 0.996988 0.059556 1.652575 0.998326 0.051329 -0.026648 8.073048
-0.030453 0.060438 -0.997707 -309.294558 -0.047557 0.996952 0.061844 1.684706 0.998404 0.049331 -0.027486 8.041826
-0.031133 0.062154 -0.997581 -310.546801 -0.046229 0.996907 0.063555 1.710544 0.998446 0.048096 -0.028163 8.009343
-0.031682 0.061164 -0.997625 -311.790716 -0.046899 0.996935 0.062612 1.749365 0.998397 0.048771 -0.028716 7.967877
-0.031687 0.059634 -0.997717 -313.039146 -0.048259 0.996963 0.061122 1.770563 0.998332 0.050086 -0.028713 7.929953
