1.000000 0.000000 0.000000 0.000000 0.000000 1.000000 0.000000 0.000000 0.000000 0.000000 1.000000 0.000000
0.999927 -0.003092 0.011694 0.021461 0.003079 0.999995 0.001146 -0.008456 -0.011698 -0.001110 0.999931 0.289051
0.999814 -0.005168 0.018566 0.038922 0.005141 0.999986 0.001473 -0.015138 -0.018573 -0.001377 0.999827 0.582708
0.999754 -0.008010 0.020671 0.054365 0.008008 0.999968 0.000174 -0.020081 -0.020672 -0.000009 0.999786 0.882224
0.999775 -0.009463 0.018994 0.065372 0.009496 0.999954 -0.001663 -0.024741 -0.018977 0.001843 0.999818 1.189240
0.999851 -0.011858 0.012540 0.070772 0.011895 0.999925 -0.002875 -0.028832 -0.012505 0.003024 0.999917 1.505960
0.999901 -0.014051 0.000504 0.070005 0.014053 0.999888 -0.005095 -0.034402 -0.000433 0.005101 0.999987 1.830529
0.999789 -0.013426 -0.015559 0.058055 0.013345 0.999897 -0.005290 -0.043332 0.015628 0.005081 0.999865 2.169334
0.999360 -0.008849 -0.034654 0.035057 0.008679 0.999950 -0.005045 -0.054040 0.034697 0.004741 0.999387 2.525326
0.998520 -0.005197 -0.054145 0.003426 0.004866 0.999969 -0.006240 -0.063050 0.054176 0.005967 0.998514 2.885289
0.997237 -0.004508 -0.074154 -0.030969 0.004013 0.999969 -0.006828 -0.070854 0.074182 0.006511 0.997224 3.258191
0.995456 -0.005950 -0.095032 -0.071546 0.005379 0.999966 -0.006260 -0.077430 0.095066 0.005721 0.995455 3.643055
0.993338 -0.007329 -0.115005 -0.123550 0.006752 0.999963 -0.005407 -0.085179 0.115041 0.004594 0.993350 4.035570
0.991085 -0.006260 -0.133084 -0.193782 0.005657 0.999972 -0.004907 -0.094804 0.133111 0.004111 0.991093 4.433379
0.988853 -0.004731 -0.148821 -0.272348 0.004211 0.999984 -0.003810 -0.104355 0.148837 0.003141 0.988857 4.844729
0.986685 -0.003759 -0.162600 -0.356773 0.003154 0.999987 -0.003981 -0.113755 0.162613 0.003415 0.986684 5.266568
0.984582 -0.004884 -0.174855 -0.442535 0.004143 0.999981 -0.004604 -0.123056 0.174874 0.003808 0.984583 5.702413
0.982722 -0.008432 -0.184895 -0.529466 0.007290 0.999950 -0.006858 -0.131620 0.184944 0.005392 0.982734 6.148654
0.981204 -0.008176 -0.192802 -0.624506 0.006569 0.999938 -0.008975 -0.139892 0.192863 0.007539 0.981197 6.609334
0.979740 -0.007236 -0.200145 -0.729488 0.005215 0.999930 -0.010621 -0.149550 0.200208 0.009362 0.979709 7.081523
0.978032 -0.007866 -0.208306 -0.837646 0.005207 0.999898 -0.013308 -0.160426 0.208390 0.011931 0.977973 7.574042
0.976306 -0.011497 -0.216088 -0.945165 0.008488 0.999854 -0.014851 -0.172982 0.216227 0.012665 0.976261 8.068928
0.974445 -0.017942 -0.223910 -1.056457 0.014605 0.999756 -0.016551 -0.187051 0.224152 0.012858 0.974469 8.584061
0.972390 -0.018823 -0.232603 -1.182098 0.015119 0.999729 -0.017697 -0.201607 0.232874 0.013691 0.972411 9.106838
0.970381 -0.014776 -0.241127 -1.322439 0.009628 0.999700 -0.022517 -0.219440 0.241388 0.019529 0.970232 9.640271
0.968217 -0.011757 -0.249833 -1.466486 0.005410 0.999645 -0.026077 -0.243439 0.250051 0.023897 0.967938 10.183486
0.965998 -0.013826 -0.258178 -1.606365 0.006936 0.999595 -0.027580 -0.273656 0.258454 0.024851 0.965704 10.736088
0.963610 -0.017017 -0.266770 -1.751970 0.009363 0.999508 -0.029938 -0.301708 0.267148 0.026350 0.963295 11.299778
0.961395 -0.016601 -0.274673 -1.909378 0.007992 0.999442 -0.032434 -0.327927 0.275058 0.028987 0.960991 11.869478
0.959127 -0.015491 -0.282551 -2.080274 0.005604 0.999344 -0.035767 -0.356684 0.282920 0.032721 0.958585 12.453256
0.956795 -0.016427 -0.290299 -2.254981 0.004782 0.999157 -0.040779 -0.386295 0.290724 0.037629 0.956067 13.045463
0.954999 -0.017963 -0.296066 -2.439213 0.003863 0.998833 -0.048140 -0.414923 0.296585 0.044829 0.953954 13.649781
0.953710 -0.018483 -0.300158 -2.629850 0.001619 0.998411 -0.056334 -0.442032 0.300723 0.053241 0.952225 14.265256
0.952471 -0.018583 -0.304062 -2.828964 -0.001216 0.997898 -0.064798 -0.478137 0.304627 0.062088 0.950446 14.892010
0.951174 -0.017984 -0.308132 -3.035025 -0.005045 0.997262 -0.073779 -0.519018 0.308615 0.071731 0.948478 15.529710
0.949837 -0.017656 -0.312246 -3.248345 -0.008048 0.996695 -0.080841 -0.570138 0.312642 0.079298 0.946555 16.179381
0.948193 -0.015381 -0.317321 -3.483399 -0.013007 0.996110 -0.087151 -0.630815 0.317428 0.086763 0.944305 16.851990
0.946582 -0.014435 -0.322139 -3.716221 -0.016496 0.995522 -0.093084 -0.696851 0.322040 0.093425 0.942105 17.500839
0.944906 -0.012224 -0.327113 -3.964469 -0.021150 0.994935 -0.098274 -0.769005 0.326657 0.099778 0.939861 18.175525
0.943182 -0.009610 -0.332138 -4.220542 -0.025631 0.994499 -0.101561 -0.844372 0.331287 0.104303 0.937747 18.864960
0.941412 -0.008076 -0.337160 -4.481835 -0.028263 0.994308 -0.102732 -0.923399 0.336071 0.106242 0.935825 19.563778
0.939191 -0.007946 -0.343303 -4.746774 -0.028869 0.994366 -0.101992 -1.007318 0.342179 0.105701 0.933671 20.276272
0.936868 -0.007519 -0.349602 -5.019349 -0.029470 0.994514 -0.100363 -1.091050 0.348439 0.104330 0.931507 20.995389
0.934288 -0.007529 -0.356440 -5.303299 -0.029507 0.994714 -0.098355 -1.174887 0.355297 0.102410 0.929127 21.728753
0.931099 -0.006949 -0.364699 -5.594564 -0.030037 0.994962 -0.095645 -1.260053 0.363527 0.100010 0.926200 22.465740
0.927739 -0.005077 -0.373195 -5.915791 -0.030700 0.995481 -0.089863 -1.353119 0.371964 0.094826 0.923391 23.219845
0.924286 -0.001524 -0.381697 -6.236161 -0.033175 0.995887 -0.084311 -1.438960 0.380255 0.090590 0.920434 23.959722
0.920624 0.002247 -0.390443 -6.575492 -0.036488 0.996103 -0.080300 -1.526495 0.388741 0.088173 0.917118 24.713546
0.916801 0.003487 -0.399330 -6.917129 -0.037965 0.996194 -0.078463 -1.606967 0.397536 0.087096 0.913444 25.471223
0.912771 0.003236 -0.408459 -7.270823 -0.038286 0.996244 -0.077665 -1.685830 0.406674 0.086529 0.909466 26.236054
0.908864 0.003269 -0.417081 -7.632221 -0.038753 0.996305 -0.076640 -1.761966 0.415289 0.085818 0.905632 27.005872
0.904883 0.004608 -0.425635 -8.009356 -0.040217 0.996394 -0.074712 -1.839860 0.423756 0.084723 0.901805 27.782864
0.901122 0.003561 -0.433551 -8.390728 -0.038823 0.996612 -0.072507 -1.915761 0.431824 0.082169 0.898207 28.565907
0.897202 0.004003 -0.441603 -8.786878 -0.038201 0.996914 -0.068576 -1.990234 0.439966 0.078396 0.894586 29.360900
0.893453 0.006286 -0.449113 -9.195600 -0.038637 0.997271 -0.062904 -2.060214 0.447492 0.073554 0.891258 30.161904
0.889627 0.006524 -0.456641 -9.613309 -0.037327 0.997591 -0.058466 -2.130016 0.455160 0.069058 0.887728 30.969138
0.885829 0.005849 -0.463975 -10.041177 -0.036145 0.997752 -0.056430 -2.196452 0.462602 0.066758 0.884049 31.782644
0.882564 0.004764 -0.470168 -10.479805 -0.034988 0.997842 -0.055565 -2.258264 0.468888 0.065490 0.880826 32.602522
0.879358 0.005398 -0.476131 -10.932119 -0.035228 0.997933 -0.053748 -2.319480 0.474857 0.064037 0.877730 33.430266
0.876405 0.004445 -0.481554 -11.392712 -0.033656 0.998078 -0.052041 -2.381080 0.480397 0.061816 0.874870 34.268164
0.873738 0.003156 -0.486387 -11.865184 -0.032466 0.998127 -0.051845 -2.443855 0.485313 0.061090 0.872204 35.115946
0.871601 0.002167 -0.490212 -12.344119 -0.031967 0.998113 -0.052425 -2.505327 0.489173 0.061365 0.870025 35.966297
0.870192 0.002319 -0.492707 -12.836047 -0.032656 0.998062 -0.052976 -2.570879 0.491629 0.062189 0.868581 36.846880
0.869749 0.002525 -0.493488 -13.333484 -0.032300 0.998134 -0.051819 -2.638091 0.492437 0.061009 0.868207 37.744079
0.869635 0.002975 -0.493686 -13.831434 -0.031951 0.998225 -0.050266 -2.707338 0.492661 0.059486 0.868186 38.647580
0.869414 0.001874 -0.494080 -14.338172 -0.030375 0.998304 -0.049664 -2.775142 0.493149 0.058186 0.867997 39.561115
0.868773 0.000020 -0.495210 -14.858367 -0.028581 0.998335 -0.050102 -2.841759 0.494385 0.057681 0.867327 40.480238
0.867693 -0.002580 -0.497094 -15.386840 -0.026124 0.998368 -0.050782 -2.909137 0.496414 0.057050 0.866209 41.405513
0.866109 -0.003153 -0.499846 -15.921403 -0.024701 0.998488 -0.049099 -2.976585 0.499245 0.054872 0.864722 42.333827
0.864027 -0.002136 -0.503441 -16.461314 -0.023648 0.998715 -0.044821 -3.043619 0.502890 0.050632 0.862866 43.261128
0.861212 -0.002516 -0.508239 -17.002891 -0.021127 0.998946 -0.040744 -3.108900 0.507806 0.045827 0.860251 44.184767
0.857317 -0.002323 -0.514784 -17.552024 -0.020298 0.999060 -0.038312 -3.173069 0.514389 0.043295 0.856464 45.102536
0.852081 -0.005805 -0.523377 -18.108151 -0.018162 0.999008 -0.040649 -3.235637 0.523094 0.044142 0.851131 46.012839
0.845979 -0.009822 -0.533125 -18.682730 -0.016172 0.998898 -0.044065 -3.298545 0.532970 0.045900 0.844888 46.925069
0.839803 -0.010335 -0.542793 -19.277678 -0.016018 0.998912 -0.043803 -3.356507 0.542655 0.045480 0.838724 47.824345
0.833950 -0.006908 -0.551798 -19.890286 -0.017276 0.999105 -0.038618 -3.410242 0.551570 0.041738 0.833083 48.715724
0.828712 -0.001606 -0.559674 -20.503385 -0.020506 0.999237 -0.033231 -3.465273 0.559300 0.039016 0.828047 49.601404
0.824474 -0.001421 -0.565898 -21.128626 -0.021837 0.999172 -0.034324 -3.517140 0.565478 0.040657 0.823761 50.467799
0.820883 -0.004307 -0.571080 -21.748840 -0.022232 0.998973 -0.039490 -3.574727 0.570664 0.045113 0.819944 51.332056
0.817964 -0.006412 -0.575233 -22.374492 -0.024972 0.998599 -0.046641 -3.635034 0.574727 0.052515 0.816659 52.188597
0.814580 -0.006933 -0.580009 -23.003315 -0.024922 0.998587 -0.046938 -3.696616 0.579515 0.052689 0.813257 53.053627
0.811107 -0.006174 -0.584865 -23.640286 -0.024361 0.998720 -0.044327 -3.761561 0.584390 0.050202 0.809919 53.916830
0.807862 -0.002800 -0.589364 -24.283678 -0.024392 0.998973 -0.038180 -3.822517 0.588866 0.045220 0.806965 54.782482
0.804763 -0.001072 -0.593595 -24.930272 -0.024556 0.999082 -0.035097 -3.875701 0.593088 0.042821 0.803998 55.645264
0.801640 -0.000717 -0.597807 -25.581551 -0.025577 0.999043 -0.035495 -3.921434 0.597260 0.043744 0.800854 56.504846
0.798095 -0.001907 -0.602529 -26.237315 -0.025694 0.998978 -0.037195 -3.971575 0.601984 0.045166 0.797230 57.364657
0.794043 -0.004490 -0.607845 -26.900234 -0.024692 0.998909 -0.039634 -4.019298 0.607359 0.046480 0.793066 58.212358
0.789638 -0.005884 -0.613545 -27.576066 -0.023815 0.998907 -0.040230 -4.070618 0.613111 0.046379 0.788634 59.064745
0.785123 -0.005698 -0.619313 -28.255541 -0.023557 0.998959 -0.039055 -4.126091 0.618891 0.045252 0.784172 59.898699
0.780153 -0.005231 -0.625567 -28.943154 -0.023932 0.998984 -0.038200 -4.187294 0.625131 0.044773 0.779235 60.736878
0.774757 -0.006528 -0.632225 -29.641733 -0.023672 0.998946 -0.039322 -4.248257 0.631815 0.045431 0.773787 61.569487
0.769223 -0.008109 -0.638930 -30.347939 -0.022994 0.998920 -0.040361 -4.308387 0.638567 0.045738 0.768206 62.403522
0.763546 -0.009128 -0.645688 -31.063185 -0.022730 0.998901 -0.041000 -4.369134 0.645353 0.045982 0.762499 63.231977
0.757811 -0.010510 -0.652390 -31.786117 -0.022248 0.998873 -0.041935 -4.431688 0.652095 0.046294 0.756722 64.057493
0.751598 -0.012532 -0.659502 -32.527693 -0.021424 0.998828 -0.043396 -4.495389 0.659273 0.046746 0.750449 64.889379
0.745340 -0.013218 -0.666553 -33.273513 -0.020636 0.998867 -0.042882 -4.558237 0.666365 0.045717 0.744223 65.712537
0.739035 -0.013537 -0.673531 -34.017747 -0.019664 0.998939 -0.041653 -4.621788 0.673380 0.044027 0.737985 66.519278
0.732543 -0.013498 -0.680587 -34.791712 -0.019273 0.998991 -0.040557 -4.690830 0.680448 0.042827 0.731544 67.322518
0.726076 -0.015436 -0.687442 -35.573283 -0.017872 0.998987 -0.041308 -4.759468 0.687383 0.042279 0.725064 68.121774
0.719491 -0.017082 -0.694292 -36.373959 -0.017756 0.998918 -0.042977 -4.834985 0.694275 0.043249 0.718409 68.915442
0.713385 -0.016443 -0.700580 -37.180696 -0.019198 0.998891 -0.042993 -4.906233 0.700509 0.044120 0.712278 69.709119
0.707877 -0.015589 -0.706164 -38.004088 -0.019722 0.998930 -0.041821 -4.981378 0.706061 0.043531 0.706812 70.500809
0.702843 -0.015036 -0.711187 -38.824240 -0.020880 0.998910 -0.041754 -5.057858 0.711039 0.044196 0.701762 71.294065
0.697899 -0.016097 -0.716015 -39.653363 -0.020792 0.998871 -0.042723 -5.137328 0.715894 0.044704 0.696776 72.083136
0.692649 -0.017803 -0.721055 -40.488907 -0.021470 0.998743 -0.045283 -5.214173 0.720955 0.046846 0.691396 72.869960
0.687532 -0.020307 -0.725870 -41.333040 -0.021128 0.998626 -0.047950 -5.292359 0.725846 0.048303 0.686159 73.655198
0.682418 -0.021144 -0.730657 -42.190237 -0.021541 0.998566 -0.049015 -5.369497 0.730645 0.049188 0.680983 74.436764
0.677418 -0.020292 -0.735318 -43.060570 -0.021425 0.998651 -0.047297 -5.443967 0.735286 0.047794 0.676069 75.212701
0.672242 -0.020046 -0.740061 -43.932858 -0.020989 0.998715 -0.046118 -5.527046 0.740034 0.046536 0.670957 75.993053
0.667116 -0.021242 -0.744651 -44.810304 -0.019933 0.998726 -0.046347 -5.602316 0.744687 0.045762 0.665843 76.769782
0.662209 -0.022165 -0.748991 -45.693289 -0.019129 0.998737 -0.046468 -5.677124 0.749075 0.045099 0.660949 77.540441
0.657692 -0.023239 -0.752929 -46.590322 -0.018008 0.998753 -0.046556 -5.751800 0.753072 0.044178 0.656453 78.316548
0.653799 -0.023826 -0.756293 -47.495141 -0.017103 0.998783 -0.046250 -5.824835 0.756475 0.043173 0.652596 79.092725
0.649816 -0.025930 -0.759649 -48.403181 -0.014553 0.998810 -0.046542 -5.898424 0.759953 0.041299 0.648665 79.866725
0.645509 -0.030669 -0.763137 -49.319489 -0.011169 0.998707 -0.049584 -5.978524 0.763671 0.040531 0.644332 80.634393
0.640457 -0.035489 -0.767173 -50.246413 -0.006859 0.998628 -0.051922 -6.064360 0.767963 0.038516 0.639335 81.404931
0.633965 -0.039357 -0.772360 -51.175203 -0.001638 0.998634 -0.052232 -6.153399 0.773360 0.034378 0.633034 82.168907
0.625504 -0.042666 -0.779053 -52.117600 0.002937 0.998625 -0.052333 -6.240477 0.780215 0.030446 0.624770 82.927565
0.616297 -0.044267 -0.786269 -53.075730 0.006310 0.998664 -0.051279 -6.326822 0.787489 0.026641 0.615753 83.680022
0.607344 -0.042489 -0.793302 -54.049813 0.006690 0.998807 -0.048374 -6.412013 0.794411 0.024073 0.606904 84.420798
0.598199 -0.042040 -0.800244 -55.035346 0.006320 0.998839 -0.047748 -6.495943 0.801323 0.023505 0.597770 85.150287
0.588564 -0.043998 -0.807253 -56.031635 0.005492 0.998713 -0.050429 -6.577872 0.808432 0.025247 0.588047 85.868116
0.578477 -0.045773 -0.814413 -57.038049 0.006190 0.998642 -0.051730 -6.660712 0.815675 0.024883 0.577975 86.578109
0.568499 -0.047446 -0.821314 -58.056102 0.006431 0.998561 -0.053233 -6.747722 0.822659 0.024981 0.567987 87.279341
0.558199 -0.048268 -0.828302 -59.081319 0.008996 0.998600 -0.052129 -6.837334 0.829659 0.021647 0.557851 87.974253
0.547628 -0.048231 -0.835331 -60.120453 0.010468 0.998654 -0.050799 -6.928351 0.836657 0.019075 0.547395 88.659371
0.537129 -0.048421 -0.842109 -61.171638 0.010731 0.998662 -0.050579 -7.015079 0.843432 0.018131 0.536931 89.329759
0.526713 -0.049638 -0.848592 -62.232968 0.010315 0.998593 -0.052010 -7.102980 0.849981 0.018641 0.526484 89.988608
0.516492 -0.050449 -0.854805 -63.310121 0.008987 0.998527 -0.053501 -7.192800 0.856245 0.019950 0.516185 90.635877
0.506467 -0.051106 -0.860743 -64.389732 0.007656 0.998469 -0.054779 -7.283912 0.862225 0.021154 0.506083 91.268597
0.496655 -0.051057 -0.866445 -65.490305 0.006787 0.998466 -0.054946 -7.374808 0.867922 0.021409 0.496239 91.896351
0.487756 -0.049107 -0.871598 -66.599165 0.005825 0.998577 -0.053001 -7.465671 0.872961 0.020774 0.487348 92.514260
0.479607 -0.047005 -0.876224 -67.716344 0.006150 0.998720 -0.050211 -7.555186 0.877462 0.018693 0.479282 93.124765
0.471932 -0.047326 -0.880364 -68.839955 0.006427 0.998716 -0.050243 -7.643588 0.881612 0.018053 0.471630 93.725677
0.464232 -0.050560 -0.884269 -69.966013 0.008322 0.998574 -0.052726 -7.731317 0.885675 0.017118 0.463991 94.318161
0.457092 -0.053870 -0.887787 -71.099437 0.010997 0.998430 -0.054921 -7.820048 0.889352 0.015341 0.456967 94.904764
0.450858 -0.056681 -0.890794 -72.236584 0.012028 0.998277 -0.057433 -7.914147 0.892515 0.015180 0.450763 95.481454
0.445296 -0.060190 -0.893358 -73.379460 0.013825 0.998081 -0.060355 -8.011910 0.895277 0.014525 0.445274 96.053569
0.440436 -0.061183 -0.895697 -74.515251 0.016484 0.998058 -0.060069 -8.110093 0.897633 0.011692 0.440590 96.615298
0.436156 -0.058590 -0.897962 -75.659361 0.017807 0.998245 -0.056484 -8.209520 0.899695 0.008646 0.436434 97.173535
0.432213 -0.056540 -0.899997 -76.840778 0.021123 0.998393 -0.052577 -8.308009 0.901524 0.003714 0.432713 97.746101
0.428845 -0.055880 -0.901648 -77.940467 0.022811 0.998437 -0.051029 -8.396730 0.903090 0.001316 0.429449 98.272460
0.425912 -0.056244 -0.903015 -79.075366 0.024454 0.998417 -0.050652 -8.486978 0.904434 -0.000509 0.426613 98.810117
0.423285 -0.055236 -0.904311 -80.207365 0.026292 0.998468 -0.048681 -8.574915 0.905615 -0.003170 0.424089 99.343099
0.420922 -0.054206 -0.905476 -81.338943 0.027734 0.998515 -0.046883 -8.661986 0.906673 -0.005379 0.421800 99.871143
0.418667 -0.055263 -0.906457 -82.459804 0.030379 0.998440 -0.046839 -8.741442 0.907632 -0.007927 0.419693 100.396670
0.416030 -0.055531 -0.907654 -83.563487 0.032463 0.998404 -0.046204 -8.827999 0.908771 -0.010243 0.417169 100.904386
0.413407 -0.054754 -0.908899 -84.657899 0.035708 0.998397 -0.043904 -8.914608 0.909846 -0.014304 0.414699 101.406081
0.411232 -0.054069 -0.909926 -85.752742 0.037509 0.998398 -0.042374 -8.996530 0.910759 -0.016705 0.412601 101.898645
0.409303 -0.054794 -0.910752 -86.841374 0.039792 0.998317 -0.042180 -9.072686 0.911531 -0.018976 0.410794 102.379470
0.407920 -0.056221 -0.911285 -87.918567 0.041082 0.998222 -0.043195 -9.149512 0.912093 -0.019818 0.409504 102.857385
0.407274 -0.057414 -0.911500 -88.984573 0.041212 0.998161 -0.044458 -9.227599 0.912376 -0.019458 0.408891 103.326470
0.407593 -0.057951 -0.911323 -90.045631 0.040178 0.998156 -0.045503 -9.305889 0.912280 -0.018069 0.409169 103.779600
0.409655 -0.057766 -0.910410 -91.095291 0.037997 0.998207 -0.046239 -9.383578 0.911449 -0.015651 0.411116 104.227313
0.413915 -0.057771 -0.908480 -92.135278 0.035643 0.998247 -0.047240 -9.462617 0.909617 -0.012828 0.415249 104.681547
0.419059 -0.058061 -0.906101 -93.166315 0.033968 0.998257 -0.048256 -9.540419 0.907324 -0.010557 0.420300 105.140397
0.424860 -0.058213 -0.903386 -94.189997 0.033289 0.998260 -0.048670 -9.609312 0.904647 -0.009395 0.426058 105.613295
0.431814 -0.057095 -0.900154 -95.205281 0.032254 0.998334 -0.047849 -9.680288 0.901386 -0.008372 0.432935 106.092615
0.439985 -0.055491 -0.896289 -96.212537 0.030655 0.998435 -0.046767 -9.749076 0.897482 -0.006899 0.440998 106.577252
0.448845 -0.055176 -0.891904 -97.211285 0.030268 0.998458 -0.046535 -9.818909 0.893097 -0.006109 0.449823 107.072124
0.458354 -0.054704 -0.887084 -98.201474 0.029593 0.998490 -0.046283 -9.886761 0.888277 -0.005038 0.459281 107.575325
0.468177 -0.055124 -0.881914 -99.179291 0.028516 0.998475 -0.047272 -9.958087 0.883174 -0.003017 0.469035 108.084846
0.478692 -0.056789 -0.876144 -100.145498 0.026780 0.998386 -0.050081 -10.026750 0.877574 0.000510 0.479440 108.607513
0.490094 -0.057463 -0.869774 -101.097598 0.024970 0.998341 -0.051887 -10.093600 0.871312 0.003711 0.490715 109.148541
0.502336 -0.055990 -0.862858 -102.045614 0.022925 0.998413 -0.051440 -10.155660 0.864368 0.006059 0.502823 109.704420
0.515210 -0.053156 -0.855414 -102.985302 0.021283 0.998561 -0.049232 -10.216650 0.856800 0.007159 0.515599 110.273544
0.527775 -0.050817 -0.847863 -103.912849 0.020396 0.998679 -0.047160 -10.276360 0.849139 0.007597 0.528114 110.855009
0.539687 -0.050404 -0.840355 -104.830562 0.020775 0.998699 -0.046559 -10.325520 0.841609 0.007669 0.540033 111.441893
0.551244 -0.050949 -0.832787 -105.737038 0.020994 0.998665 -0.047201 -10.377340 0.834080 0.008535 0.551577 112.038510
0.562429 -0.051752 -0.825224 -106.620837 0.021376 0.998616 -0.048057 -10.427330 0.826569 0.009389 0.562757 112.637033
0.573517 -0.053129 -0.817469 -107.488982 0.023151 0.998547 -0.048655 -10.483840 0.818866 0.008979 0.573914 113.243283
0.584307 -0.053668 -0.809756 -108.343482 0.024172 0.998519 -0.048737 -10.538860 0.811172 0.008904 0.584739 113.857760
0.595181 -0.051216 -0.801958 -109.185940 0.023041 0.998644 -0.046677 -10.599680 0.803261 0.009303 0.595554 114.474846
0.605264 -0.048441 -0.794549 -110.013750 0.023294 0.998797 -0.043149 -10.655460 0.795684 0.007608 0.605665 115.100261
0.615348 -0.046678 -0.786873 -110.823799 0.021934 0.998873 -0.042101 -10.714490 0.787951 0.008648 0.615678 115.724772
0.625611 -0.046032 -0.778776 -111.621305 0.019998 0.998876 -0.042977 -10.769670 0.779879 0.011313 0.625828 116.354100
0.635275 -0.045861 -0.770923 -112.402858 0.018327 0.998849 -0.044318 -10.827450 0.772069 0.014026 0.635384 116.986438
0.644632 -0.045563 -0.763134 -113.168757 0.018105 0.998852 -0.044343 -10.884400 0.764279 0.014768 0.644717 117.623793
0.653929 -0.043555 -0.755301 -113.928436 0.017959 0.998954 -0.042057 -10.940720 0.756342 0.013938 0.654027 118.258941
0.662789 -0.041566 -0.747652 -114.674368 0.017719 0.999049 -0.039834 -10.996920 0.748596 0.013154 0.662895 118.897099
0.671133 -0.040962 -0.740205 -115.406453 0.018322 0.999084 -0.038676 -11.050740 0.741111 0.012394 0.671269 119.537364
0.679007 -0.040415 -0.733019 -116.124390 0.017253 0.999086 -0.039102 -11.104340 0.733929 0.013904 0.679084 120.179736
0.686630 -0.039340 -0.725942 -116.830587 0.016544 0.999122 -0.038496 -11.155590 0.726819 0.014423 0.686678 120.822609
0.694051 -0.037165 -0.718966 -117.522034 0.015920 0.999215 -0.036284 -11.203840 0.719750 0.013737 0.694098 121.467992
0.701959 -0.034154 -0.711398 -118.191407 0.014903 0.999335 -0.033273 -11.242610 0.712061 0.012754 0.702001 122.101835
0.709520 -0.031974 -0.703959 -118.848839 0.013406 0.999402 -0.031880 -11.285080 0.704557 0.013182 0.709525 122.739291
0.717465 -0.031790 -0.695869 -119.484196 0.013207 0.999399 -0.032039 -11.326140 0.696470 0.013797 0.717454 123.365910
0.725690 -0.028960 -0.687412 -120.109018 0.010575 0.999465 -0.030943 -11.367770 0.687941 0.015185 0.725608 123.997244
0.734817 -0.025808 -0.677774 -120.714575 0.009460 0.999569 -0.027805 -11.405790 0.678199 0.014019 0.734744 124.632894
0.744327 -0.022132 -0.667448 -121.307087 0.007719 0.999669 -0.024540 -11.442460 0.667771 0.013113 0.744252 125.281186
0.754753 -0.020394 -0.655691 -121.886354 0.006117 0.999692 -0.024052 -11.477720 0.655980 0.014142 0.754646 125.932188
0.764701 -0.019603 -0.644088 -122.438129 0.004657 0.999679 -0.024896 -11.510950 0.644369 0.016038 0.764547 126.571952
0.774603 -0.020180 -0.632125 -122.981173 0.004578 0.999644 -0.026303 -11.543040 0.632431 0.017481 0.774420 127.224559
0.784607 -0.020752 -0.619646 -123.509970 0.004943 0.999617 -0.027218 -11.575690 0.619974 0.018293 0.784409 127.882785
0.794839 -0.018347 -0.606542 -124.031442 0.004025 0.999680 -0.024965 -11.608250 0.606807 0.017401 0.794659 128.550543
0.805090 -0.016149 -0.592933 -124.537662 0.003689 0.999746 -0.022221 -11.639840 0.593142 0.015703 0.804945 129.222115
0.814858 -0.014924 -0.579468 -125.033146 0.004099 0.999792 -0.019985 -11.670180 0.579646 0.013909 0.814750 129.904222
0.824062 -0.013815 -0.566331 -125.513980 0.004894 0.999839 -0.017269 -11.702930 0.566478 0.011459 0.823997 130.596865
0.832370 -0.012970 -0.554069 -125.984279 0.005316 0.999867 -0.015419 -11.735610 0.554195 0.009889 0.832328 131.293220
0.839677 -0.013275 -0.542924 -126.439225 0.006847 0.999880 -0.013858 -11.777740 0.543043 0.007918 0.839668 131.996399
0.846459 -0.013516 -0.532282 -126.886044 0.007460 0.999881 -0.013526 -11.808130 0.532402 0.007479 0.846459 132.708508
0.853378 -0.012587 -0.521141 -127.332663 0.006571 0.999889 -0.013389 -11.837970 0.521252 0.008001 0.853365 133.438076
0.860018 -0.011005 -0.510145 -127.759314 0.005286 0.999906 -0.012658 -11.864830 0.510237 0.008190 0.859995 134.148279
0.866390 -0.009696 -0.499274 -128.185563 0.004221 0.999918 -0.012094 -11.893330 0.499350 0.008370 0.866360 134.880656
0.872361 -0.010344 -0.488754 -128.602481 0.004967 0.999912 -0.012296 -11.917910 0.488838 0.008299 0.872335 135.621764
0.877562 -0.011778 -0.479319 -129.012175 0.006211 0.999894 -0.013199 -11.938110 0.479423 0.008605 0.877541 136.376918
0.882010 -0.012610 -0.471062 -129.418658 0.006857 0.999880 -0.013927 -11.950180 0.471181 0.009054 0.881990 137.134080
0.885507 -0.011854 -0.464475 -129.830760 0.006351 0.999890 -0.013410 -11.964830 0.464583 0.008925 0.885485 137.905590
0.888738 -0.010241 -0.458302 -130.241056 0.006307 0.999929 -0.010114 -11.976190 0.458373 0.006098 0.888739 138.690948
0.891936 -0.006212 -0.452119 -130.658476 0.004121 0.999976 -0.005611 -11.989690 0.452143 0.003142 0.891940 139.488948
0.895269 -0.003110 -0.445515 -131.069374 0.002153 0.999994 -0.002654 -11.999430 0.445520 0.001417 0.895271 140.291663
0.898531 -0.000852 -0.438909 -131.480974 0.000511 0.999999 -0.000896 -12.007690 0.438910 0.000581 0.898531 141.108026
0.901830 0.001266 -0.432089 -131.890066 -0.000728 0.999999 0.001409 -12.012400 0.432091 -0.000956 0.901830 141.942750
0.905145 0.002657 -0.425095 -132.299058 -0.000983 0.999991 0.004156 -12.016980 0.425102 -0.003344 0.905139 142.791221
0.908570 0.002658 -0.417724 -132.704137 0.000005 0.999980 0.006374 -12.019330 0.417733 -0.005793 0.908551 143.654241
0.912136 0.002374 -0.409881 -133.107911 0.000658 0.999973 0.007255 -12.021120 0.409887 -0.006887 0.912110 144.530707
0.915819 0.001805 -0.401586 -133.506869 0.001171 0.999974 0.007163 -12.022740 0.401589 -0.007030 0.915793 145.421020
0.919683 -0.000886 -0.392661 -133.898503 0.003786 0.999971 0.006612 -12.023210 0.392643 -0.007567 0.919660 146.327086
0.923746 -0.002420 -0.382998 -134.287828 0.004893 0.999973 0.005485 -12.025030 0.382974 -0.006941 0.923733 147.246598
0.928291 -0.003651 -0.371837 -134.678057 0.005282 0.999980 0.003369 -12.029220 0.371817 -0.005091 0.928292 148.198318
0.933369 -0.002592 -0.358908 -135.047616 0.003557 0.999992 0.002029 -12.037120 0.358899 -0.003171 0.933371 149.131276
0.939500 0.001166 -0.342548 -135.403529 -0.000012 0.999994 0.003371 -12.050650 0.342550 -0.003163 0.939494 150.105372
0.946079 0.005302 -0.323893 -135.746598 -0.003341 0.999973 0.006610 -12.061000 0.323919 -0.005172 0.946071 151.096527
0.952744 0.008287 -0.303663 -136.068596 -0.006126 0.999949 0.008069 -12.070540 0.303714 -0.005827 0.952745 152.110358
0.959268 0.010082 -0.282318 -136.374340 -0.007814 0.999927 0.009158 -12.075410 0.282390 -0.006579 0.959277 153.130812
0.965382 0.011321 -0.260593 -136.651887 -0.008917 0.999906 0.010405 -12.085760 0.260687 -0.007721 0.965393 154.176653
0.971037 0.011762 -0.238640 -136.911474 -0.009010 0.999880 0.012623 -12.093230 0.238760 -0.010107 0.971026 155.242159
0.976227 0.013990 -0.216299 -137.147883 -0.010718 0.999810 0.016293 -12.099080 0.216486 -0.013587 0.976191 156.319105
0.980922 0.015702 -0.193769 -137.368538 -0.011996 0.999722 0.020284 -12.098000 0.194033 -0.017572 0.980838 157.418527
0.985140 0.017702 -0.170839 -137.560897 -0.013812 0.999618 0.023933 -12.095380 0.171197 -0.021218 0.985008 158.536211
0.988745 0.019414 -0.148348 -137.734092 -0.016026 0.999583 0.023998 -12.088640 0.148752 -0.021351 0.988644 159.665032
0.991847 0.018535 -0.126083 -137.882403 -0.015926 0.999638 0.021674 -12.080120 0.126439 -0.019489 0.991783 160.812116
0.994320 0.018343 -0.104843 -138.004324 -0.016294 0.999660 0.020370 -12.065240 0.105181 -0.018546 0.994280 161.973147
0.996307 0.016966 -0.084167 -138.107281 -0.015153 0.999640 0.022138 -12.051490 0.084512 -0.020781 0.996206 163.153143
0.997808 0.017538 -0.063803 -138.185153 -0.016016 0.999577 0.024286 -12.036340 0.064202 -0.023211 0.997667 164.353507
0.998901 0.017857 -0.043336 -138.239345 -0.016771 0.999540 0.025276 -12.017310 0.043767 -0.024522 0.998741 165.560193
0.999566 0.018969 -0.022535 -138.270760 -0.018382 0.999494 0.025950 -11.999470 0.023016 -0.025524 0.999409 166.792867
0.999810 0.019410 -0.001632 -138.281103 -0.019359 0.999452 0.026834 -11.985160 0.002152 -0.026797 0.999639 168.020424
0.999587 0.021493 0.019085 -138.266763 -0.021982 0.999426 0.025780 -11.972410 -0.018520 -0.026189 0.999485 169.264939
0.998961 0.022794 0.039462 -138.229345 -0.023784 0.999409 0.024809 -11.960790 -0.038874 -0.025722 0.998913 170.515072
0.997983 0.022732 0.059271 -138.162026 -0.024086 0.999463 0.022224 -11.951740 -0.058734 -0.023607 0.997995 171.771728
0.996596 0.024880 0.078594 -138.071929 -0.026515 0.999452 0.019825 -11.941870 -0.078057 -0.021842 0.996710 173.046646
0.994869 0.024937 0.098053 -137.955845 -0.026833 0.999477 0.018063 -11.937090 -0.097551 -0.020601 0.995017 174.329792
0.992780 0.025155 0.117286 -137.810060 -0.027091 0.999521 0.014940 -11.943060 -0.116854 -0.018010 0.992986 175.613741
0.990339 0.026290 0.136155 -137.643204 -0.027859 0.999565 0.009633 -11.950290 -0.135842 -0.013333 0.990641 176.906118
0.987625 0.027710 0.154369 -137.446747 -0.028556 0.999587 0.003268 -11.964970 -0.154215 -0.007636 0.988008 178.208730
0.984619 0.029803 0.172153 -137.230424 -0.029858 0.999552 -0.002272 -11.983760 -0.172143 -0.002903 0.985068 179.518968
0.981281 0.031970 0.189910 -136.987109 -0.031387 0.999489 -0.006079 -12.011440 -0.190008 0.000005 0.981783 180.839843
0.977574 0.034351 0.207773 -136.721418 -0.033116 0.999407 -0.009420 -12.042580 -0.207973 0.002329 0.978132 182.161821
0.973673 0.033980 0.225404 -136.424822 -0.032753 0.999421 -0.009184 -12.082560 -0.225586 0.001559 0.974222 183.500857
0.969510 0.033171 0.242798 -136.101336 -0.031893 0.999449 -0.009191 -12.123310 -0.242969 0.001167 0.970033 184.844509
0.965142 0.032649 0.259682 -135.751360 -0.029942 0.999448 -0.014374 -12.168520 -0.260008 0.006097 0.965587 186.181639
0.960556 0.033381 0.276075 -135.380613 -0.029193 0.999388 -0.019266 -12.215230 -0.276549 0.010447 0.960943 187.522682
0.955525 0.035738 0.292738 -134.988595 -0.031445 0.999318 -0.019359 -12.267060 -0.293230 0.009293 0.955997 188.870749
0.949969 0.037899 0.310036 -134.574501 -0.033457 0.999247 -0.019635 -12.315670 -0.310547 0.008280 0.950522 190.220824
0.943902 0.041672 0.327584 -134.132313 -0.036134 0.999083 -0.022977 -12.363760 -0.328242 0.009851 0.944542 191.576417
0.937730 0.042572 0.344746 -133.658317 -0.035597 0.999014 -0.026542 -12.415750 -0.345535 0.012618 0.938321 192.924585
0.931290 0.043652 0.361655 -133.156226 -0.035452 0.998942 -0.029280 -12.473530 -0.362550 0.014447 0.931852 194.277168
0.924396 0.044153 0.378870 -132.626742 -0.034030 0.998863 -0.033379 -12.539180 -0.379913 0.017963 0.924848 195.629751
0.916569 0.046685 0.397143 -132.069564 -0.033570 0.998639 -0.039917 -12.612800 -0.398466 0.023254 0.916888 196.967584
0.907064 0.049997 0.418013 -131.481080 -0.034853 0.998433 -0.043790 -12.694710 -0.419547 0.025151 0.907385 198.318763
0.895871 0.053094 0.441131 -130.856474 -0.037078 0.998305 -0.044855 -12.783120 -0.442765 0.023828 0.896321 199.649874
0.883007 0.057999 0.465763 -130.197752 -0.040482 0.998049 -0.047534 -12.875730 -0.467611 0.023117 0.883632 200.986103
0.869333 0.061883 0.490337 -129.500600 -0.042478 0.997814 -0.050619 -12.973000 -0.492398 0.023176 0.870062 202.301561
0.855062 0.065708 0.514345 -128.762308 -0.044067 0.997558 -0.054180 -13.077730 -0.516649 0.023661 0.855870 203.597052
0.840394 0.067100 0.537807 -127.981673 -0.043595 0.997460 -0.056326 -13.182520 -0.540221 0.023891 0.841184 204.884115
0.825168 0.068483 0.560720 -127.163310 -0.043227 0.997369 -0.058200 -13.294640 -0.563230 0.023787 0.825957 206.143885
0.809425 0.070384 0.582990 -126.308624 -0.041272 0.997155 -0.063084 -13.413390 -0.585771 0.027001 0.810027 207.385695
0.793555 0.072666 0.604145 -125.420023 -0.039140 0.996884 -0.068493 -13.537280 -0.607239 0.030706 0.793925 208.604527
0.777712 0.074542 0.624186 -124.491787 -0.037604 0.996683 -0.072173 -13.670260 -0.627496 0.032658 0.777935 209.800682
0.761812 0.076065 0.643317 -123.535256 -0.036159 0.996527 -0.075009 -13.809300 -0.646788 0.033882 0.761916 210.979780
0.746315 0.076390 0.661195 -122.545512 -0.033996 0.996470 -0.076753 -13.953120 -0.664724 0.034804 0.746278 212.142222
0.731189 0.077016 0.677814 -121.524562 -0.032255 0.996398 -0.078421 -14.098660 -0.681412 0.035478 0.731039 213.275665
0.716494 0.077779 0.693243 -120.481839 -0.029653 0.996262 -0.081129 -14.246350 -0.696963 0.037572 0.716123 214.388840
0.701866 0.079159 0.707897 -119.409916 -0.027196 0.996059 -0.084418 -14.397240 -0.711789 0.039998 0.701253 215.477834
0.687314 0.081031 0.721827 -118.313410 -0.024374 0.995771 -0.088575 -14.554610 -0.725951 0.043285 0.686383 216.553582
0.672341 0.083231 0.735548 -117.195933 -0.023041 0.995530 -0.091588 -14.717930 -0.739883 0.044631 0.671253 217.604447
0.657112 0.083961 0.749102 -116.051063 -0.021845 0.995481 -0.092413 -14.889740 -0.753476 0.044362 0.655977 218.635544
0.640903 0.085059 0.762895 -114.890941 -0.022151 0.995477 -0.092382 -15.059990 -0.767302 0.042309 0.639888 219.643162
0.623725 0.086034 0.776895 -113.713059 -0.024194 0.995573 -0.090826 -15.229320 -0.781270 0.037854 0.623045 220.629107
0.606020 0.087094 0.790667 -112.522735 -0.026788 0.995659 -0.089141 -15.398730 -0.794998 0.032841 0.605722 221.578930
0.588341 0.088469 0.803759 -111.324684 -0.029579 0.995686 -0.087943 -15.565870 -0.808072 0.027966 0.588420 222.498851
0.570790 0.091365 0.815997 -110.116098 -0.030031 0.995448 -0.090451 -15.732510 -0.820547 0.027123 0.570935 223.378235
0.552815 0.095047 0.827866 -108.904802 -0.031924 0.995160 -0.092936 -15.898650 -0.832692 0.024948 0.553173 224.224005
0.533866 0.095236 0.840189 -107.673137 -0.032513 0.995214 -0.092149 -16.066790 -0.844944 0.021878 0.534407 225.043486
0.513424 0.094265 0.852942 -106.433043 -0.032912 0.995380 -0.090196 -16.232830 -0.857504 0.018236 0.514155 225.819721
0.492281 0.092466 0.865511 -105.187330 -0.033286 0.995614 -0.087434 -16.394780 -0.869800 0.014233 0.493199 226.565152
0.471096 0.091264 0.877348 -103.936399 -0.033386 0.995765 -0.085655 -16.554120 -0.881450 0.011060 0.472149 227.271149
0.449783 0.089950 0.888597 -102.679448 -0.032621 0.995906 -0.084301 -16.709120 -0.892542 0.008930 0.450876 227.934903
0.428665 0.089609 0.899009 -101.415774 -0.031666 0.995948 -0.084172 -16.861400 -0.902909 0.007614 0.429766 228.566648
0.408017 0.088738 0.908651 -100.155200 -0.029165 0.996024 -0.084175 -17.011150 -0.912508 0.007844 0.408983 229.158960
0.387206 0.089209 0.917667 -98.885394 -0.026653 0.995975 -0.085576 -17.161620 -0.921608 0.008677 0.388025 229.712641
0.366657 0.088675 0.926121 -97.619582 -0.022700 0.996004 -0.086379 -17.310590 -0.930079 0.010649 0.367205 230.233210
0.345936 0.086690 0.934245 -96.353489 -0.020326 0.996181 -0.084911 -17.455800 -0.938038 0.010384 0.346377 230.717456
0.325303 0.085867 0.941703 -95.088730 -0.019520 0.996266 -0.084099 -17.601940 -0.945408 0.008975 0.325765 231.176417
0.305397 0.090467 0.947918 -93.830885 -0.019182 0.995859 -0.088862 -17.748950 -0.952032 0.008955 0.305868 231.603469
0.286058 0.099771 0.953004 -92.589103 -0.020003 0.994970 -0.098160 -17.902660 -0.958004 0.009017 0.286614 231.993094
0.266852 0.108134 0.957652 -91.350944 -0.021685 0.994107 -0.106208 -18.060440 -0.963494 0.007575 0.267624 232.359742
0.247031 0.111626 0.962557 -90.113698 -0.024272 0.993744 -0.109014 -18.225110 -0.968704 0.003567 0.248195 232.700702
0.226900 0.112763 0.967368 -88.879923 -0.026860 0.993621 -0.109523 -18.393590 -0.973548 -0.001133 0.228481 233.012464
0.206877 0.113146 0.971802 -87.654678 -0.030272 0.993555 -0.109234 -18.559020 -0.977899 -0.006820 0.208969 233.298538
0.187395 0.113145 0.975747 -86.432613 -0.032111 0.993519 -0.109039 -18.724160 -0.981760 -0.010899 0.189813 233.555113
0.168344 0.112246 0.979317 -85.213608 -0.031847 0.993596 -0.108408 -18.887750 -0.985214 -0.012939 0.170840 233.785097
0.149539 0.111724 0.982423 -83.998767 -0.031620 0.993628 -0.108185 -19.048630 -0.988250 -0.014887 0.152119 233.991201
0.131171 0.112424 0.984964 -82.791551 -0.030130 0.993542 -0.109391 -19.208960 -0.990902 -0.015328 0.133712 234.165698
0.111784 0.115377 0.987012 -81.594952 -0.033263 0.993115 -0.112324 -19.369770 -0.993176 -0.020275 0.114852 234.325143
0.092545 0.117116 0.988797 -80.405587 -0.033735 0.992857 -0.114440 -19.527570 -0.995137 -0.022766 0.095835 234.459303
0.075328 0.114561 0.990556 -79.222764 -0.033864 0.993099 -0.112280 -19.687030 -0.996584 -0.025086 0.078688 234.568277
0.060030 0.110194 0.992096 -78.043904 -0.031367 0.993605 -0.108464 -19.847340 -0.997704 -0.024608 0.063103 234.654575
0.045705 0.106235 0.993290 -76.858924 -0.030512 0.994014 -0.104909 -20.003180 -0.998489 -0.025512 0.048673 234.723514
0.033234 0.102881 0.994138 -75.726190 -0.028456 0.994382 -0.101955 -20.150440 -0.999043 -0.024900 0.035975 234.774191
0.022580 0.102634 0.994463 -74.591490 -0.027636 0.994400 -0.102000 -20.294950 -0.999363 -0.025180 0.025290 234.813128
0.013908 0.105562 0.994315 -73.472031 -0.027544 0.994075 -0.105152 -20.438370 -0.999524 -0.025925 0.016733 234.842332
0.007116 0.107023 0.994231 -72.360840 -0.028629 0.993870 -0.106780 -20.579300 -0.999565 -0.027704 0.010137 234.865215
0.001102 0.110341 0.993893 -71.266306 -0.029306 0.993470 -0.110262 -20.724900 -0.999570 -0.029005 0.004329 234.881475
-0.004194 0.118896 0.992898 -70.190385 -0.028579 0.992487 -0.118967 -20.875050 -0.999583 -0.028875 -0.000764 234.889708
-0.008972 0.123338 0.992324 -69.117122 -0.029613 0.991896 -0.123552 -21.020760 -0.999521 -0.030495 -0.005247 234.894228
-0.012711 0.114916 0.993294 -68.042776 -0.029539 0.992897 -0.115248 -21.167690 -0.999483 -0.030806 -0.009226 234.892226
-0.015225 0.103993 0.994461 -66.972745 -0.028456 0.994129 -0.104394 -21.306200 -0.999479 -0.029888 -0.012177 234.885208
-0.016500 0.100636 0.994786 -65.920102 -0.027284 0.994506 -0.101060 -21.435340 -0.999492 -0.028809 -0.013664 234.877587
-0.016591 0.102264 0.994619 -64.880063 -0.027929 0.994320 -0.102699 -21.561670 -0.999472 -0.029483 -0.013641 234.872474
-0.016076 0.105747 0.994263 -63.849023 -0.027429 0.993971 -0.106159 -21.688500 -0.999494 -0.028979 -0.013079 234.868466
-0.014548 0.108023 0.994042 -62.826794 -0.029436 0.993670 -0.108413 -21.818010 -0.999461 -0.030837 -0.011276 234.868370
-0.012607 0.108618 0.994004 -61.806792 -0.031906 0.993533 -0.108972 -21.948500 -0.999411 -0.033088 -0.009060 234.871586
-0.009360 0.110221 0.993863 -60.795610 -0.032724 0.993340 -0.110471 -22.076080 -0.999421 -0.033557 -0.005691 234.876407
-0.005854 0.110999 0.993803 -59.789204 -0.035347 0.993176 -0.111137 -22.204920 -0.999358 -0.035779 -0.001891 234.888855
-0.001125 0.113437 0.993545 -58.790254 -0.036754 0.992869 -0.113402 -22.334450 -0.999324 -0.036644 0.003053 234.905115
0.004928 0.112802 0.993605 -57.787209 -0.038370 0.992907 -0.112532 -22.464460 -0.999251 -0.037570 0.009222 234.925589
0.011660 0.109901 0.993874 -56.786814 -0.037521 0.993290 -0.109397 -22.594370 -0.999228 -0.036016 0.015705 234.949977
0.019174 0.109927 0.993755 -55.803136 -0.035427 0.993388 -0.109203 -22.722970 -0.999188 -0.033111 0.022942 234.978980
0.026579 0.110870 0.993479 -54.818464 -0.034433 0.993342 -0.109934 -22.848770 -0.999054 -0.031286 0.030219 235.017315
0.033600 0.110685 0.993287 -53.833370 -0.034713 0.993378 -0.109521 -22.975950 -0.998832 -0.030800 0.037220 235.062774
0.040326 0.109381 0.993182 -52.850013 -0.036086 0.993501 -0.107951 -23.103900 -0.998535 -0.031487 0.044011 235.117163
0.047041 0.107961 0.993042 -51.869014 -0.037085 0.993645 -0.106270 -23.229620 -0.998204 -0.031828 0.050746 235.177372
0.053840 0.105298 0.992982 -50.891376 -0.037333 0.993942 -0.103375 -23.353020 -0.997852 -0.031505 0.057445 235.244204
0.060860 0.106565 0.992441 -49.923019 -0.037144 0.993838 -0.104437 -23.477900 -0.997455 -0.030507 0.064443 235.318059
0.067782 0.108346 0.991800 -48.957342 -0.037222 0.993669 -0.106006 -23.597690 -0.997006 -0.029731 0.071386 235.397835
0.074641 0.110376 0.991083 -47.992829 -0.036963 0.993479 -0.107859 -23.718230 -0.996525 -0.028583 0.078234 235.482728
0.081221 0.111497 0.990440 -47.030252 -0.039107 0.993314 -0.108613 -23.841770 -0.995929 -0.029912 0.085038 235.577253
0.087719 0.112992 0.989716 -46.072331 -0.040974 0.993114 -0.109749 -23.965670 -0.995302 -0.030926 0.091745 235.679003
0.094653 0.112434 0.989141 -45.114721 -0.041870 0.993172 -0.108886 -24.089410 -0.994629 -0.031109 0.098715 235.785770
0.101026 0.110310 0.988749 -44.159911 -0.042833 0.993395 -0.106452 -24.214550 -0.993961 -0.031596 0.105084 235.900263
