0.999442 0.005362 -0.032967 -0.368645 -0.005843 0.999877 -0.014528 -0.219471 0.032885 0.014713 0.999351 6.595839
0.999435 0.005349 -0.033175 -0.394511 -0.005834 0.999878 -0.014517 -0.234775 0.033094 0.014702 0.999344 7.054303
0.999428 0.005336 -0.033390 -0.421334 -0.005823 0.999878 -0.014504 -0.250628 0.033309 0.014690 0.999337 7.529147
0.999421 0.005323 -0.033611 -0.449129 -0.005813 0.999878 -0.014489 -0.267036 0.033530 0.014676 0.999330 8.020580
0.999413 0.005310 -0.033837 -0.477911 -0.005802 0.999878 -0.014472 -0.284007 0.033756 0.014660 0.999323 8.528805
0.999406 0.005296 -0.034067 -0.507694 -0.005791 0.999879 -0.014454 -0.301545 0.033986 0.014643 0.999315 9.054014
0.999398 0.005282 -0.034301 -0.538493 -0.005780 0.999879 -0.014433 -0.319659 0.034221 0.014623 0.999307 9.596390
0.999389 0.005268 -0.034540 -0.570320 -0.005768 0.999880 -0.014412 -0.338352 0.034460 0.014602 0.999299 10.156109
0.999381 0.005254 -0.034782 -0.603189 -0.005757 0.999880 -0.014389 -0.357630 0.034702 0.014580 0.999291 10.733333
0.999373 0.005240 -0.035028 -0.637114 -0.005746 0.999880 -0.014365 -0.377500 0.034949 0.014557 0.999283 11.328219
0.999364 0.005226 -0.035279 -0.672108 -0.005735 0.999881 -0.014340 -0.397966 0.035200 0.014534 0.999275 11.940911
0.999355 0.005213 -0.035533 -0.708182 -0.005724 0.999881 -0.014315 -0.419033 0.035454 0.014509 0.999266 12.571543
0.999346 0.005200 -0.035792 -0.745350 -0.005714 0.999882 -0.014288 -0.440706 0.035713 0.014483 0.999257 13.220241
0.999336 0.005187 -0.036055 -0.783624 -0.005705 0.999882 -0.014260 -0.462990 0.035977 0.014457 0.999248 13.887116
0.999327 0.005176 -0.036322 -0.823015 -0.005696 0.999882 -0.014233 -0.485888 0.036244 0.014430 0.999239 14.572272
0.999317 0.005165 -0.036594 -0.863534 -0.005688 0.999883 -0.014205 -0.509406 0.036516 0.014403 0.999229 15.275798
0.999307 0.005157 -0.036870 -0.905193 -0.005683 0.999883 -0.014177 -0.533546 0.036792 0.014377 0.999220 15.997775
0.999296 0.005150 -0.037149 -0.948002 -0.005679 0.999884 -0.014149 -0.558314 0.037072 0.014350 0.999210 16.738271
0.999286 0.005145 -0.037433 -0.991969 -0.005677 0.999884 -0.014121 -0.583711 0.037356 0.014323 0.999199 17.497341
0.999275 0.005142 -0.037719 -1.037105 -0.005677 0.999885 -0.014092 -0.609739 0.037642 0.014296 0.999189 18.275027
0.999264 0.005141 -0.038008 -1.083416 -0.005679 0.999885 -0.014064 -0.636400 0.037932 0.014269 0.999178 19.071361
0.999253 0.005142 -0.038300 -1.130909 -0.005683 0.999885 -0.014034 -0.663695 0.038223 0.014242 0.999168 19.886358
0.999242 0.005146 -0.038593 -1.179591 -0.005690 0.999886 -0.014005 -0.691625 0.038517 0.014214 0.999157 20.720025
0.999230 0.005151 -0.038887 -1.229466 -0.005699 0.999886 -0.013976 -0.720188 0.038811 0.014187 0.999146 21.572353
0.999219 0.005159 -0.039181 -1.280537 -0.005709 0.999886 -0.013947 -0.749384 0.039104 0.014160 0.999135 22.443321
0.999207 0.005169 -0.039472 -1.332807 -0.005722 0.999887 -0.013918 -0.779214 0.039396 0.014133 0.999124 23.332896
0.999192 0.005178 -0.039866 -1.379476 -0.005735 0.999887 -0.013884 -0.805619 0.039789 0.014101 0.999109 24.118304
0.999176 0.005189 -0.040260 -1.426852 -0.005751 0.999888 -0.013849 -0.832361 0.040184 0.014069 0.999093 24.913377
0.999160 0.005203 -0.040653 -1.474908 -0.005769 0.999888 -0.013814 -0.859423 0.040576 0.014037 0.999078 25.717667
0.999144 0.005219 -0.041041 -1.523621 -0.005789 0.999888 -0.013778 -0.886791 0.040965 0.014004 0.999062 26.530720
0.999128 0.005237 -0.041422 -1.572959 -0.005811 0.999889 -0.013741 -0.914450 0.041345 0.013970 0.999047 27.352076
0.999113 0.005257 -0.041791 -1.622894 -0.005834 0.999889 -0.013704 -0.942383 0.041715 0.013935 0.999032 28.181267
0.999098 0.005278 -0.042146 -1.673391 -0.005859 0.999889 -0.013664 -0.970575 0.042070 0.013899 0.999018 29.017818
0.999083 0.005301 -0.042482 -1.724416 -0.005885 0.999890 -0.013623 -0.999010 0.042405 0.013861 0.999004 29.861249
0.999070 0.005325 -0.042795 -1.775930 -0.005911 0.999890 -0.013581 -1.027671 0.042718 0.013821 0.998992 30.711070
0.999057 0.005351 -0.043079 -1.827892 -0.005939 0.999891 -0.013537 -1.056542 0.043002 0.013780 0.998980 31.566785
0.999046 0.005378 -0.043329 -1.880259 -0.005968 0.999891 -0.013491 -1.085606 0.043252 0.013737 0.998970 32.427891
0.999037 0.005407 -0.043542 -1.932983 -0.005998 0.999892 -0.013445 -1.114845 0.043464 0.013693 0.998961 33.293878
0.999029 0.005438 -0.043709 -1.986016 -0.006029 0.999892 -0.013396 -1.144244 0.043632 0.013647 0.998954 34.164226
0.999024 0.005472 -0.043826 -2.039303 -0.006062 0.999893 -0.013347 -1.173786 0.043749 0.013600 0.998950 35.038411
0.999021 0.005507 -0.043887 -2.092789 -0.006096 0.999893 -0.013297 -1.203452 0.043809 0.013552 0.998948 35.915899
0.999021 0.005546 -0.043885 -2.146414 -0.006133 0.999893 -0.013247 -1.233227 0.043807 0.013503 0.998949 36.796148
0.999024 0.005588 -0.043813 -2.200113 -0.006171 0.999894 -0.013197 -1.263094 0.043734 0.013455 0.998953 37.678609
0.999030 0.005633 -0.043664 -2.253818 -0.006212 0.999894 -0.013148 -1.293036 0.043585 0.013406 0.998960 38.562726
0.999040 0.005681 -0.043431 -2.307461 -0.006256 0.999895 -0.013098 -1.323036 0.043352 0.013357 0.998971 39.447936
0.999054 0.005733 -0.043108 -2.360964 -0.006301 0.999895 -0.013049 -1.353077 0.043028 0.013309 0.998985 40.333668
0.999072 0.005789 -0.042685 -2.414250 -0.006349 0.999895 -0.013001 -1.383141 0.042605 0.013260 0.999004 41.219344
0.999094 0.005848 -0.042156 -2.467236 -0.006399 0.999896 -0.012954 -1.413211 0.042076 0.013213 0.999027 42.104380
0.999121 0.005910 -0.041512 -2.519837 -0.006451 0.999896 -0.012909 -1.443269 0.041431 0.013166 0.999055 42.988188
0.999152 0.005976 -0.040745 -2.571961 -0.006505 0.999896 -0.012865 -1.473298 0.040664 0.013120 0.999087 43.870171
0.999188 0.006045 -0.039846 -2.623515 -0.006561 0.999896 -0.012824 -1.503280 0.039764 0.013075 0.999124 44.749731
0.999228 0.006118 -0.038806 -2.674402 -0.006618 0.999896 -0.012785 -1.533196 0.038724 0.013032 0.999165 45.626263
0.999273 0.006193 -0.037613 -2.724633 -0.006677 0.999896 -0.012748 -1.563098 0.037530 0.012990 0.999211 46.501241
0.999323 0.006272 -0.036257 -2.774114 -0.006737 0.999896 -0.012716 -1.592975 0.036173 0.012951 0.999262 47.374228
0.999377 0.006353 -0.034729 -2.822744 -0.006797 0.999896 -0.012687 -1.622814 0.034644 0.012916 0.999316 48.244791
0.999434 0.006438 -0.033019 -2.870419 -0.006859 0.999896 -0.012664 -1.652603 0.032934 0.012883 0.999374 49.112501
0.999494 0.006525 -0.031118 -2.917031 -0.006921 0.999896 -0.012646 -1.682332 0.031032 0.012855 0.999436 49.976932
0.999557 0.006614 -0.029015 -2.962469 -0.006983 0.999896 -0.012634 -1.711988 0.028928 0.012831 0.999499 50.837665
0.999621 0.006706 -0.026699 -3.006615 -0.007045 0.999895 -0.012627 -1.741561 0.026611 0.012810 0.999564 51.694289
0.999685 0.006799 -0.024159 -3.049349 -0.007106 0.999895 -0.012626 -1.771040 0.024071 0.012794 0.999628 52.546396
0.999748 0.006895 -0.021385 -3.090545 -0.007166 0.999895 -0.012632 -1.800414 0.021295 0.012782 0.999692 53.393586
0.999807 0.006991 -0.018363 -3.130074 -0.007224 0.999894 -0.012644 -1.829672 0.018273 0.012774 0.999751 54.235467
0.999861 0.007088 -0.015082 -3.167800 -0.007280 0.999893 -0.012664 -1.858804 0.014990 0.012772 0.999806 55.071656
0.999908 0.007186 -0.011528 -3.203585 -0.007332 0.999893 -0.012691 -1.887798 0.011436 0.012774 0.999853 55.901778
0.999944 0.007284 -0.007689 -3.237285 -0.007382 0.999892 -0.012725 -1.916644 0.007596 0.012781 0.999889 56.725468
0.999966 0.007382 -0.003551 -3.268751 -0.007427 0.999891 -0.012766 -1.945330 0.003457 0.012792 0.999912 57.542371
0.999972 0.007479 0.000899 -3.297828 -0.007467 0.999890 -0.012816 -1.973848 -0.000995 0.012809 0.999917 58.352140
0.999955 0.007575 0.005677 -3.324359 -0.007501 0.999889 -0.012873 -2.002186 -0.005774 0.012830 0.999901 59.154443
0.999912 0.007668 0.010796 -3.348179 -0.007528 0.999888 -0.012939 -2.030334 -0.010894 0.012856 0.999858 59.948956
0.999838 0.007760 0.016271 -3.369121 -0.007548 0.999887 -0.013014 -2.058286 -0.016370 0.012889 0.999783 60.735371
0.999725 0.007848 0.022118 -3.387015 -0.007560 0.999886 -0.013098 -2.086034 -0.022218 0.012927 0.999670 61.513391
0.999567 0.007934 0.028351 -3.401681 -0.007562 0.999884 -0.013192 -2.113570 -0.028453 0.012972 0.999511 62.282732
0.999356 0.008016 0.034987 -3.412940 -0.007555 0.999883 -0.013297 -2.140890 -0.035090 0.013024 0.999299 63.043124
0.999083 0.008094 0.042040 -3.420606 -0.007536 0.999882 -0.013413 -2.167987 -0.042144 0.013084 0.999026 63.794309
0.998739 0.008167 0.049526 -3.424490 -0.007505 0.999880 -0.013539 -2.194856 -0.049631 0.013151 0.998681 64.536045
0.998314 0.008235 0.057459 -3.424398 -0.007460 0.999879 -0.013678 -2.221494 -0.057565 0.013226 0.998254 65.268101
0.997795 0.008298 0.065854 -3.420137 -0.007402 0.999877 -0.013828 -2.247897 -0.065961 0.013310 0.997733 65.990263
0.997169 0.008355 0.074725 -3.411505 -0.007329 0.999875 -0.013991 -2.274061 -0.074832 0.013404 0.997106 66.702327
0.996423 0.008407 0.084085 -3.398303 -0.007240 0.999873 -0.014167 -2.299984 -0.084193 0.013507 0.996358 67.404108
0.995541 0.008453 0.093947 -3.380325 -0.007135 0.999871 -0.014357 -2.325664 -0.094056 0.013622 0.995474 68.095424
0.994507 0.008493 0.104324 -3.357367 -0.007011 0.999869 -0.014560 -2.351099 -0.104434 0.013749 0.994437 68.776105
0.993303 0.008527 0.115226 -3.329221 -0.006869 0.999867 -0.014779 -2.376289 -0.115337 0.013888 0.993229 69.445985
0.991909 0.008555 0.126665 -3.295679 -0.006706 0.999865 -0.015012 -2.401232 -0.126776 0.014041 0.991832 70.104909
0.990305 0.008577 0.138647 -3.256532 -0.006524 0.999862 -0.015261 -2.425930 -0.138759 0.014209 0.990224 70.752730
0.988469 0.008594 0.151180 -3.211572 -0.006318 0.999860 -0.015526 -2.450381 -0.151293 0.014392 0.988384 71.389312
0.986378 0.008605 0.164270 -3.160592 -0.006090 0.999857 -0.015806 -2.474588 -0.164382 0.014590 0.986289 72.014526
0.984008 0.008610 0.177918 -3.103383 -0.005837 0.999853 -0.016102 -2.498552 -0.178031 0.014806 0.983913 72.628256
0.981332 0.008609 0.192127 -3.039740 -0.005558 0.999850 -0.016413 -2.522275 -0.192240 0.015039 0.981233 73.230393
0.978325 0.008603 0.206895 -2.969460 -0.005252 0.999846 -0.016739 -2.545760 -0.207007 0.015290 0.978220 73.820842
0.974959 0.008590 0.222217 -2.892340 -0.004917 0.999842 -0.017080 -2.569009 -0.222328 0.015560 0.974848 74.399518
0.971206 0.008572 0.238087 -2.808180 -0.004551 0.999838 -0.017434 -2.592026 -0.238198 0.015849 0.971087 74.966348
0.967036 0.008549 0.254495 -2.716785 -0.004154 0.999833 -0.017802 -2.614813 -0.254605 0.016158 0.966910 75.521271
0.962421 0.008520 0.271429 -2.617960 -0.003724 0.999828 -0.018181 -2.637376 -0.271537 0.016487 0.962287 76.064239
0.957330 0.008487 0.288871 -2.511515 -0.003260 0.999822 -0.018571 -2.659718 -0.288978 0.016837 0.957188 76.595214
0.951735 0.008449 0.306804 -2.397263 -0.002761 0.999816 -0.018972 -2.681844 -0.306907 0.017209 0.951584 77.114173
0.945607 0.008408 0.325202 -2.275019 -0.002225 0.999810 -0.019381 -2.703759 -0.325303 0.017603 0.945446 77.621102
0.938918 0.008364 0.344038 -2.144604 -0.001652 0.999803 -0.019797 -2.725469 -0.344136 0.018020 0.938747 78.116003
0.931642 0.008318 0.363282 -2.005842 -0.001043 0.999795 -0.020220 -2.746981 -0.363376 0.018459 0.931460 78.598886
0.923753 0.008273 0.382899 -1.858560 -0.000396 0.999787 -0.020646 -2.768301 -0.382988 0.018920 0.923560 79.069776
0.915229 0.008228 0.402849 -1.702591 0.000288 0.999778 -0.021075 -2.789437 -0.402933 0.019405 0.915024 79.528706
0.906051 0.008185 0.423090 -1.537769 0.001010 0.999768 -0.021505 -2.810397 -0.423168 0.019911 0.905833 79.975721
0.896201 0.008146 0.443574 -1.363937 0.001769 0.999758 -0.021933 -2.831188 -0.443646 0.020441 0.895969 80.410875
0.885666 0.008110 0.464253 -1.180939 0.002565 0.999747 -0.022358 -2.851817 -0.464316 0.020993 0.885421 80.834236
0.874437 0.008080 0.485072 -0.988625 0.003398 0.999735 -0.022777 -2.872295 -0.485127 0.021565 0.874178 81.245880
0.862511 0.008056 0.505975 -0.786853 0.004266 0.999722 -0.023188 -2.892630 -0.506021 0.022158 0.862236 81.645892
0.849887 0.008038 0.526904 -0.575483 0.005168 0.999708 -0.023588 -2.912831 -0.526940 0.022770 0.849598 82.034369
0.836572 0.008029 0.547798 -0.354385 0.006104 0.999694 -0.023974 -2.932908 -0.547823 0.023400 0.836267 82.411416
0.822578 0.008029 0.568596 -0.123435 0.007071 0.999679 -0.024345 -2.952870 -0.568609 0.024046 0.822256 82.777144
0.807921 0.008039 0.589236 0.117486 0.008067 0.999662 -0.024699 -2.972728 -0.589236 0.024708 0.807583 83.131675
0.792624 0.008059 0.609657 0.368488 0.009090 0.999645 -0.025033 -2.992491 -0.609642 0.025384 0.792270 83.475139
0.776718 0.008092 0.629797 0.629671 0.010138 0.999627 -0.025347 -3.012170 -0.629767 0.026073 0.776346 83.807672
0.760234 0.008138 0.649598 0.901131 0.011208 0.999608 -0.025639 -3.031776 -0.649552 0.026772 0.759846 84.129418
0.743214 0.008197 0.669004 1.182951 0.012297 0.999589 -0.025908 -3.051319 -0.668941 0.027481 0.742807 84.440525
0.725700 0.008270 0.687961 1.475207 0.013401 0.999568 -0.026152 -3.070811 -0.687881 0.028198 0.725276 84.741150
0.707741 0.008357 0.706422 1.777966 0.014519 0.999547 -0.026372 -3.090263 -0.706322 0.028921 0.707299 85.031454
0.689389 0.008459 0.724342 2.091282 0.015648 0.999525 -0.026566 -3.109688 -0.724222 0.029648 0.688929 85.311603
0.670699 0.008576 0.741680 2.415201 0.016783 0.999502 -0.026734 -3.129097 -0.741540 0.030378 0.670220 85.581768
0.651726 0.008707 0.758405 2.749754 0.017923 0.999478 -0.026877 -3.148503 -0.758243 0.031109 0.651229 85.842125
0.632529 0.008853 0.774486 3.094965 0.019063 0.999454 -0.026994 -3.167918 -0.774302 0.031838 0.632015 86.092855
0.613167 0.009013 0.789902 3.450842 0.020201 0.999429 -0.027085 -3.187354 -0.789695 0.032565 0.612635 86.334143
0.593699 0.009186 0.804635 3.817383 0.021334 0.999404 -0.027151 -3.206823 -0.804405 0.033286 0.593149 86.566176
0.574182 0.009372 0.818674 4.194573 0.022458 0.999378 -0.027192 -3.226338 -0.818420 0.033999 0.573614 86.789147
0.554674 0.009572 0.832013 4.582382 0.023571 0.999352 -0.027210 -3.245910 -0.831734 0.034704 0.554089 87.003252
0.535229 0.009783 0.844650 4.980770 0.024668 0.999325 -0.027206 -3.265551 -0.844347 0.035397 0.534627 87.208688
0.515900 0.010006 0.856590 5.389681 0.025748 0.999299 -0.027180 -3.285273 -0.856262 0.036077 0.515281 87.405658
0.496736 0.010239 0.867841 5.809048 0.026808 0.999272 -0.027133 -3.305087 -0.867487 0.036743 0.496100 87.594367
0.477785 0.010481 0.878414 6.238792 0.027845 0.999246 -0.027068 -3.325004 -0.878036 0.037392 0.477133 87.775020
0.459089 0.010733 0.888326 6.678818 0.028857 0.999219 -0.026986 -3.345036 -0.887922 0.038023 0.458421 87.947827
0.440689 0.010992 0.897593 7.129020 0.029842 0.999193 -0.026887 -3.365194 -0.897164 0.038635 0.440005 88.113001
0.422621 0.011257 0.906237 7.589281 0.030798 0.999167 -0.026774 -3.385486 -0.905783 0.039226 0.421922 88.270756
0.404920 0.011528 0.914280 8.059469 0.031725 0.999141 -0.026648 -3.405924 -0.913802 0.039796 0.404206 88.421308
0.387614 0.011802 0.921746 8.539442 0.032620 0.999116 -0.026510 -3.426517 -0.921244 0.040343 0.386887 88.564875
0.370733 0.012078 0.928661 9.029045 0.033483 0.999092 -0.026361 -3.447274 -0.928136 0.040867 0.369991 88.701678
0.354298 0.012357 0.935051 9.528113 0.034313 0.999068 -0.026204 -3.468203 -0.934503 0.041368 0.353544 88.831938
0.338332 0.012635 0.940942 10.036470 0.035109 0.999044 -0.026039 -3.489311 -0.940372 0.041846 0.337565 88.955878
0.322851 0.012913 0.946362 10.553928 0.035871 0.999022 -0.025869 -3.510605 -0.945770 0.042299 0.322072 89.073722
0.307872 0.013190 0.951336 11.080289 0.036599 0.999000 -0.025695 -3.532091 -0.950724 0.042728 0.307081 89.185694
0.293407 0.013464 0.955893 11.615346 0.037292 0.998979 -0.025517 -3.553775 -0.955260 0.043134 0.292605 89.292020
0.279465 0.013735 0.960058 12.158880 0.037950 0.998958 -0.025339 -3.575662 -0.959406 0.043515 0.278653 89.392925
0.266055 0.014002 0.963856 12.710663 0.038573 0.998939 -0.025160 -3.597756 -0.963186 0.043873 0.265233 89.488634
0.253184 0.014265 0.967313 13.270457 0.039162 0.998921 -0.024981 -3.620060 -0.966625 0.044207 0.252352 89.579373
0.240854 0.014521 0.970453 13.838016 0.039717 0.998903 -0.024804 -3.642578 -0.969748 0.044518 0.240013 89.665364
0.229069 0.014771 0.973298 14.413083 0.040239 0.998886 -0.024630 -3.665311 -0.972578 0.044806 0.228219 89.746832
0.217829 0.015014 0.975871 14.995390 0.040726 0.998871 -0.024459 -3.688261 -0.975137 0.045072 0.216972 89.823998
0.207135 0.015249 0.978194 15.584662 0.041181 0.998856 -0.024292 -3.711429 -0.977445 0.045315 0.206270 89.897086
0.196985 0.015477 0.980284 16.180614 0.041603 0.998843 -0.024130 -3.734816 -0.979523 0.045536 0.196113 89.966316
0.187378 0.015695 0.982163 16.782951 0.041993 0.998830 -0.023973 -3.758420 -0.981390 0.045736 0.186499 90.031909
0.178310 0.015904 0.983846 17.391371 0.042352 0.998819 -0.023821 -3.782240 -0.983062 0.045915 0.177426 90.094085
0.169780 0.016102 0.985350 18.005563 0.042680 0.998808 -0.023676 -3.806273 -0.984557 0.046075 0.168891 90.153062
0.161784 0.016290 0.986692 18.625207 0.042979 0.998799 -0.023537 -3.830517 -0.985890 0.046215 0.160890 90.209060
0.154319 0.016468 0.987884 19.249975 0.043249 0.998790 -0.023406 -3.854969 -0.987074 0.046337 0.153420 90.262301
0.147382 0.016635 0.988940 19.879532 0.043488 0.998783 -0.023282 -3.879626 -0.988123 0.046439 0.146479 90.313003
0.140970 0.016791 0.989871 20.513534 0.043699 0.998776 -0.023166 -3.904483 -0.989049 0.046522 0.140064 90.361389
0.135080 0.016937 0.990690 21.151631 0.043882 0.998771 -0.023058 -3.929537 -0.989863 0.046588 0.134171 90.407679
0.129710 0.017072 0.991405 21.793469 0.044036 0.998766 -0.022961 -3.954781 -0.990574 0.046636 0.128798 90.452096
0.124858 0.017198 0.992026 22.438685 0.044163 0.998762 -0.022873 -3.980211 -0.991191 0.046667 0.123944 90.494863
0.120522 0.017315 0.992560 23.086913 0.044263 0.998760 -0.022797 -4.005820 -0.991723 0.046681 0.119606 90.536206
0.116703 0.017422 0.993014 23.737784 0.044336 0.998758 -0.022733 -4.031603 -0.992177 0.046679 0.115785 90.576352
0.113398 0.017520 0.993395 24.390921 0.044381 0.998757 -0.022681 -4.057553 -0.992558 0.046660 0.112480 90.615531
0.110610 0.017610 0.993708 25.045947 0.044400 0.998757 -0.022641 -4.083665 -0.992872 0.046625 0.109690 90.653973
0.108338 0.017691 0.993957 25.702481 0.044392 0.998758 -0.022615 -4.109930 -0.993123 0.046574 0.107418 90.691913
0.106584 0.017763 0.994145 26.360142 0.044357 0.998760 -0.022601 -4.136343 -0.993314 0.046506 0.105664 90.729588
0.105350 0.017828 0.994275 27.018544 0.044295 0.998763 -0.022602 -4.162897 -0.993448 0.046423 0.104430 90.767235
0.104640 0.017884 0.994349 27.677306 0.044206 0.998766 -0.022616 -4.189585 -0.993527 0.046323 0.103720 90.805096
0.104457 0.017933 0.994368 28.336041 0.044090 0.998771 -0.022644 -4.216398 -0.993552 0.046207 0.103538 90.843415
0.104804 0.017975 0.994330 28.994369 0.043946 0.998776 -0.022687 -4.243331 -0.993521 0.046074 0.103886 90.882440
0.105687 0.018010 0.994236 29.651909 0.043774 0.998782 -0.022745 -4.270374 -0.993435 0.045926 0.104770 90.922421
0.107112 0.018038 0.994083 30.308284 0.043575 0.998790 -0.022818 -4.297520 -0.993292 0.045761 0.106196 90.963610
0.109082 0.018059 0.993869 30.963122 0.043348 0.998797 -0.022906 -4.324761 -0.993087 0.045581 0.108168 91.006261
0.111606 0.018075 0.993588 31.616054 0.043093 0.998806 -0.023010 -4.352090 -0.992818 0.045385 0.110694 91.050633
0.114689 0.018084 0.993237 32.266717 0.042809 0.998816 -0.023129 -4.379497 -0.992479 0.045172 0.113779 91.096985
0.118337 0.018088 0.992809 32.914755 0.042498 0.998826 -0.023264 -4.406975 -0.992064 0.044945 0.117429 91.145577
0.122558 0.018087 0.992297 33.559816 0.042158 0.998837 -0.023413 -4.434515 -0.991566 0.044702 0.121652 91.196672
0.127357 0.018080 0.991692 34.201556 0.041790 0.998848 -0.023578 -4.462108 -0.990976 0.044445 0.126455 91.250535
0.132742 0.018068 0.990986 34.839639 0.041394 0.998860 -0.023757 -4.489746 -0.990286 0.044174 0.131843 91.307432
0.138719 0.018052 0.990167 35.473735 0.040970 0.998873 -0.023950 -4.517420 -0.989484 0.043890 0.137823 91.367631
0.145293 0.018031 0.989224 36.103523 0.040518 0.998887 -0.024158 -4.545122 -0.988559 0.043592 0.144401 91.431400
0.152469 0.018006 0.988144 36.728689 0.040039 0.998901 -0.024380 -4.572844 -0.987497 0.043281 0.151581 91.499010
0.160252 0.017978 0.986912 37.348929 0.039532 0.998915 -0.024616 -4.600577 -0.986284 0.042959 0.159368 91.570730
0.168645 0.017947 0.985513 37.963947 0.038997 0.998930 -0.024864 -4.628313 -0.984905 0.042625 0.167765 91.646829
0.177649 0.017913 0.983931 38.573456 0.038435 0.998945 -0.025126 -4.656043 -0.983343 0.042281 0.176773 91.727577
0.187265 0.017878 0.982147 39.177179 0.037844 0.998961 -0.025400 -4.683762 -0.981580 0.041925 0.186394 91.813242
0.197491 0.017843 0.980142 39.774851 0.037224 0.998977 -0.025687 -4.711460 -0.979598 0.041558 0.196625 91.904091
0.208324 0.017808 0.977898 40.366215 0.036575 0.998993 -0.025984 -4.739132 -0.977376 0.041180 0.207463 92.000391
0.219760 0.017775 0.975392 40.951027 0.035896 0.999010 -0.026293 -4.766771 -0.974893 0.040791 0.218904 92.102402
0.231790 0.017742 0.972604 41.529055 0.035186 0.999026 -0.026610 -4.794372 -0.972129 0.040390 0.230940 92.210386
0.244406 0.017712 0.969511 42.100079 0.034446 0.999044 -0.026935 -4.821929 -0.969061 0.039978 0.243562 92.324599
0.257595 0.017685 0.966091 42.663889 0.033673 0.999061 -0.027267 -4.849437 -0.965666 0.039555 0.256757 92.445295
0.271343 0.017662 0.962321 43.220292 0.032869 0.999078 -0.027604 -4.876892 -0.961921 0.039120 0.270513 92.572724
0.285634 0.017644 0.958176 43.769105 0.032031 0.999096 -0.027946 -4.904289 -0.957803 0.038674 0.284811 92.707132
0.300448 0.017632 0.953635 44.310161 0.031161 0.999114 -0.028290 -4.931624 -0.953289 0.038216 0.299632 92.848760
0.315760 0.017628 0.948675 44.843308 0.030258 0.999132 -0.028636 -4.958895 -0.948356 0.037747 0.314953 92.997847
0.331547 0.017632 0.943274 45.368406 0.029321 0.999150 -0.028983 -4.986099 -0.942983 0.037267 0.330748 93.154624
0.347779 0.017647 0.937410 45.885333 0.028351 0.999168 -0.029328 -5.013234 -0.937148 0.036776 0.346989 93.319318
0.364424 0.017673 0.931066 46.393983 0.027348 0.999186 -0.029670 -5.040299 -0.930832 0.036275 0.363644 93.492151
0.381446 0.017712 0.924221 46.894264 0.026313 0.999203 -0.030009 -5.067295 -0.924016 0.035765 0.380676 93.673338
0.398809 0.017764 0.916862 47.386098 0.025246 0.999221 -0.030341 -5.094221 -0.916687 0.035248 0.398049 93.863089
0.416469 0.017831 0.908975 47.869425 0.024149 0.999238 -0.030666 -5.121080 -0.908829 0.034722 0.415721 94.061607
0.434384 0.017913 0.900549 48.344198 0.023021 0.999255 -0.030980 -5.147873 -0.900433 0.034189 0.433648 94.269091
0.452508 0.018012 0.891579 48.810386 0.021864 0.999271 -0.031284 -5.174603 -0.891492 0.033650 0.451784 94.485729
0.470790 0.018127 0.882059 49.267973 0.020681 0.999287 -0.031574 -5.201274 -0.882003 0.033106 0.470080 94.711703
0.489182 0.018260 0.871991 49.716957 0.019472 0.999303 -0.031850 -5.227888 -0.871964 0.032560 0.488485 94.947188
0.507630 0.018411 0.861378 50.157351 0.018241 0.999318 -0.032108 -5.254449 -0.861382 0.032011 0.506948 95.192350
0.526082 0.018578 0.850231 50.589179 0.016989 0.999332 -0.032349 -5.280961 -0.850264 0.031463 0.525415 95.447345
0.544485 0.018764 0.838561 51.012482 0.015720 0.999346 -0.032568 -5.307428 -0.838623 0.030915 0.543834 95.712322
0.562785 0.018966 0.826385 51.427309 0.014435 0.999359 -0.032766 -5.333855 -0.826477 0.030369 0.562151 95.987421
0.580931 0.019185 0.813727 51.833726 0.013137 0.999371 -0.032941 -5.360248 -0.813847 0.029827 0.580314 96.272770
0.598871 0.019420 0.800610 52.231806 0.011830 0.999382 -0.033091 -5.386610 -0.800758 0.029289 0.598272 96.568487
0.616557 0.019670 0.787064 52.621637 0.010517 0.999393 -0.033215 -5.412946 -0.787240 0.028757 0.615976 96.874682
0.633942 0.019934 0.773124 53.003316 0.009201 0.999403 -0.033313 -5.439262 -0.773326 0.028232 0.633379 97.191451
0.650981 0.020213 0.758825 53.376950 0.007885 0.999411 -0.033385 -5.465563 -0.759053 0.027717 0.650439 97.518879
0.667636 0.020504 0.744206 53.742655 0.006573 0.999419 -0.033432 -5.491854 -0.744459 0.027212 0.667113 97.857043
0.683869 0.020807 0.729308 54.100559 0.005267 0.999426 -0.033452 -5.518140 -0.729586 0.026719 0.683367 98.206004
0.699648 0.021121 0.714176 54.450795 0.003971 0.999433 -0.033448 -5.544426 -0.714477 0.026238 0.699167 98.565816
0.714944 0.021446 0.698853 54.793504 0.002688 0.999438 -0.033419 -5.570718 -0.699177 0.025771 0.714484 98.936520
0.729733 0.021778 0.683385 55.128838 0.001420 0.999442 -0.033366 -5.597021 -0.683731 0.025319 0.729295 99.318143
0.743996 0.022119 0.667818 55.456950 0.000169 0.999446 -0.033290 -5.623340 -0.668184 0.024881 0.743580 99.710704
0.757717 0.022465 0.652197 55.778002 -0.001063 0.999448 -0.033192 -5.649681 -0.652583 0.024457 0.757323 100.114208
0.770884 0.022817 0.636566 56.092160 -0.002272 0.999450 -0.033073 -5.676048 -0.636971 0.024049 0.770513 100.528647
0.783492 0.023173 0.620970 56.399595 -0.003458 0.999452 -0.032934 -5.702446 -0.621393 0.023657 0.783142 100.954003
0.795535 0.023533 0.605451 56.700482 -0.004618 0.999452 -0.032779 -5.728880 -0.605890 0.023280 0.795208 101.390247
0.807015 0.023895 0.590048 56.994999 -0.005752 0.999452 -0.032607 -5.755354 -0.590503 0.022920 0.806710 101.837337
0.817935 0.024258 0.574799 57.283328 -0.006858 0.999451 -0.032421 -5.781874 -0.575270 0.022576 0.817652 102.295220
0.828301 0.024622 0.559742 57.565654 -0.007935 0.999449 -0.032222 -5.808445 -0.560227 0.022247 0.828041 102.763835
0.838124 0.024987 0.544907 57.842166 -0.008984 0.999447 -0.032012 -5.835071 -0.545406 0.021934 0.837885 103.243105
0.847414 0.025351 0.530328 58.113052 -0.010003 0.999444 -0.031792 -5.861756 -0.530839 0.021637 0.847196 103.732947
0.856185 0.025714 0.516030 58.378504 -0.010992 0.999441 -0.031565 -5.888506 -0.516553 0.021353 0.855989 104.233263
0.864452 0.026077 0.502039 58.638717 -0.011952 0.999438 -0.031332 -5.915324 -0.502574 0.021084 0.864277 104.743950
0.872232 0.026438 0.488377 58.893885 -0.012884 0.999433 -0.031093 -5.942214 -0.488922 0.020828 0.872079 105.264890
0.879544 0.026797 0.475063 59.144203 -0.013787 0.999429 -0.030850 -5.969181 -0.475618 0.020584 0.879411 105.795962
0.886405 0.027155 0.462113 59.389865 -0.014662 0.999424 -0.030604 -5.996229 -0.462678 0.020352 0.886293 106.337031
0.892836 0.027510 0.449542 59.631069 -0.015509 0.999419 -0.030357 -6.023360 -0.450116 0.020132 0.892743 106.887956
0.898856 0.027861 0.437358 59.868006 -0.016328 0.999413 -0.030109 -6.050579 -0.437940 0.019922 0.898783 107.448590
0.904485 0.028209 0.425571 60.100869 -0.017119 0.999407 -0.029861 -6.077888 -0.426161 0.019724 0.904432 108.018776
0.909745 0.028553 0.414185 60.329847 -0.017883 0.999401 -0.029616 -6.105289 -0.414783 0.019536 0.909711 108.598353
0.914654 0.028892 0.403203 60.555125 -0.018620 0.999395 -0.029373 -6.132786 -0.403808 0.019358 0.914639 109.187152
0.919234 0.029226 0.392626 60.776886 -0.019331 0.999389 -0.029134 -6.160378 -0.393237 0.019191 0.919237 109.785002
0.923503 0.029556 0.382451 60.995305 -0.020016 0.999382 -0.028900 -6.188070 -0.383069 0.019034 0.923524 110.391723
0.927481 0.029880 0.372676 61.210554 -0.020676 0.999375 -0.028671 -6.215861 -0.373299 0.018886 0.927519 111.007132
0.931185 0.030199 0.363293 61.422799 -0.021312 0.999368 -0.028447 -6.243754 -0.363923 0.018747 0.931241 111.631044
0.934635 0.030512 0.354296 61.632200 -0.021924 0.999361 -0.028230 -6.271749 -0.354931 0.018617 0.934707 112.263267
0.937848 0.030820 0.345675 61.838908 -0.022513 0.999354 -0.028020 -6.299847 -0.346315 0.018496 0.937936 112.903608
0.940840 0.031120 0.337420 62.043067 -0.023080 0.999347 -0.027816 -6.328047 -0.338065 0.018383 0.940943 113.551869
0.943626 0.031414 0.329518 62.244814 -0.023624 0.999339 -0.027618 -6.356350 -0.330168 0.018276 0.943745 114.207853
0.946223 0.031701 0.321959 62.444273 -0.024148 0.999332 -0.027425 -6.384751 -0.322613 0.018176 0.946356 114.871360
0.948643 0.031980 0.314727 62.641565 -0.024652 0.999325 -0.027238 -6.413250 -0.315385 0.018080 0.948791 115.542189
0.950901 0.032253 0.307809 62.836796 -0.025137 0.999318 -0.027055 -6.441841 -0.308472 0.017989 0.951063 116.220137
0.953009 0.032518 0.301192 63.030068 -0.025604 0.999311 -0.026877 -6.470520 -0.301859 0.017902 0.953185 116.904999
0.954978 0.032776 0.294862 63.221473 -0.026052 0.999304 -0.026705 -6.499281 -0.295532 0.017820 0.955167 117.596568
0.956818 0.033027 0.288804 63.411093 -0.026484 0.999297 -0.026537 -6.528120 -0.289477 0.017743 0.957020 118.294640
0.958542 0.033271 0.283004 63.599001 -0.026899 0.999290 -0.026374 -6.557031 -0.283680 0.017669 0.958756 118.999010
0.960156 0.033508 0.277448 63.785261 -0.027299 0.999284 -0.026215 -6.586007 -0.278128 0.017597 0.960383 119.709473
0.961671 0.033739 0.272123 63.969930 -0.027684 0.999277 -0.026060 -6.615042 -0.272806 0.017527 0.961909 120.425826
0.963093 0.033964 0.267016 64.153056 -0.028057 0.999271 -0.025908 -6.644129 -0.267701 0.017460 0.963344 121.147865
0.964431 0.034183 0.262113 64.334679 -0.028417 0.999264 -0.025758 -6.673262 -0.262801 0.017394 0.964693 121.875388
0.965692 0.034397 0.257403 64.514832 -0.028766 0.999258 -0.025612 -6.702433 -0.258093 0.017329 0.965965 122.608196
0.966880 0.034607 0.252873 64.693541 -0.029104 0.999252 -0.025469 -6.731636 -0.253566 0.017266 0.967164 123.346091
0.968003 0.034811 0.248512 64.870826 -0.029432 0.999246 -0.025329 -6.760864 -0.249207 0.017204 0.968298 124.088879
0.969065 0.035012 0.244308 65.046697 -0.029751 0.999240 -0.025190 -6.790109 -0.245005 0.017143 0.969370 124.836367
0.970072 0.035208 0.240251 65.221161 -0.030061 0.999234 -0.025054 -6.819364 -0.240949 0.017082 0.970387 125.588366
0.971028 0.035400 0.236329 65.394217 -0.030363 0.999228 -0.024920 -6.848622 -0.237029 0.017022 0.971354 126.344693
0.971937 0.035588 0.232532 65.565860 -0.030657 0.999223 -0.024786 -6.877876 -0.233234 0.016962 0.972273 127.105164
0.972804 0.035772 0.228851 65.736076 -0.030944 0.999217 -0.024654 -6.907118 -0.229554 0.016902 0.973149 127.869603
0.973632 0.035953 0.225275 65.904850 -0.031224 0.999212 -0.024521 -6.936340 -0.225979 0.016840 0.973987 128.637836
0.974424 0.036129 0.221796 66.072160 -0.031497 0.999206 -0.024388 -6.965534 -0.222501 0.016779 0.974788 129.409694
0.975183 0.036302 0.218403 66.237977 -0.031764 0.999201 -0.024256 -6.994693 -0.219109 0.016717 0.975557 130.185010
0.975914 0.036472 0.215087 66.402273 -0.032025 0.999196 -0.024125 -7.023810 -0.215794 0.016655 0.976297 130.963624
0.976617 0.036638 0.211840 66.565012 -0.032280 0.999191 -0.023994 -7.052877 -0.212548 0.016595 0.977010 131.745380
0.977297 0.036801 0.208654 66.726156 -0.032531 0.999186 -0.023864 -7.081887 -0.209362 0.016535 0.977698 132.530128
0.977955 0.036961 0.205518 66.885663 -0.032776 0.999181 -0.023734 -7.110834 -0.206227 0.016475 0.978365 133.317721
0.978594 0.037119 0.202426 67.043487 -0.033017 0.999176 -0.023604 -7.139711 -0.203135 0.016415 0.979013 134.108020
0.979215 0.037273 0.199369 67.199581 -0.033254 0.999171 -0.023473 -7.168510 -0.200078 0.016355 0.979643 134.900889
0.979822 0.037425 0.196339 67.353892 -0.033487 0.999167 -0.023341 -7.197227 -0.197049 0.016295 0.980258 135.696198
0.980414 0.037575 0.193328 67.506367 -0.033717 0.999162 -0.023208 -7.225852 -0.194038 0.016235 0.980860 136.493820
0.980995 0.037721 0.190330 67.656950 -0.033943 0.999157 -0.023073 -7.254381 -0.191040 0.016174 0.981449 137.293637
0.981566 0.037865 0.187337 67.805582 -0.034166 0.999153 -0.022937 -7.282806 -0.188047 0.016114 0.982028 138.095533
0.982127 0.038006 0.184342 67.952202 -0.034385 0.999149 -0.022799 -7.311121 -0.185052 0.016053 0.982598 138.899396
0.982681 0.038143 0.181339 68.096750 -0.034601 0.999144 -0.022658 -7.339321 -0.182049 0.015992 0.983159 139.705119
0.983227 0.038276 0.178323 68.239162 -0.034812 0.999140 -0.022516 -7.367398 -0.179032 0.015931 0.983714 140.512600
0.983768 0.038405 0.175287 68.379376 -0.035018 0.999136 -0.022372 -7.395347 -0.175995 0.015870 0.984263 141.321739
0.984303 0.038529 0.172227 68.517325 -0.035220 0.999132 -0.022226 -7.423163 -0.172934 0.015811 0.984806 142.132443
0.984834 0.038648 0.169138 68.652945 -0.035418 0.999129 -0.022078 -7.450838 -0.169844 0.015752 0.985345 142.944619
0.985361 0.038763 0.166016 68.786170 -0.035610 0.999125 -0.021927 -7.478368 -0.166721 0.015695 0.985879 143.758182
0.985884 0.038873 0.162857 68.916936 -0.035798 0.999122 -0.021775 -7.505748 -0.163561 0.015638 0.986409 144.573050
0.986402 0.038979 0.159659 69.045179 -0.035982 0.999119 -0.021620 -7.532972 -0.160361 0.015581 0.986935 145.389142
0.986918 0.039079 0.156418 69.170835 -0.036160 0.999116 -0.021463 -7.560037 -0.157119 0.015526 0.987458 146.206382
0.987429 0.039174 0.153134 69.293843 -0.036333 0.999113 -0.021304 -7.586937 -0.153832 0.015472 0.987976 147.024697
0.987936 0.039263 0.149804 69.414141 -0.036501 0.999110 -0.021143 -7.613668 -0.150501 0.015419 0.988490 147.844017
0.988438 0.039346 0.146428 69.531673 -0.036662 0.999107 -0.020980 -7.640227 -0.147123 0.015369 0.988999 148.664274
0.988936 0.039422 0.143007 69.646381 -0.036818 0.999105 -0.020816 -7.666609 -0.143700 0.015321 0.989503 149.485407
0.989428 0.039493 0.139541 69.758210 -0.036967 0.999103 -0.020651 -7.692813 -0.140231 0.015274 0.990001 150.307352
0.989915 0.039558 0.136031 69.867110 -0.037110 0.999101 -0.020485 -7.718834 -0.136719 0.015230 0.990493 151.130053
0.990394 0.039616 0.132480 69.973033 -0.037247 0.999100 -0.020317 -7.744671 -0.133166 0.015188 0.990977 151.953450
0.990865 0.039669 0.128890 70.075935 -0.037378 0.999098 -0.020150 -7.770322 -0.129573 0.015148 0.991454 152.777487
0.991328 0.039716 0.125265 70.175777 -0.037502 0.999097 -0.019984 -7.795788 -0.125945 0.015113 0.991922 153.602108
0.991782 0.039757 0.121607 70.272524 -0.037620 0.999096 -0.019819 -7.821069 -0.122285 0.015081 0.992380 154.427256
0.992225 0.039793 0.117922 70.366144 -0.037732 0.999095 -0.019656 -7.846166 -0.118597 0.015054 0.992828 155.252877
0.992658 0.039823 0.114212 70.456611 -0.037838 0.999094 -0.019494 -7.871081 -0.114885 0.015029 0.993265 156.078920
0.993079 0.039848 0.110483 70.543904 -0.037939 0.999093 -0.019332 -7.895817 -0.111153 0.015007 0.993690 156.905331
0.993487 0.039869 0.106739 70.628005 -0.038034 0.999093 -0.019172 -7.920374 -0.107407 0.014987 0.994102 157.732059
0.993883 0.039886 0.102985 70.708902 -0.038124 0.999092 -0.019014 -7.944755 -0.103650 0.014971 0.994501 158.559049
0.994265 0.039898 0.099226 70.786588 -0.038209 0.999092 -0.018858 -7.968963 -0.099889 0.014959 0.994886 159.386249
0.994632 0.039905 0.095467 70.861061 -0.038289 0.999092 -0.018706 -7.993002 -0.096127 0.014951 0.995257 160.213605
0.994986 0.039909 0.091712 70.932324 -0.038363 0.999092 -0.018558 -8.016873 -0.092369 0.014947 0.995613 161.041066
0.995324 0.039907 0.087965 71.000384 -0.038430 0.999092 -0.018414 -8.040581 -0.088620 0.014948 0.995953 161.868578
0.995647 0.039900 0.084233 71.065252 -0.038492 0.999092 -0.018274 -8.064129 -0.084885 0.014953 0.996279 162.696089
0.995955 0.039889 0.080518 71.126942 -0.038548 0.999092 -0.018139 -8.087520 -0.081168 0.014962 0.996588 163.523543
0.996247 0.039873 0.076825 71.185474 -0.038598 0.999093 -0.018009 -8.110757 -0.077474 0.014977 0.996882 164.350888
0.996524 0.039853 0.073160 71.240870 -0.038642 0.999093 -0.017885 -8.133844 -0.073806 0.014995 0.997160 165.178066
0.996785 0.039828 0.069524 71.293157 -0.038681 0.999094 -0.017765 -8.156785 -0.070169 0.015019 0.997422 166.005022
0.997031 0.039798 0.065924 71.342367 -0.038714 0.999094 -0.017651 -8.179582 -0.066567 0.015047 0.997668 166.831699
0.997261 0.039766 0.062363 71.388534 -0.038742 0.999095 -0.017543 -8.202240 -0.063004 0.015079 0.997899 167.658038
0.997476 0.039729 0.058845 71.431695 -0.038765 0.999096 -0.017440 -8.224762 -0.059485 0.015115 0.998115 168.483979
0.997677 0.039690 0.055374 71.471892 -0.038784 0.999097 -0.017344 -8.247153 -0.056012 0.015156 0.998315 169.309460
0.997862 0.039647 0.051953 71.509172 -0.038798 0.999098 -0.017253 -8.269415 -0.052590 0.015201 0.998500 170.134421
0.998034 0.039601 0.048586 71.543581 -0.038807 0.999099 -0.017169 -8.291552 -0.049222 0.015249 0.998671 170.958797
0.998191 0.039551 0.045276 71.575173 -0.038812 0.999100 -0.017089 -8.313570 -0.045911 0.015301 0.998828 171.782526
0.998335 0.039498 0.042028 71.604000 -0.038812 0.999102 -0.017015 -8.335470 -0.042662 0.015355 0.998972 172.605543
0.998467 0.039441 0.038843 71.630120 -0.038807 0.999103 -0.016945 -8.357257 -0.039477 0.015412 0.999102 173.427780
0.998585 0.039380 0.035726 71.653594 -0.038796 0.999105 -0.016881 -8.378934 -0.036359 0.015471 0.999219 174.249171
0.998692 0.039314 0.032679 71.674484 -0.038780 0.999106 -0.016822 -8.400504 -0.033311 0.015532 0.999324 175.069646
0.998788 0.039243 0.029705 71.692855 -0.038757 0.999108 -0.016768 -8.421971 -0.030336 0.015597 0.999418 175.889136
0.998873 0.039166 0.026806 71.708777 -0.038727 0.999110 -0.016720 -8.443339 -0.027437 0.015663 0.999501 176.707569
0.998948 0.039084 0.023985 71.722317 -0.038690 0.999112 -0.016678 -8.464610 -0.024616 0.015733 0.999573 177.524875
0.999014 0.038996 0.021245 71.733548 -0.038646 0.999114 -0.016642 -8.485790 -0.021875 0.015804 0.999636 178.340980
0.999070 0.038901 0.018587 71.742545 -0.038594 0.999117 -0.016612 -8.506881 -0.019217 0.015879 0.999689 179.155813
0.999119 0.038800 0.016012 71.749381 -0.038534 0.999120 -0.016588 -8.527888 -0.016642 0.015956 0.999734 179.969306
0.999160 0.038692 0.013524 71.754132 -0.038466 0.999123 -0.016570 -8.548816 -0.014153 0.016036 0.999771 180.781390
0.999194 0.038577 0.011122 71.756874 -0.038390 0.999126 -0.016557 -8.569668 -0.011751 0.016117 0.999801 181.591999
0.999222 0.038455 0.008807 71.757686 -0.038305 0.999129 -0.016550 -8.590449 -0.009436 0.016200 0.999824 182.401067
0.999244 0.038325 0.006581 71.756644 -0.038212 0.999133 -0.016547 -8.611164 -0.007210 0.016283 0.999841 183.208530
0.999261 0.038189 0.004444 71.753829 -0.038110 0.999137 -0.016548 -8.631817 -0.005072 0.016366 0.999853 184.014324
0.999273 0.038044 0.002397 71.749318 -0.038000 0.999141 -0.016553 -8.652412 -0.003025 0.016450 0.999860 184.818385
0.999282 0.037892 0.000439 71.743191 -0.037880 0.999145 -0.016561 -8.672956 -0.001066 0.016533 0.999863 185.620651
0.999287 0.037732 -0.001430 71.735528 -0.037751 0.999150 -0.016573 -8.693450 0.000803 0.016615 0.999862 186.421058
0.999289 0.037564 -0.003210 71.726408 -0.037612 0.999155 -0.016588 -8.713901 0.002584 0.016696 0.999857 187.219545
0.999289 0.037388 -0.004902 71.715909 -0.037464 0.999160 -0.016604 -8.734312 0.004277 0.016776 0.999850 188.016049
0.999287 0.037203 -0.006507 71.704110 -0.037307 0.999166 -0.016621 -8.754686 0.005883 0.016852 0.999841 188.810508
0.999283 0.037010 -0.008026 71.691089 -0.037140 0.999172 -0.016639 -8.775028 0.007404 0.016926 0.999829 189.602861
0.999278 0.036808 -0.009463 71.676924 -0.036962 0.999178 -0.016657 -8.795340 0.008842 0.016995 0.999816 190.393046
0.999272 0.036597 -0.010819 71.661690 -0.036774 0.999184 -0.016675 -8.815625 0.010200 0.017060 0.999802 191.180998
0.999265 0.036376 -0.012098 71.645462 -0.036575 0.999192 -0.016691 -8.835888 0.011482 0.017121 0.999787 191.966659
0.999258 0.036145 -0.013305 71.628311 -0.036365 0.999199 -0.016706 -8.856128 0.012690 0.017177 0.999772 192.749966
0.999251 0.035903 -0.014442 71.610305 -0.036143 0.999207 -0.016718 -8.876349 0.013831 0.017228 0.999756 193.530863
0.999244 0.035651 -0.015517 71.591508 -0.035910 0.999215 -0.016728 -8.896552 0.014908 0.017272 0.999740 194.309293
0.999237 0.035389 -0.016534 71.571980 -0.035665 0.999224 -0.016734 -8.916736 0.015929 0.017311 0.999723 195.085200
0.999230 0.035116 -0.017501 71.551778 -0.035409 0.999233 -0.016738 -8.936902 0.016899 0.017345 0.999707 195.858530
0.999223 0.034831 -0.018423 71.530954 -0.035141 0.999242 -0.016739 -8.957050 0.017826 0.017373 0.999690 196.629229
0.999217 0.034535 -0.019310 71.509554 -0.034860 0.999252 -0.016738 -8.977180 0.018717 0.017398 0.999673 197.397244
0.999211 0.034228 -0.020168 71.487622 -0.034568 0.999262 -0.016734 -8.997291 0.019581 0.017418 0.999657 198.162522
0.999204 0.033909 -0.021007 71.465193 -0.034263 0.999273 -0.016726 -9.017383 0.020424 0.017433 0.999639 198.925013
