0.538505 -0.020358 0.842376 4.462430 0.057362 0.998275 -0.012545 -0.194242 -0.840667 0.055076 0.538744 4.697300
0.531954 -0.020335 0.846529 4.802064 0.057882 0.998246 -0.012393 -0.206232 -0.844793 0.055592 0.532198 4.983840
0.525163 -0.020308 0.850759 5.157479 0.058418 0.998217 -0.012233 -0.218471 -0.848994 0.056124 0.525413 5.275900
0.518162 -0.020277 0.855042 5.529097 0.058968 0.998187 -0.012064 -0.230954 -0.853247 0.056671 0.518419 5.573287
0.510979 -0.020240 0.859355 5.917339 0.059529 0.998156 -0.011887 -0.243671 -0.857529 0.057231 0.511242 5.875801
0.503637 -0.020200 0.863679 6.322623 0.060101 0.998124 -0.011702 -0.256614 -0.861822 0.057801 0.503906 6.183233
0.496156 -0.020154 0.867999 6.745371 0.060680 0.998091 -0.011511 -0.269773 -0.866110 0.058381 0.496432 6.495370
0.488554 -0.020103 0.872302 7.186000 0.061266 0.998057 -0.011313 -0.283140 -0.870380 0.058970 0.488837 6.811990
0.480848 -0.020047 0.876575 7.644927 0.061859 0.998023 -0.011109 -0.296706 -0.874619 0.059565 0.481138 7.132866
0.473053 -0.019986 0.880807 8.122571 0.062456 0.997988 -0.010899 -0.310459 -0.878817 0.060167 0.473350 7.457765
0.465182 -0.019919 0.884991 8.619344 0.063057 0.997953 -0.010683 -0.324391 -0.882966 0.060774 0.465486 7.786449
0.457247 -0.019848 0.889118 9.135662 0.063661 0.997917 -0.010463 -0.338490 -0.887058 0.061386 0.457558 8.118677
0.449260 -0.019771 0.893182 9.671937 0.064268 0.997880 -0.010237 -0.352746 -0.891087 0.062002 0.449578 8.454201
0.441230 -0.019689 0.897178 10.228578 0.064877 0.997843 -0.010008 -0.367149 -0.895046 0.062622 0.441556 8.792771
0.433168 -0.019602 0.901100 10.805995 0.065487 0.997806 -0.009774 -0.381688 -0.898931 0.063244 0.433501 9.134133
0.425082 -0.019510 0.904945 11.404595 0.066098 0.997768 -0.009537 -0.396352 -0.902738 0.063869 0.425422 9.478031
0.416980 -0.019413 0.908708 12.024781 0.066710 0.997729 -0.009297 -0.411130 -0.906464 0.064496 0.417328 9.824205
0.408869 -0.019310 0.912389 12.666955 0.067321 0.997690 -0.009053 -0.426011 -0.910107 0.065124 0.409225 10.172394
0.400757 -0.019202 0.915983 13.331518 0.067930 0.997651 -0.008806 -0.440985 -0.913663 0.065752 0.401120 10.522332
0.392648 -0.019089 0.919491 14.018866 0.068538 0.997612 -0.008557 -0.456041 -0.917131 0.066380 0.393019 10.873755
0.384549 -0.018970 0.922909 14.729393 0.069143 0.997572 -0.008306 -0.471168 -0.920511 0.067007 0.384927 11.226394
0.376465 -0.018845 0.926239 15.463492 0.069745 0.997532 -0.008052 -0.486357 -0.923802 0.067632 0.376850 11.579980
0.368400 -0.018714 0.929479 16.221552 0.070343 0.997492 -0.007797 -0.501597 -0.927002 0.068255 0.368792 11.934242
0.360357 -0.018578 0.932629 17.003960 0.070937 0.997452 -0.007540 -0.516877 -0.930113 0.068875 0.360757 12.288908
0.352341 -0.018436 0.935690 17.811098 0.071526 0.997412 -0.007282 -0.532189 -0.933134 0.069492 0.352748 12.643704
0.344355 -0.018288 0.938662 18.643347 0.072110 0.997372 -0.007022 -0.547522 -0.936066 0.070105 0.344768 12.998355
0.332949 -0.018071 0.942772 19.428872 0.072919 0.997316 -0.006635 -0.558708 -0.940121 0.070955 0.333373 13.250095
0.321442 -0.017841 0.946761 20.234266 0.073728 0.997259 -0.006240 -0.569634 -0.944055 0.071808 0.321876 13.494858
0.309853 -0.017597 0.950622 21.059575 0.074536 0.997201 -0.005835 -0.580284 -0.947858 0.072664 0.310298 13.732206
0.298201 -0.017342 0.954346 21.904831 0.075343 0.997143 -0.005422 -0.590641 -0.951525 0.073520 0.298656 13.961716
0.286503 -0.017075 0.957927 22.770050 0.076147 0.997084 -0.005002 -0.600692 -0.955049 0.074376 0.286968 14.182981
0.274774 -0.016796 0.961362 23.655238 0.076948 0.997025 -0.004574 -0.610421 -0.958425 0.075231 0.275249 14.395614
0.263029 -0.016506 0.964647 24.560386 0.077744 0.996965 -0.004139 -0.619814 -0.961650 0.076084 0.263514 14.599241
0.251281 -0.016206 0.967778 25.485471 0.078535 0.996905 -0.003698 -0.628860 -0.964723 0.076933 0.251776 14.793506
0.239543 -0.015894 0.970756 26.430460 0.079320 0.996844 -0.003252 -0.637546 -0.967640 0.077779 0.240048 14.978070
0.227825 -0.015572 0.973578 27.395304 0.080099 0.996783 -0.002800 -0.645861 -0.970402 0.078621 0.228340 15.152607
0.216138 -0.015240 0.976244 28.379945 0.080871 0.996722 -0.002344 -0.653794 -0.973008 0.079457 0.216662 15.316811
0.204490 -0.014899 0.978755 29.384312 0.081636 0.996660 -0.001885 -0.661337 -0.975459 0.080287 0.205023 15.470389
0.192889 -0.014548 0.981113 30.408322 0.082393 0.996599 -0.001421 -0.668481 -0.977755 0.081111 0.193432 15.613064
0.181343 -0.014188 0.983317 31.451879 0.083143 0.996537 -0.000955 -0.675219 -0.979899 0.081929 0.181895 15.744572
0.169858 -0.013819 0.985372 32.514879 0.083883 0.996475 -0.000485 -0.681543 -0.981892 0.082739 0.170419 15.864667
0.158439 -0.013442 0.987277 33.597204 0.084616 0.996414 -0.000013 -0.687447 -0.983736 0.083541 0.159008 15.973112
0.147090 -0.013056 0.989037 34.698724 0.085339 0.996352 0.000461 -0.692927 -0.985435 0.084335 0.147668 16.069688
0.135815 -0.012663 0.990653 35.819301 0.086053 0.996290 0.000937 -0.697977 -0.986990 0.085121 0.136400 16.154183
0.124616 -0.012262 0.992129 36.958784 0.086757 0.996229 0.001415 -0.702594 -0.988405 0.085898 0.125210 16.226402
0.113495 -0.011854 0.993468 38.117010 0.087452 0.996167 0.001895 -0.706775 -0.989682 0.086665 0.114097 16.286159
0.102454 -0.011438 0.994672 39.293806 0.088137 0.996106 0.002376 -0.710516 -0.990825 0.087423 0.103063 16.333280
0.091493 -0.011016 0.995745 40.488990 0.088811 0.996044 0.002859 -0.713816 -0.991837 0.088172 0.092110 16.367599
0.080612 -0.010586 0.996689 41.702366 0.089475 0.995983 0.003342 -0.716674 -0.992721 0.088910 0.081235 16.388962
0.069809 -0.010150 0.997509 42.933729 0.090129 0.995923 0.003826 -0.719088 -0.993480 0.089637 0.070439 16.397222
0.059083 -0.009707 0.998206 44.182866 0.090772 0.995862 0.004311 -0.721058 -0.994118 0.090354 0.059720 16.392242
0.048432 -0.009256 0.998784 45.449549 0.091404 0.995802 0.004797 -0.722584 -0.994635 0.091060 0.049075 16.373890
0.038024 -0.008806 0.999238 46.734435 0.092017 0.995743 0.005273 -0.723748 -0.995031 0.091746 0.038672 16.344163
0.027858 -0.008355 0.999577 48.037382 0.092610 0.995686 0.005741 -0.724555 -0.995313 0.092411 0.028512 16.303094
0.017936 -0.007904 0.999808 49.358246 0.093185 0.995630 0.006199 -0.725015 -0.995487 0.093055 0.018594 16.250730
0.008258 -0.007454 0.999938 50.696878 0.093739 0.995575 0.006647 -0.725137 -0.995563 0.093679 0.008920 16.187120
-0.001179 -0.007005 0.999975 52.053128 0.094275 0.995521 0.007085 -0.724929 -0.995546 0.094281 -0.000513 16.112326
-0.010375 -0.006557 0.999925 53.426843 0.094790 0.995469 0.007512 -0.724402 -0.995443 0.094861 -0.009706 16.026411
-0.019332 -0.006112 0.999794 54.817867 0.095286 0.995418 0.007928 -0.723567 -0.995262 0.095420 -0.018661 15.929448
-0.028051 -0.005669 0.999590 56.226039 0.095762 0.995369 0.008332 -0.722433 -0.995009 0.095957 -0.027379 15.821512
-0.036537 -0.005228 0.999319 57.651200 0.096219 0.995322 0.008725 -0.721012 -0.994689 0.096472 -0.035863 15.702683
-0.044791 -0.004790 0.998985 59.093184 0.096655 0.995276 0.009106 -0.719316 -0.994310 0.096964 -0.044117 15.573047
-0.052818 -0.004356 0.998595 60.551824 0.097070 0.995232 0.009475 -0.717357 -0.993875 0.097434 -0.052143 15.432690
-0.060620 -0.003925 0.998153 62.026952 0.097465 0.995190 0.009832 -0.715147 -0.993391 0.097881 -0.059946 15.281701
-0.068202 -0.003497 0.997665 63.518396 0.097840 0.995150 0.010177 -0.712699 -0.992862 0.098306 -0.067529 15.120171
-0.075567 -0.003074 0.997136 65.025982 0.098194 0.995112 0.010509 -0.710026 -0.992294 0.098707 -0.074895 14.948193
-0.082719 -0.002655 0.996569 66.549534 0.098527 0.995075 0.010829 -0.707140 -0.991690 0.099085 -0.082050 14.765860
-0.089663 -0.002240 0.995970 68.088875 0.098840 0.995041 0.011136 -0.704053 -0.991056 0.099440 -0.088997 14.573264
-0.096403 -0.001830 0.995341 69.643825 0.099132 0.995009 0.011431 -0.700778 -0.990393 0.099773 -0.095740 14.370500
-0.102943 -0.001426 0.994686 71.214203 0.099405 0.994978 0.011714 -0.697328 -0.989708 0.100083 -0.102284 14.157662
-0.109286 -0.001027 0.994010 72.799826 0.099658 0.994950 0.011985 -0.693715 -0.989002 0.100371 -0.108631 13.934841
-0.115436 -0.000634 0.993315 74.400509 0.099893 0.994923 0.012244 -0.689950 -0.988279 0.100638 -0.114787 13.702131
-0.121398 -0.000247 0.992604 76.016064 0.100108 0.994898 0.012491 -0.686045 -0.987543 0.100884 -0.120754 13.459623
-0.127174 0.000134 0.991880 77.646302 0.100306 0.994875 0.012726 -0.682012 -0.986796 0.101110 -0.126536 13.207411
-0.132768 0.000508 0.991147 79.291033 0.100485 0.994854 0.012950 -0.677862 -0.986040 0.101315 -0.132136 12.945583
-0.138183 0.000876 0.990406 80.950064 0.100647 0.994835 0.013163 -0.673606 -0.985279 0.101501 -0.137557 12.674232
-0.143422 0.001237 0.989661 82.623203 0.100792 0.994818 0.013363 -0.669257 -0.984516 0.101666 -0.142803 12.393446
-0.148488 0.001591 0.988913 84.310256 0.100920 0.994802 0.013552 -0.664823 -0.983751 0.101813 -0.147877 12.103314
-0.153391 0.001939 0.988164 86.011029 0.101031 0.994789 0.013730 -0.660318 -0.982987 0.101941 -0.152787 11.803925
-0.158141 0.002282 0.987414 87.725328 0.101127 0.994776 0.013898 -0.655750 -0.982224 0.102052 -0.157546 11.495358
-0.162748 0.002618 0.986664 89.452958 0.101207 0.994766 0.014054 -0.651130 -0.981463 0.102145 -0.162161 11.177684
-0.167222 0.002949 0.985915 91.193723 0.101273 0.994757 0.014201 -0.646468 -0.980704 0.102221 -0.166644 10.850967
-0.171572 0.003276 0.985166 92.947430 0.101324 0.994750 0.014339 -0.641773 -0.979947 0.102281 -0.171003 10.515260
-0.175807 0.003597 0.984418 94.713881 0.101361 0.994745 0.014467 -0.637054 -0.979192 0.102325 -0.175248 10.170609
-0.179936 0.003915 0.983671 96.492880 0.101384 0.994740 0.014587 -0.632320 -0.978440 0.102353 -0.179386 9.817054
-0.183967 0.004228 0.982923 98.284231 0.101394 0.994738 0.014698 -0.627579 -0.977689 0.102366 -0.183428 9.454624
-0.187910 0.004538 0.982176 100.087735 0.101391 0.994737 0.014802 -0.622839 -0.976939 0.102365 -0.187381 9.083340
-0.191771 0.004844 0.981428 101.903194 0.101376 0.994737 0.014899 -0.618106 -0.976190 0.102350 -0.191252 8.703220
-0.195559 0.005147 0.980679 103.730408 0.101349 0.994738 0.014989 -0.613388 -0.975441 0.102322 -0.195051 8.314269
-0.199280 0.005448 0.979927 105.569177 0.101310 0.994741 0.015073 -0.608690 -0.974692 0.102280 -0.198784 7.916489
-0.202943 0.005746 0.979174 107.419302 0.101261 0.994745 0.015150 -0.604019 -0.973941 0.102226 -0.202458 7.509875
-0.206553 0.006041 0.978417 109.280581 0.101201 0.994750 0.015222 -0.599379 -0.973188 0.102161 -0.206080 7.094416
-0.210117 0.006335 0.977656 111.152812 0.101131 0.994756 0.015289 -0.594776 -0.972432 0.102084 -0.209656 6.670095
-0.213641 0.006628 0.976890 113.035794 0.101052 0.994763 0.015350 -0.590215 -0.971672 0.101996 -0.213191 6.236889
-0.217129 0.006920 0.976118 114.929324 0.100963 0.994771 0.015406 -0.585699 -0.970907 0.101897 -0.216693 5.794773
-0.220589 0.007211 0.975340 116.833202 0.100867 0.994780 0.015458 -0.581232 -0.970137 0.101789 -0.220165 5.343716
-0.224024 0.007501 0.974555 118.747224 0.100763 0.994790 0.015506 -0.576820 -0.969361 0.101672 -0.223612 4.883683
-0.227438 0.007791 0.973761 120.671189 0.100651 0.994800 0.015550 -0.572464 -0.968577 0.101547 -0.227040 4.414636
-0.230837 0.008080 0.972959 122.604894 0.100533 0.994812 0.015590 -0.568167 -0.967785 0.101413 -0.230452 3.936533
-0.234224 0.008370 0.972147 124.548137 0.100409 0.994824 0.015627 -0.563933 -0.966984 0.101273 -0.233852 3.449330
-0.237602 0.008659 0.971324 126.500716 0.100280 0.994836 0.015661 -0.559764 -0.966173 0.101125 -0.237243 2.952983
-0.240974 0.008949 0.970490 128.462428 0.100146 0.994849 0.015693 -0.555661 -0.965351 0.100972 -0.240629 2.447442
-0.244344 0.009239 0.969645 130.433073 0.100007 0.994863 0.015722 -0.551627 -0.964518 0.100813 -0.244012 1.932660
-0.247713 0.009529 0.968787 132.412450 0.099864 0.994876 0.015749 -0.547663 -0.963673 0.100648 -0.247395 1.408587
-0.251084 0.009821 0.967916 134.400357 0.099718 0.994891 0.015773 -0.543771 -0.962815 0.100479 -0.250780 0.875173
-0.254458 0.010112 0.967031 136.396596 0.099569 0.994905 0.015796 -0.539953 -0.961944 0.100305 -0.254169 0.332366
-0.257838 0.010405 0.966132 138.400967 0.099417 0.994920 0.015817 -0.536208 -0.961060 0.100128 -0.257562 -0.219883
-0.261224 0.010699 0.965219 140.413272 0.099264 0.994935 0.015836 -0.532539 -0.960161 0.099948 -0.260963 -0.781626
-0.264617 0.010994 0.964291 142.433315 0.099109 0.994950 0.015854 -0.528945 -0.959247 0.099765 -0.264370 -1.352911
-0.268018 0.011289 0.963348 144.460900 0.098954 0.994965 0.015871 -0.525428 -0.958318 0.099581 -0.267786 -1.933787
-0.271428 0.011586 0.962389 146.495833 0.098798 0.994981 0.015886 -0.521987 -0.957374 0.099394 -0.271210 -2.524303
-0.274846 0.011884 0.961415 148.537923 0.098643 0.994996 0.015901 -0.518621 -0.956415 0.099207 -0.274643 -3.124503
-0.278273 0.012182 0.960425 150.586977 0.098489 0.995011 0.015915 -0.515331 -0.955439 0.099020 -0.278085 -3.734431
-0.281708 0.012482 0.959419 152.642809 0.098336 0.995026 0.015928 -0.512114 -0.954448 0.098832 -0.281535 -4.354129
-0.285151 0.012784 0.958397 154.705232 0.098184 0.995041 0.015940 -0.508970 -0.953440 0.098645 -0.284992 -4.983636
-0.288601 0.013086 0.957360 156.774061 0.098035 0.995055 0.015952 -0.505897 -0.952417 0.098458 -0.288457 -5.622990
-0.292058 0.013389 0.956307 158.849116 0.097888 0.995069 0.015963 -0.502894 -0.951378 0.098273 -0.291928 -6.272226
-0.295520 0.013693 0.955238 160.930217 0.097743 0.995083 0.015974 -0.499959 -0.950323 0.098089 -0.295406 -6.931375
-0.298988 0.013999 0.954154 163.017187 0.097601 0.995097 0.015984 -0.497090 -0.949253 0.097906 -0.298888 -7.600469
-0.302460 0.014305 0.953055 165.109852 0.097462 0.995111 0.015994 -0.494285 -0.948166 0.097724 -0.302375 -8.279535
-0.305935 0.014612 0.951940 167.208040 0.097326 0.995124 0.016003 -0.491542 -0.947065 0.097544 -0.305865 -8.968598
-0.309412 0.014921 0.950811 169.311585 0.097192 0.995137 0.016012 -0.488860 -0.945948 0.097366 -0.309358 -9.667682
-0.312892 0.015230 0.949667 171.420319 0.097062 0.995149 0.016020 -0.486236 -0.944816 0.097189 -0.312853 -10.376808
-0.316372 0.015540 0.948508 173.534082 0.096934 0.995162 0.016027 -0.483668 -0.943670 0.097013 -0.316348 -11.095995
-0.319853 0.015851 0.947335 175.652713 0.096809 0.995174 0.016034 -0.481152 -0.942508 0.096839 -0.319844 -11.825263
-0.323333 0.016163 0.946147 177.776056 0.096687 0.995186 0.016041 -0.478687 -0.941333 0.096667 -0.323339 -12.564625
-0.326812 0.016474 0.944946 179.903959 0.096568 0.995197 0.016048 -0.476267 -0.940143 0.096496 -0.326833 -13.314098
-0.330288 0.016786 0.943731 182.036271 0.096452 0.995208 0.016055 -0.473889 -0.938939 0.096327 -0.330325 -14.073695
-0.333763 0.017098 0.942502 184.172845 0.096338 0.995219 0.016061 -0.471548 -0.937721 0.096160 -0.333814 -14.843427
-0.337233 0.017410 0.941260 186.313538 0.096227 0.995230 0.016068 -0.469240 -0.936490 0.095994 -0.337300 -15.623307
-0.340701 0.017721 0.940005 188.458207 0.096119 0.995240 0.016076 -0.466959 -0.935246 0.095830 -0.340782 -16.413345
-0.344164 0.018032 0.938737 190.606717 0.096014 0.995250 0.016083 -0.464700 -0.933988 0.095667 -0.344260 -17.213550
-0.347622 0.018342 0.937455 192.758931 0.095911 0.995260 0.016092 -0.462457 -0.932716 0.095506 -0.347733 -18.023932
-0.351075 0.018652 0.936162 194.914718 0.095811 0.995269 0.016101 -0.460223 -0.931433 0.095348 -0.351201 -18.844500
-0.354522 0.018961 0.934855 197.073949 0.095714 0.995278 0.016111 -0.457992 -0.930136 0.095191 -0.354663 -19.675262
-0.357963 0.019269 0.933537 199.236502 0.095620 0.995287 0.016122 -0.455757 -0.928827 0.095036 -0.358119 -20.516226
-0.361398 0.019575 0.932206 201.402253 0.095529 0.995296 0.016135 -0.453509 -0.927505 0.094883 -0.361568 -21.367399
-0.364825 0.019880 0.930864 203.571086 0.095440 0.995304 0.016148 -0.451242 -0.926172 0.094733 -0.365009 -22.228788
-0.368244 0.020184 0.929510 205.742886 0.095354 0.995312 0.016164 -0.448946 -0.924826 0.094584 -0.368443 -23.100402
-0.371656 0.020486 0.928145 207.917543 0.095270 0.995320 0.016181 -0.446612 -0.923469 0.094438 -0.371868 -23.982246
-0.375059 0.020785 0.926768 210.094950 0.095189 0.995327 0.016200 -0.444233 -0.922101 0.094294 -0.375285 -24.874327
-0.378454 0.021083 0.925380 212.275002 0.095109 0.995335 0.016221 -0.441797 -0.920721 0.094151 -0.378694 -25.776654
-0.381841 0.021377 0.923981 214.457599 0.095032 0.995342 0.016244 -0.439295 -0.919329 0.094011 -0.382094 -26.689233
-0.385219 0.021669 0.922571 216.642644 0.094957 0.995348 0.016271 -0.436717 -0.917927 0.093872 -0.385485 -27.612073
-0.388589 0.021958 0.921150 218.830042 0.094883 0.995355 0.016300 -0.434052 -0.916513 0.093735 -0.388867 -28.545181
-0.391950 0.022244 0.919718 221.019701 0.094810 0.995361 0.016331 -0.431290 -0.915088 0.093600 -0.392240 -29.488566
-0.395302 0.022525 0.918275 223.211533 0.094738 0.995368 0.016366 -0.428418 -0.913653 0.093465 -0.395605 -30.442237
-0.398646 0.022803 0.916822 225.405453 0.094665 0.995374 0.016405 -0.425426 -0.912206 0.093331 -0.398960 -31.406203
-0.401981 0.023077 0.915357 227.601377 0.094593 0.995380 0.016446 -0.422302 -0.910749 0.093198 -0.402307 -32.380475
-0.405308 0.023345 0.913882 229.799224 0.094520 0.995386 0.016492 -0.419034 -0.909281 0.093065 -0.405644 -33.365062
-0.408626 0.023609 0.912396 231.998917 0.094446 0.995393 0.016542 -0.415610 -0.907802 0.092932 -0.408973 -34.359975
-0.411937 0.023866 0.910900 234.200378 0.094370 0.995399 0.016597 -0.412016 -0.906312 0.092799 -0.412294 -35.365225
-0.415240 0.024118 0.909392 236.403534 0.094293 0.995405 0.016657 -0.408237 -0.904812 0.092666 -0.415606 -36.380823
-0.418535 0.024362 0.907874 238.608311 0.094214 0.995412 0.016722 -0.404260 -0.903301 0.092533 -0.418910 -37.406781
-0.421823 0.024600 0.906344 240.814638 0.094133 0.995418 0.016793 -0.400070 -0.901778 0.092400 -0.422206 -38.443111
-0.425104 0.024830 0.904804 243.022445 0.094048 0.995425 0.016869 -0.395650 -0.900245 0.092267 -0.425494 -39.489825
-0.428377 0.025053 0.903253 245.231663 0.093961 0.995432 0.016952 -0.390985 -0.898701 0.092132 -0.428774 -40.546935
-0.431644 0.025267 0.901690 247.442223 0.093870 0.995439 0.017042 -0.386058 -0.897146 0.091998 -0.432047 -41.614455
-0.434905 0.025473 0.900116 249.654059 0.093775 0.995446 0.017138 -0.380853 -0.895580 0.091862 -0.435313 -42.692397
-0.438160 0.025670 0.898530 251.867102 0.093675 0.995454 0.017241 -0.375353 -0.894003 0.091724 -0.438573 -43.780775
-0.441410 0.025857 0.896933 254.081287 0.093570 0.995461 0.017351 -0.369541 -0.892414 0.091586 -0.441826 -44.879601
-0.444654 0.026036 0.895324 256.296546 0.093461 0.995470 0.017469 -0.363400 -0.890813 0.091445 -0.445073 -45.988890
-0.447894 0.026204 0.893703 258.512813 0.093345 0.995478 0.017593 -0.356912 -0.889200 0.091303 -0.448315 -47.108657
-0.451130 0.026362 0.892069 260.730021 0.093224 0.995487 0.017726 -0.350059 -0.887576 0.091159 -0.451552 -48.238915
-0.454362 0.026509 0.890423 262.948102 0.093096 0.995497 0.017867 -0.342823 -0.885939 0.091013 -0.454784 -49.379679
-0.457590 0.026646 0.888764 265.166988 0.092962 0.995507 0.018016 -0.335184 -0.884290 0.090865 -0.458011 -50.530962
-0.460815 0.026772 0.887092 267.386611 0.092821 0.995517 0.018173 -0.327125 -0.882629 0.090715 -0.461234 -51.692779
-0.464037 0.026887 0.885408 269.606901 0.092673 0.995528 0.018338 -0.318626 -0.880955 0.090563 -0.464453 -52.865141
-0.467255 0.026990 0.883711 271.827786 0.092517 0.995539 0.018512 -0.309669 -0.879269 0.090409 -0.467667 -54.048061
-0.470470 0.027081 0.882000 274.049197 0.092354 0.995551 0.018695 -0.300234 -0.877570 0.090252 -0.470878 -55.241547
-0.473682 0.027160 0.880277 276.271060 0.092183 0.995563 0.018887 -0.290304 -0.875858 0.090093 -0.474084 -56.445608
-0.476890 0.027227 0.878541 278.493301 0.092004 0.995576 0.019087 -0.279857 -0.874135 0.089931 -0.477285 -57.660251
-0.480094 0.027281 0.876793 280.715847 0.091816 0.995589 0.019296 -0.268876 -0.872399 0.089767 -0.480482 -58.885480
-0.483295 0.027323 0.875031 282.938622 0.091619 0.995603 0.019515 -0.257340 -0.870650 0.089601 -0.483673 -60.121298
-0.486491 0.027351 0.873258 285.161550 0.091413 0.995617 0.019743 -0.245231 -0.868890 0.089432 -0.486859 -61.367705
-0.489682 0.027366 0.871472 287.384554 0.091198 0.995632 0.019979 -0.232528 -0.867119 0.089260 -0.490039 -62.624698
-0.492867 0.027368 0.869674 289.607558 0.090973 0.995648 0.020225 -0.219213 -0.865336 0.089085 -0.493212 -63.892270
-0.496046 0.027356 0.867865 291.830483 0.090739 0.995664 0.020479 -0.205269 -0.863542 0.088907 -0.496378 -65.170413
-0.499218 0.027331 0.866045 294.053251 0.090494 0.995681 0.020742 -0.190676 -0.861738 0.088726 -0.499536 -66.459114
-0.502383 0.027291 0.864214 296.275782 0.090238 0.995698 0.021014 -0.175416 -0.859924 0.088542 -0.502685 -67.758355
-0.505539 0.027238 0.862374 298.497998 0.089972 0.995717 0.021294 -0.159473 -0.858100 0.088355 -0.505824 -69.068116
-0.508685 0.027170 0.860524 300.719818 0.089695 0.995735 0.021583 -0.142828 -0.856268 0.088164 -0.508952 -70.388373
-0.511820 0.027088 0.858665 302.941162 0.089407 0.995755 0.021880 -0.125465 -0.854428 0.087969 -0.512069 -71.719096
-0.514944 0.026991 0.856799 305.161950 0.089107 0.995775 0.022185 -0.107368 -0.852580 0.087771 -0.515174 -73.060252
-0.518056 0.026879 0.854924 307.382098 0.088795 0.995796 0.022499 -0.088521 -0.850725 0.087568 -0.518265 -74.411802
-0.521155 0.026752 0.853043 309.601526 0.088470 0.995817 0.022820 -0.068907 -0.848864 0.087362 -0.521342 -75.773704
-0.524239 0.026610 0.851156 311.820151 0.088133 0.995840 0.023149 -0.048511 -0.846998 0.087151 -0.524403 -77.145908
-0.527308 0.026453 0.849263 314.037888 0.087783 0.995863 0.023486 -0.027320 -0.845128 0.086935 -0.527448 -78.528364
-0.530360 0.026280 0.847365 316.254654 0.087421 0.995886 0.023829 -0.005317 -0.843253 0.086715 -0.530476 -79.921012
-0.533395 0.026093 0.845464 318.470365 0.087045 0.995911 0.024180 0.017509 -0.841376 0.086491 -0.533485 -81.323790
-0.536411 0.025889 0.843559 320.684935 0.086655 0.995936 0.024537 0.041173 -0.839496 0.086261 -0.536475 -82.736632
-0.539408 0.025671 0.841653 322.898278 0.086252 0.995962 0.024901 0.065686 -0.837615 0.086026 -0.539444 -84.159462
-0.542384 0.025437 0.839745 325.110311 0.085836 0.995989 0.025270 0.091060 -0.835734 0.085787 -0.542392 -85.592204
-0.545338 0.025189 0.837837 327.320947 0.085406 0.996016 0.025646 0.117308 -0.833854 0.085542 -0.545317 -87.034775
-0.548269 0.024925 0.835930 329.530101 0.084964 0.996044 0.026027 0.144440 -0.831975 0.085293 -0.548218 -88.487085
-0.551176 0.024647 0.834025 331.737689 0.084509 0.996073 0.026414 0.172467 -0.830098 0.085041 -0.551094 -89.949043
-0.554057 0.024353 0.832122 333.943627 0.084042 0.996102 0.026806 0.201402 -0.828226 0.084785 -0.553944 -91.420549
-0.556911 0.024044 0.830224 336.147832 0.083562 0.996131 0.027204 0.231255 -0.826358 0.084526 -0.556766 -92.901499
-0.559738 0.023721 0.828330 338.350220 0.083071 0.996161 0.027607 0.262039 -0.824496 0.084263 -0.559559 -94.391784
-0.562534 0.023385 0.826443 340.550711 0.082569 0.996192 0.028014 0.293762 -0.822641 0.083997 -0.562323 -95.891291
-0.565301 0.023035 0.824563 342.749224 0.082055 0.996222 0.028425 0.326432 -0.820794 0.083728 -0.565055 -97.399902
-0.568035 0.022672 0.822692 344.945682 0.081532 0.996253 0.028839 0.360058 -0.818956 0.083457 -0.567756 -98.917493
-0.570737 0.022298 0.820830 347.140008 0.080998 0.996285 0.029255 0.394645 -0.817129 0.083182 -0.570422 -100.443937
-0.573404 0.021911 0.818980 349.332128 0.080453 0.996317 0.029673 0.430199 -0.815313 0.082904 -0.573055 -101.979102
-0.576035 0.021513 0.817142 351.521972 0.079899 0.996349 0.030093 0.466725 -0.813511 0.082624 -0.575651 -103.522850
-0.578630 0.021104 0.815317 353.709472 0.079335 0.996381 0.030514 0.504226 -0.811722 0.082340 -0.578210 -105.075041
-0.581186 0.020683 0.813508 355.894561 0.078762 0.996413 0.030936 0.542705 -0.809950 0.082053 -0.580731 -106.635528
-0.583703 0.020252 0.811714 358.077180 0.078180 0.996446 0.031358 0.582165 -0.808195 0.081764 -0.583212 -108.204161
-0.586179 0.019810 0.809939 360.257269 0.077589 0.996479 0.031781 0.622607 -0.806458 0.081471 -0.585652 -109.780787
-0.588613 0.019358 0.808183 362.434776 0.076989 0.996512 0.032203 0.664034 -0.804741 0.081176 -0.588050 -111.365246
-0.591003 0.018896 0.806448 364.609651 0.076380 0.996545 0.032625 0.706444 -0.803045 0.080878 -0.590404 -112.957375
-0.593348 0.018425 0.804735 366.781847 0.075764 0.996578 0.033045 0.749838 -0.801373 0.080577 -0.592713 -114.557006
-0.595647 0.017944 0.803046 368.951324 0.075139 0.996611 0.033464 0.794214 -0.799724 0.080273 -0.594977 -116.163969
-0.597898 0.017454 0.801382 371.118046 0.074505 0.996645 0.033881 0.839570 -0.798102 0.079964 -0.597193 -117.778089
-0.600101 0.016955 0.799744 373.281980 0.073864 0.996678 0.034295 0.885901 -0.796507 0.079653 -0.599360 -119.399186
-0.602254 0.016447 0.798135 375.443101 0.073214 0.996712 0.034706 0.933204 -0.794940 0.079337 -0.601478 -121.027081
-0.604357 0.015931 0.796554 377.601387 0.072557 0.996746 0.035115 0.981474 -0.793403 0.079017 -0.603546 -122.661587
-0.606407 0.015407 0.795005 379.756821 0.071891 0.996780 0.035520 1.030706 -0.791897 0.078693 -0.605562 -124.302519
-0.608405 0.014874 0.793487 381.909393 0.071219 0.996814 0.035921 1.080894 -0.790424 0.078366 -0.607526 -125.949687
-0.610350 0.014334 0.792002 384.059096 0.070539 0.996848 0.036319 1.132032 -0.788985 0.078034 -0.609437 -127.602900
-0.612240 0.013786 0.790552 386.205931 0.069852 0.996882 0.036712 1.184114 -0.787581 0.077699 -0.611294 -129.261965
-0.614074 0.013232 0.789137 388.349902 0.069160 0.996915 0.037102 1.237132 -0.786212 0.077360 -0.613095 -130.926687
-0.615853 0.012670 0.787759 390.491019 0.068461 0.996949 0.037486 1.291079 -0.784881 0.077016 -0.614842 -132.596870
-0.617576 0.012103 0.786418 392.629298 0.067755 0.996983 0.037865 1.345946 -0.783587 0.076669 -0.616533 -134.272316
-0.619241 0.011529 0.785116 394.764759 0.067044 0.997017 0.038239 1.401723 -0.782333 0.076317 -0.618167 -135.952828
-0.620850 0.010949 0.783853 396.897427 0.066327 0.997051 0.038607 1.458400 -0.781119 0.075960 -0.619745 -137.638208
-0.622401 0.010364 0.782630 399.027332 0.065605 0.997084 0.038970 1.515966 -0.779945 0.075599 -0.621266 -139.328258
-0.623894 0.009774 0.781448 401.154506 0.064878 0.997118 0.039326 1.574409 -0.778811 0.075234 -0.622730 -141.022781
-0.625330 0.009179 0.780307 403.278988 0.064147 0.997151 0.039676 1.633719 -0.777720 0.074865 -0.624137 -142.721580
-0.626708 0.008580 0.779207 405.400818 0.063411 0.997185 0.040021 1.693884 -0.776670 0.074492 -0.625487 -144.424458
-0.628029 0.007977 0.778149 407.520042 0.062672 0.997218 0.040359 1.754891 -0.775662 0.074115 -0.626781 -146.131223
-0.629292 0.007370 0.777134 409.636709 0.061930 0.997251 0.040691 1.816727 -0.774697 0.073734 -0.628019 -147.841681
-0.630500 0.006760 0.776160 411.750869 0.061185 0.997283 0.041017 1.879380 -0.773774 0.073350 -0.629200 -149.555642
-0.631650 0.006147 0.775229 413.862578 0.060438 0.997316 0.041337 1.942837 -0.772894 0.072963 -0.630326 -151.272919
-0.632746 0.005531 0.774340 415.971893 0.059689 0.997348 0.041650 2.007085 -0.772056 0.072574 -0.631398 -152.993326
-0.633785 0.004915 0.773493 418.078874 0.058941 0.997379 0.041957 2.072110 -0.771260 0.072182 -0.632414 -154.716681
-0.634770 0.004297 0.772689 420.183585 0.058192 0.997411 0.042259 2.137900 -0.770507 0.071789 -0.633377 -156.442805
-0.635701 0.003679 0.771927 422.286093 0.057445 0.997441 0.042554 2.204441 -0.769795 0.071394 -0.634286 -158.171520
-0.636578 0.003060 0.771206 424.386464 0.056698 0.997472 0.042843 2.271720 -0.769125 0.070999 -0.635142 -159.902655
-0.637403 0.002442 0.770527 426.484771 0.055954 0.997501 0.043126 2.339723 -0.768497 0.070603 -0.635947 -161.636040
-0.638175 0.001824 0.769889 428.581086 0.055213 0.997531 0.043404 2.408439 -0.767909 0.070208 -0.636700 -163.371509
-0.638896 0.001207 0.769292 430.675484 0.054476 0.997559 0.043676 2.477854 -0.767362 0.069812 -0.637403 -165.108899
-0.639567 0.000592 0.768735 432.768040 0.053742 0.997587 0.043943 2.547955 -0.766854 0.069418 -0.638056 -166.848053
-0.640189 -0.000022 0.768217 434.858832 0.053012 0.997615 0.044205 2.618731 -0.766386 0.069024 -0.638661 -168.588816
-0.640762 -0.000634 0.767739 436.947940 0.052286 0.997642 0.044462 2.690170 -0.765957 0.068631 -0.639218 -170.331038
-0.641288 -0.001243 0.767299 439.035442 0.051564 0.997668 0.044712 2.762257 -0.765565 0.068238 -0.639729 -172.074572
-0.641768 -0.001850 0.766896 441.121419 0.050847 0.997694 0.044957 2.834978 -0.765211 0.067846 -0.640194 -173.819277
-0.642203 -0.002453 0.766531 443.205950 0.050135 0.997719 0.045196 2.908320 -0.764893 0.067455 -0.640615 -175.565016
-0.642594 -0.003053 0.766201 445.289118 0.049427 0.997744 0.045430 2.982268 -0.764611 0.067064 -0.640993 -177.311656
-0.642942 -0.003651 0.765906 447.371003 0.048726 0.997768 0.045658 3.056809 -0.764364 0.066675 -0.641329 -179.059069
-0.643248 -0.004245 0.765646 449.451686 0.048029 0.997792 0.045883 3.131931 -0.764150 0.066287 -0.641624 -180.807131
-0.643514 -0.004836 0.765419 451.531249 0.047338 0.997814 0.046102 3.207623 -0.763969 0.065901 -0.641879 -182.555722
-0.643741 -0.005423 0.765224 453.609771 0.046653 0.997837 0.046318 3.283872 -0.763820 0.065517 -0.642096 -184.304726
-0.643930 -0.006007 0.765061 455.687331 0.045974 0.997858 0.046530 3.360670 -0.763702 0.065135 -0.642275 -186.054034
-0.644083 -0.006588 0.764927 457.764007 0.045301 0.997879 0.046738 3.438004 -0.763613 0.064755 -0.642419 -187.803540
-0.644200 -0.007164 0.764823 459.839877 0.044635 0.997900 0.046943 3.515867 -0.763553 0.064379 -0.642528 -189.553142
-0.644284 -0.007736 0.764747 461.915015 0.043976 0.997920 0.047144 3.594247 -0.763521 0.064005 -0.642604 -191.302745
-0.644336 -0.008303 0.764698 463.989495 0.043325 0.997939 0.047342 3.673137 -0.763514 0.063635 -0.642648 -193.052256
-0.644357 -0.008866 0.764674 466.063389 0.042682 0.997957 0.047536 3.752528 -0.763533 0.063268 -0.642662 -194.801590
-0.644348 -0.009423 0.764674 468.136766 0.042046 0.997975 0.047728 3.832412 -0.763576 0.062905 -0.642647 -196.550663
-0.644312 -0.009975 0.764698 470.209696 0.041420 0.997992 0.047917 3.912780 -0.763641 0.062547 -0.642605 -198.299400
-0.644249 -0.010521 0.764744 472.282242 0.040802 0.998009 0.048103 3.993625 -0.763727 0.062194 -0.642537 -200.047729
-0.644161 -0.011060 0.764810 474.354468 0.040195 0.998024 0.048287 4.074941 -0.763833 0.061846 -0.642444 -201.795582
-0.644050 -0.011594 0.764896 476.426435 0.039597 0.998040 0.048469 4.156721 -0.763958 0.061504 -0.642328 -203.542897
-0.643917 -0.012121 0.765000 478.498200 0.039010 0.998054 0.048649 4.238961 -0.764101 0.061168 -0.642191 -205.289617
-0.643763 -0.012640 0.765120 480.569820 0.038434 0.998067 0.048827 4.321655 -0.764259 0.060840 -0.642033 -207.035687
-0.643590 -0.013153 0.765257 482.641347 0.037870 0.998080 0.049003 4.404798 -0.764433 0.060518 -0.641857 -208.781060
-0.643400 -0.013657 0.765408 484.712830 0.037318 0.998093 0.049178 4.488387 -0.764620 0.060204 -0.641664 -210.525690
-0.643194 -0.014154 0.765572 486.784316 0.036777 0.998104 0.049351 4.572415 -0.764819 0.059898 -0.641454 -212.269539
-0.642974 -0.014643 0.765748 488.855849 0.036249 0.998115 0.049523 4.656879 -0.765030 0.059600 -0.641231 -214.012569
-0.642740 -0.015123 0.765935 490.927469 0.035733 0.998125 0.049693 4.741774 -0.765251 0.059309 -0.640995 -215.754750
-0.642495 -0.015595 0.766132 492.999215 0.035230 0.998135 0.049862 4.827096 -0.765480 0.059027 -0.640747 -217.496053
-0.642239 -0.016059 0.766336 495.071119 0.034739 0.998143 0.050030 4.912842 -0.765717 0.058753 -0.640489 -219.236456
-0.641974 -0.016514 0.766549 497.143213 0.034262 0.998151 0.050197 4.999009 -0.765960 0.058489 -0.640222 -220.975939
-0.641701 -0.016959 0.766767 499.215525 0.033800 0.998159 0.050364 5.085594 -0.766209 0.058235 -0.639947 -222.714486
-0.641422 -0.017396 0.766991 501.288077 0.033351 0.998166 0.050530 5.172596 -0.766463 0.057991 -0.639665 -224.452083
-0.641138 -0.017824 0.767219 503.360894 0.032916 0.998172 0.050696 5.260013 -0.766720 0.057757 -0.639379 -226.188720
-0.640848 -0.018242 0.767451 505.433995 0.032496 0.998177 0.050861 5.347844 -0.766979 0.057533 -0.639087 -227.924391
-0.640556 -0.018650 0.767685 507.507396 0.032091 0.998182 0.051026 5.436087 -0.767241 0.057321 -0.638792 -229.659089
-0.640260 -0.019049 0.767922 509.581114 0.031700 0.998186 0.051191 5.524742 -0.767504 0.057119 -0.638494 -231.392813
-0.639962 -0.019439 0.768161 511.655160 0.031324 0.998189 0.051356 5.613810 -0.767768 0.056928 -0.638194 -233.125563
-0.639663 -0.019818 0.768400 513.729546 0.030963 0.998192 0.051521 5.703290 -0.768032 0.056748 -0.637893 -234.857338
-0.639363 -0.020188 0.768640 515.804280 0.030617 0.998194 0.051685 5.793182 -0.768295 0.056579 -0.637590 -236.588141
-0.639062 -0.020549 0.768880 517.879372 0.030285 0.998196 0.051849 5.883485 -0.768559 0.056420 -0.637287 -238.317975
-0.638762 -0.020900 0.769121 519.954827 0.029967 0.998197 0.052013 5.974201 -0.768821 0.056272 -0.636984 -240.046846
-0.638462 -0.021242 0.769360 522.030649 0.029663 0.998197 0.052176 6.065328 -0.769081 0.056134 -0.636681 -241.774758
-0.638164 -0.021576 0.769598 524.106843 0.029371 0.998197 0.052339 6.156867 -0.769340 0.056005 -0.636380 -243.501717
-0.637867 -0.021900 0.769835 526.183408 0.029092 0.998197 0.052502 6.248817 -0.769597 0.055886 -0.636079 -245.227731
-0.637571 -0.022216 0.770071 528.260347 0.028826 0.998196 0.052664 6.341179 -0.769852 0.055775 -0.635781 -246.952808
-0.637278 -0.022524 0.770305 530.337658 0.028571 0.998195 0.052825 6.433951 -0.770104 0.055673 -0.635484 -248.676955
-0.636987 -0.022824 0.770537 532.415339 0.028328 0.998193 0.052986 6.527133 -0.770354 0.055579 -0.635190 -250.400180
-0.636699 -0.023116 0.770766 534.493387 0.028096 0.998191 0.053145 6.620724 -0.770601 0.055492 -0.634898 -252.122494
-0.636413 -0.023399 0.770993 536.571798 0.027874 0.998189 0.053303 6.714722 -0.770845 0.055413 -0.634608 -253.843904
-0.636130 -0.023675 0.771218 538.650567 0.027663 0.998187 0.053459 6.809124 -0.771085 0.055341 -0.634322 -255.564420
-0.635851 -0.023942 0.771440 540.729690 0.027462 0.998184 0.053615 6.903930 -0.771323 0.055276 -0.634039 -257.284053
-0.635575 -0.024202 0.771660 542.809159 0.027271 0.998181 0.053769 6.999136 -0.771558 0.055218 -0.633758 -259.002812
-0.635301 -0.024455 0.771877 544.888969 0.027089 0.998178 0.053921 7.094742 -0.771789 0.055166 -0.633481 -260.720706
-0.635032 -0.024701 0.772091 546.969112 0.026917 0.998174 0.054073 7.190746 -0.772017 0.055121 -0.633207 -262.437745
-0.634765 -0.024939 0.772302 549.049581 0.026754 0.998170 0.054222 7.287145 -0.772242 0.055081 -0.632937 -264.153938
-0.634502 -0.025170 0.772511 551.130369 0.026600 0.998166 0.054370 7.383938 -0.772463 0.055047 -0.632670 -265.869296
-0.634243 -0.025394 0.772717 553.211467 0.026454 0.998162 0.054516 7.481120 -0.772681 0.055018 -0.632406 -267.583828
-0.633987 -0.025611 0.772920 555.292867 0.026317 0.998158 0.054660 7.578690 -0.772896 0.054995 -0.632145 -269.297544
-0.633734 -0.025820 0.773120 557.374561 0.026188 0.998154 0.054802 7.676644 -0.773107 0.054976 -0.631888 -271.010453
-0.633485 -0.026022 0.773317 559.456541 0.026066 0.998149 0.054941 7.774977 -0.773316 0.054962 -0.631635 -272.722566
-0.633239 -0.026218 0.773512 561.538799 0.025952 0.998145 0.055078 7.873684 -0.773521 0.054952 -0.631384 -274.433891
-0.632997 -0.026406 0.773704 563.621325 0.025846 0.998140 0.055212 7.972762 -0.773723 0.054946 -0.631137 -276.144438
-0.632758 -0.026588 0.773893 565.704111 0.025747 0.998135 0.055343 8.072204 -0.773922 0.054944 -0.630893 -277.854216
-0.632521 -0.026763 0.774081 567.787150 0.025655 0.998131 0.055472 8.172005 -0.774118 0.054946 -0.630652 -279.563233
-0.632288 -0.026931 0.774265 569.870431 0.025569 0.998126 0.055598 8.272159 -0.774311 0.054951 -0.630414 -281.271497
-0.632057 -0.027093 0.774448 571.953948 0.025490 0.998121 0.055721 8.372660 -0.774502 0.054960 -0.630179 -282.979016
-0.631829 -0.027249 0.774629 574.037692 0.025417 0.998116 0.055842 8.473502 -0.774691 0.054971 -0.629946 -284.685797
-0.631604 -0.027398 0.774807 576.121655 0.025350 0.998111 0.055959 8.574678 -0.774877 0.054986 -0.629716 -286.391846
-0.631380 -0.027541 0.774984 578.205829 0.025289 0.998106 0.056073 8.676181 -0.775061 0.055002 -0.629488 -288.097167
-0.631159 -0.027679 0.775160 580.290208 0.025233 0.998101 0.056185 8.778005 -0.775243 0.055021 -0.629262 -289.801767
-0.630939 -0.027810 0.775334 582.374782 0.025182 0.998097 0.056293 8.880143 -0.775423 0.055042 -0.629038 -291.505650
-0.630721 -0.027936 0.775506 584.459546 0.025136 0.998092 0.056397 8.982587 -0.775602 0.055064 -0.628816 -293.208818
-0.630504 -0.028056 0.775678 586.544493 0.025094 0.998087 0.056498 9.085330 -0.775780 0.055087 -0.628594 -294.911274
-0.630289 -0.028171 0.775850 588.629617 0.025056 0.998083 0.056596 9.188363 -0.775957 0.055112 -0.628374 -296.613021
-0.630073 -0.028281 0.776020 590.714912 0.025023 0.998078 0.056690 9.291681 -0.776132 0.055137 -0.628155 -298.314059
-0.629859 -0.028385 0.776191 592.800372 0.024993 0.998074 0.056781 9.395273 -0.776308 0.055163 -0.627936 -300.014388
-0.629644 -0.028484 0.776362 594.885991 0.024967 0.998069 0.056868 9.499134 -0.776483 0.055190 -0.627717 -301.714007
-0.629429 -0.028578 0.776532 596.971766 0.024945 0.998065 0.056951 9.603254 -0.776657 0.055217 -0.627498 -303.412916
-0.629214 -0.028668 0.776703 599.057693 0.024926 0.998061 0.057031 9.707626 -0.776833 0.055245 -0.627279 -305.111111
-0.628998 -0.028752 0.776875 601.143769 0.024910 0.998057 0.057106 9.812240 -0.777008 0.055272 -0.627060 -306.808589
-0.628781 -0.028831 0.777048 603.229990 0.024897 0.998054 0.057178 9.917088 -0.777184 0.055298 -0.626839 -308.505347
-0.628563 -0.028906 0.777221 605.316356 0.024886 0.998050 0.057245 10.022161 -0.777360 0.055324 -0.626618 -310.201380
-0.628344 -0.028977 0.777396 607.402864 0.024877 0.998047 0.057309 10.127449 -0.777538 0.055349 -0.626395 -311.896684
-0.628123 -0.029043 0.777572 609.489514 0.024870 0.998043 0.057368 10.232943 -0.777716 0.055373 -0.626172 -313.591254
-0.627901 -0.029105 0.777749 611.576304 0.024865 0.998040 0.057424 10.338634 -0.777896 0.055395 -0.625947 -315.285084
-0.627677 -0.029163 0.777927 613.663233 0.024862 0.998037 0.057475 10.444513 -0.778077 0.055416 -0.625720 -316.978169
-0.627452 -0.029217 0.778107 615.750303 0.024860 0.998035 0.057521 10.550567 -0.778258 0.055436 -0.625493 -318.670503
-0.627225 -0.029266 0.778288 617.837512 0.024859 0.998032 0.057563 10.656788 -0.778441 0.055453 -0.625263 -320.362081
-0.626996 -0.029311 0.778470 619.924861 0.024860 0.998030 0.057601 10.763165 -0.778625 0.055468 -0.625033 -322.052898
-0.626766 -0.029352 0.778654 622.012351 0.024862 0.998028 0.057634 10.869686 -0.778811 0.055482 -0.624801 -323.742948
-0.626534 -0.029389 0.778840 624.099982 0.024865 0.998026 0.057663 10.976341 -0.778997 0.055494 -0.624567 -325.432227
-0.626301 -0.029422 0.779026 626.187755 0.024870 0.998025 0.057687 11.083119 -0.779185 0.055504 -0.624332 -327.120729
-0.626066 -0.029450 0.779214 628.275670 0.024877 0.998024 0.057707 11.190009 -0.779373 0.055513 -0.624096 -328.808451
-0.625829 -0.029473 0.779403 630.363730 0.024885 0.998022 0.057722 11.296999 -0.779563 0.055520 -0.623858 -330.495388
-0.625590 -0.029492 0.779594 632.451935 0.024895 0.998022 0.057733 11.404079 -0.779754 0.055525 -0.623618 -332.181535
-0.625350 -0.029507 0.779786 634.540287 0.024907 0.998021 0.057739 11.511237 -0.779947 0.055530 -0.623378 -333.866889
-0.625108 -0.029517 0.779980 636.628788 0.024922 0.998020 0.057741 11.618464 -0.780140 0.055533 -0.623135 -335.551446
-0.624865 -0.029522 0.780175 638.717440 0.024938 0.998020 0.057739 11.725747 -0.780335 0.055536 -0.622891 -337.235201
-0.624619 -0.029523 0.780371 640.806244 0.024958 0.998020 0.057733 11.833077 -0.780530 0.055538 -0.622646 -338.918152
-0.624372 -0.029519 0.780569 642.895204 0.024979 0.998020 0.057723 11.940444 -0.780728 0.055539 -0.622398 -340.600293
-0.624123 -0.029511 0.780769 644.984322 0.025004 0.998020 0.057709 12.047838 -0.780926 0.055540 -0.622149 -342.281620
-0.623872 -0.029497 0.780970 647.073599 0.025031 0.998021 0.057691 12.155247 -0.781126 0.055540 -0.621899 -343.962130
