0.999385 -0.002808 0.034956 -0.035629 0.002678 0.999989 0.003788 -0.140927 -0.034966 -0.003692 0.999382 10.407379
0.999293 -0.002889 0.037491 -0.030236 0.002749 0.999989 0.003784 -0.150112 -0.037502 -0.003678 0.999290 11.106468
0.999189 -0.002970 0.040146 -0.023500 0.002821 0.999989 0.003777 -0.159557 -0.040156 -0.003660 0.999187 11.827555
0.999074 -0.003052 0.042920 -0.015286 0.002893 0.999989 0.003767 -0.169263 -0.042931 -0.003640 0.999071 12.570725
0.998945 -0.003133 0.045816 -0.005453 0.002964 0.999989 0.003755 -0.179231 -0.045828 -0.003616 0.998943 13.336040
0.998802 -0.003215 0.048836 0.006147 0.003035 0.999988 0.003741 -0.189463 -0.048847 -0.003588 0.998800 14.123546
0.998643 -0.003296 0.051981 0.019671 0.003106 0.999988 0.003724 -0.199960 -0.051992 -0.003558 0.998641 14.933271
0.998467 -0.003376 0.055252 0.035282 0.003176 0.999988 0.003705 -0.210722 -0.055264 -0.003524 0.998466 15.765222
0.998272 -0.003455 0.058653 0.053153 0.003245 0.999988 0.003684 -0.221751 -0.058665 -0.003488 0.998272 16.619388
0.998058 -0.003534 0.062183 0.073462 0.003312 0.999988 0.003661 -0.233047 -0.062195 -0.003448 0.998058 17.495741
0.997823 -0.003611 0.065846 0.096396 0.003379 0.999988 0.003636 -0.244613 -0.065858 -0.003406 0.997823 18.394233
0.997565 -0.003687 0.069642 0.122151 0.003444 0.999988 0.003609 -0.256450 -0.069655 -0.003361 0.997565 19.314796
0.997283 -0.003763 0.073575 0.150927 0.003509 0.999987 0.003581 -0.268559 -0.073587 -0.003313 0.997283 20.257346
0.996974 -0.003837 0.077644 0.182936 0.003572 0.999987 0.003550 -0.280942 -0.077657 -0.003262 0.996975 21.221778
0.996637 -0.003910 0.081853 0.218396 0.003634 0.999987 0.003518 -0.293601 -0.081865 -0.003209 0.996638 22.207970
0.996270 -0.003981 0.086202 0.257531 0.003695 0.999987 0.003484 -0.306539 -0.086215 -0.003152 0.996272 23.215778
0.995871 -0.004052 0.090694 0.300575 0.003755 0.999987 0.003447 -0.319759 -0.090706 -0.003092 0.995873 24.245042
0.995437 -0.004123 0.095329 0.347767 0.003815 0.999987 0.003408 -0.333262 -0.095342 -0.003029 0.995440 25.295582
0.994968 -0.004192 0.100110 0.399356 0.003875 0.999987 0.003368 -0.347052 -0.100123 -0.002963 0.994971 26.367199
0.994459 -0.004262 0.105038 0.455595 0.003935 0.999987 0.003324 -0.361132 -0.105051 -0.002893 0.994463 27.459676
0.993910 -0.004332 0.110114 0.516744 0.003995 0.999987 0.003279 -0.375507 -0.110127 -0.002819 0.993914 28.572776
0.993316 -0.004402 0.115339 0.583071 0.004056 0.999987 0.003230 -0.390181 -0.115352 -0.002741 0.993321 29.706245
0.992677 -0.004472 0.120714 0.654850 0.004118 0.999986 0.003179 -0.405157 -0.120727 -0.002658 0.992682 30.859811
0.991989 -0.004543 0.126240 0.732357 0.004182 0.999986 0.003124 -0.420442 -0.126253 -0.002571 0.991995 32.033182
0.991250 -0.004614 0.131918 0.815878 0.004247 0.999986 0.003065 -0.436041 -0.131931 -0.002478 0.991256 33.226050
0.990456 -0.004686 0.137749 0.905700 0.004314 0.999986 0.003003 -0.451959 -0.137762 -0.002380 0.990463 34.438089
0.989401 -0.004784 0.145131 1.004578 0.004405 0.999986 0.002933 -0.465360 -0.145143 -0.002262 0.989408 35.466721
0.988244 -0.004884 0.152809 1.110468 0.004500 0.999986 0.002856 -0.478903 -0.152821 -0.002135 0.988252 36.499845
0.986976 -0.004986 0.160793 1.223664 0.004600 0.999986 0.002773 -0.492589 -0.160804 -0.001997 0.986984 37.536552
0.985588 -0.005089 0.169088 1.344457 0.004703 0.999985 0.002682 -0.506420 -0.169099 -0.001849 0.985597 38.575935
0.984071 -0.005192 0.177703 1.473141 0.004809 0.999985 0.002584 -0.520400 -0.177713 -0.001688 0.984081 39.617084
0.982414 -0.005294 0.186643 1.610009 0.004918 0.999985 0.002477 -0.534532 -0.186653 -0.001515 0.982425 40.659093
0.980606 -0.005395 0.195917 1.755354 0.005030 0.999985 0.002360 -0.548822 -0.195926 -0.001329 0.980618 41.701058
0.978635 -0.005493 0.205530 1.909465 0.005143 0.999984 0.002234 -0.563276 -0.205539 -0.001129 0.978648 42.742075
0.976490 -0.005587 0.215491 2.072633 0.005258 0.999984 0.002097 -0.577902 -0.215499 -0.000915 0.976504 43.781243
0.974156 -0.005675 0.225804 2.245143 0.005374 0.999984 0.001950 -0.592707 -0.225812 -0.000686 0.974171 44.817664
0.971620 -0.005757 0.236478 2.427278 0.005490 0.999983 0.001791 -0.607700 -0.236484 -0.000442 0.971635 45.850444
0.968866 -0.005832 0.247518 2.619317 0.005605 0.999983 0.001620 -0.622891 -0.247523 -0.000183 0.968882 46.878690
0.965878 -0.005897 0.258929 2.821536 0.005720 0.999983 0.001437 -0.638292 -0.258933 0.000093 0.965895 47.901514
0.962640 -0.005951 0.270718 3.034204 0.005834 0.999982 0.001240 -0.653913 -0.270721 0.000385 0.962658 48.918034
0.959134 -0.005994 0.282890 3.257585 0.005946 0.999982 0.001030 -0.669768 -0.282891 0.000695 0.959152 49.927369
0.955340 -0.006025 0.295448 3.491938 0.006057 0.999981 0.000804 -0.685870 -0.295447 0.001022 0.955359 50.928648
0.951239 -0.006040 0.308397 3.737514 0.006167 0.999981 0.000563 -0.702235 -0.308395 0.001367 0.951258 51.921004
0.946808 -0.006040 0.321741 3.994557 0.006276 0.999980 0.000305 -0.718878 -0.321736 0.001730 0.946828 52.903576
0.942027 -0.006023 0.335482 4.263303 0.006383 0.999980 0.000031 -0.735815 -0.335475 0.002112 0.942047 53.875512
0.936872 -0.005987 0.349622 4.543982 0.006488 0.999979 -0.000262 -0.753064 -0.349613 0.002514 0.936891 54.835965
0.931317 -0.005929 0.364162 4.836812 0.006591 0.999978 -0.000573 -0.770642 -0.364151 0.002934 0.931335 55.784100
0.925336 -0.005849 0.379103 5.142006 0.006692 0.999977 -0.000904 -0.788569 -0.379089 0.003373 0.925354 56.719087
0.918903 -0.005745 0.394442 5.459765 0.006791 0.999976 -0.001255 -0.806863 -0.394425 0.003832 0.918920 57.640109
0.911989 -0.005615 0.410176 5.790282 0.006888 0.999975 -0.001628 -0.825544 -0.410157 0.004310 0.912005 58.546354
0.904564 -0.005457 0.426302 6.133737 0.006985 0.999974 -0.002021 -0.844634 -0.426280 0.004806 0.904579 59.437023
0.896599 -0.005269 0.442813 6.490304 0.007080 0.999972 -0.002437 -0.864149 -0.442788 0.005320 0.896611 60.311324
0.888111 -0.005051 0.459602 6.860101 0.007175 0.999970 -0.002874 -0.884163 -0.459573 0.005850 0.888121 61.172085
0.879083 -0.004802 0.476645 7.243272 0.007269 0.999968 -0.003332 -0.904698 -0.476614 0.006393 0.879090 62.018830
0.869497 -0.004519 0.493917 7.639950 0.007363 0.999966 -0.003812 -0.925775 -0.493883 0.006951 0.869501 62.851108
0.859339 -0.004203 0.511389 8.050253 0.007458 0.999963 -0.004315 -0.947419 -0.511352 0.007522 0.859339 63.668488
0.848595 -0.003851 0.529030 8.474287 0.007556 0.999960 -0.004841 -0.969651 -0.528990 0.008106 0.848590 64.470565
0.837253 -0.003463 0.546805 8.912146 0.007657 0.999956 -0.005392 -0.992495 -0.546762 0.008701 0.837243 65.256954
0.825305 -0.003038 0.564678 9.363909 0.007762 0.999952 -0.005966 -1.015974 -0.564633 0.009307 0.825289 66.027296
0.812747 -0.002574 0.582611 9.829642 0.007873 0.999947 -0.006565 -1.040112 -0.582563 0.009923 0.812725 66.781256
0.799576 -0.002072 0.600561 10.309397 0.007991 0.999942 -0.007190 -1.064931 -0.600512 0.010548 0.799546 67.518524
0.785794 -0.001530 0.618486 10.803213 0.008117 0.999936 -0.007840 -1.090453 -0.618435 0.011180 0.785757 68.238815
0.771407 -0.000947 0.636341 11.311113 0.008251 0.999930 -0.008515 -1.116702 -0.636288 0.011819 0.771361 68.941868
0.756426 -0.000323 0.654079 11.833108 0.008396 0.999922 -0.009216 -1.143700 -0.654025 0.012462 0.756370 69.627451
0.740865 0.000343 0.671654 12.369195 0.008550 0.999914 -0.009942 -1.171469 -0.671600 0.013108 0.740798 70.295357
0.724742 0.001050 0.689019 12.919356 0.008717 0.999905 -0.010693 -1.200031 -0.688965 0.013755 0.724664 70.945407
0.708083 0.001800 0.706127 13.483561 0.008895 0.999895 -0.011468 -1.229406 -0.706073 0.014401 0.707992 71.577448
0.690915 0.002591 0.722931 14.061766 0.009085 0.999883 -0.012267 -1.259617 -0.722879 0.015043 0.690811 72.191356
0.673271 0.003425 0.739388 14.653912 0.009288 0.999871 -0.013089 -1.290684 -0.739338 0.015680 0.673152 72.787033
0.655187 0.004300 0.755454 15.259931 0.009504 0.999858 -0.013933 -1.322627 -0.755407 0.016309 0.655053 73.364410
0.636705 0.005216 0.771090 15.879739 0.009733 0.999843 -0.014800 -1.355465 -0.771046 0.016928 0.636554 73.923443
0.617868 0.006172 0.786258 16.513242 0.009974 0.999827 -0.015687 -1.389217 -0.786219 0.017534 0.617700 74.464118
0.598723 0.007168 0.800924 17.160335 0.010227 0.999810 -0.016593 -1.423901 -0.800891 0.018126 0.598536 74.986447
0.579321 0.008201 0.815058 17.820901 0.010492 0.999792 -0.017517 -1.459534 -0.815032 0.018699 0.579114 75.490469
0.559711 0.009270 0.828636 18.494813 0.010768 0.999772 -0.018457 -1.496132 -0.828618 0.019253 0.559484 75.976250
0.539949 0.010372 0.841634 19.181935 0.011054 0.999750 -0.019412 -1.533711 -0.841625 0.019785 0.539699 76.443881
0.520086 0.011505 0.854036 19.882122 0.011350 0.999728 -0.020379 -1.572286 -0.854038 0.020292 0.519814 76.893481
0.500178 0.012665 0.865830 20.595219 0.011656 0.999704 -0.021357 -1.611870 -0.865844 0.020774 0.499882 77.325193
0.480271 0.013851 0.877011 21.321067 0.011970 0.999679 -0.022344 -1.652475 -0.877038 0.021228 0.479951 77.739186
0.460411 0.015059 0.887578 22.059495 0.012292 0.999652 -0.023337 -1.694113 -0.887621 0.021655 0.460066 78.135640
0.440641 0.016286 0.897535 22.810328 0.012622 0.999624 -0.024335 -1.736792 -0.897594 0.022052 0.440270 78.514750
0.421004 0.017529 0.906889 23.573384 0.012958 0.999595 -0.025337 -1.780520 -0.906966 0.022419 0.420606 78.876721
0.401538 0.018785 0.915650 24.348476 0.013301 0.999565 -0.026340 -1.825304 -0.915746 0.022756 0.401113 79.221769
0.382281 0.020051 0.923829 25.135410 0.013649 0.999533 -0.027342 -1.871149 -0.923945 0.023062 0.381828 79.550124
0.363267 0.021324 0.931441 25.933988 0.014003 0.999500 -0.028343 -1.918058 -0.931580 0.023339 0.362787 79.862023
0.344528 0.022600 0.938504 26.744010 0.014360 0.999466 -0.029339 -1.966033 -0.938666 0.023585 0.344020 80.157715
0.326094 0.023876 0.945036 27.565269 0.014722 0.999432 -0.030331 -2.015074 -0.945223 0.023803 0.325557 80.437460
0.307990 0.025150 0.951057 28.397558 0.015087 0.999396 -0.031315 -2.065181 -0.951270 0.023993 0.307424 80.701526
0.290241 0.026419 0.956589 29.240664 0.015455 0.999359 -0.032290 -2.116350 -0.956829 0.024156 0.289646 80.950189
0.272866 0.027681 0.961654 30.094375 0.015825 0.999322 -0.033255 -2.168577 -0.961922 0.024292 0.272243 81.183737
0.255885 0.028932 0.966274 30.958474 0.016196 0.999283 -0.034209 -2.221856 -0.966571 0.024403 0.255233 81.402463
0.239313 0.030171 0.970474 31.832746 0.016568 0.999245 -0.035151 -2.276178 -0.970801 0.024491 0.238633 81.606669
0.223163 0.031396 0.974275 32.716974 0.016939 0.999205 -0.036080 -2.331536 -0.974634 0.024555 0.222454 81.796661
0.207445 0.032606 0.977703 33.610939 0.017309 0.999166 -0.036994 -2.387918 -0.978093 0.024597 0.206708 81.972754
0.192169 0.033797 0.980780 34.514424 0.017677 0.999125 -0.037893 -2.445313 -0.981203 0.024619 0.191404 82.135267
0.177340 0.034969 0.983528 35.427212 0.018043 0.999085 -0.038776 -2.503705 -0.983984 0.024622 0.176547 82.284523
0.162964 0.036120 0.985971 36.349086 0.018406 0.999044 -0.039641 -2.563081 -0.986460 0.024608 0.162143 82.420848
0.149042 0.037249 0.988129 37.279831 0.018766 0.999004 -0.040489 -2.623422 -0.988653 0.024577 0.148195 82.544572
0.135576 0.038354 0.990024 38.219231 0.019122 0.998963 -0.041319 -2.684711 -0.990582 0.024533 0.134702 82.656026
0.122565 0.039434 0.991677 39.167073 0.019475 0.998922 -0.042129 -2.746928 -0.992269 0.024477 0.121665 82.755544
0.110007 0.040490 0.993106 40.123144 0.019824 0.998882 -0.042921 -2.810054 -0.993733 0.024409 0.109082 82.843462
0.097899 0.041521 0.994330 41.087236 0.020170 0.998841 -0.043695 -2.874068 -0.994992 0.024333 0.096948 82.920117
0.086236 0.042528 0.995367 42.059140 0.020510 0.998801 -0.044451 -2.938953 -0.996064 0.024248 0.085261 82.985847
0.075013 0.043510 0.996233 43.038652 0.020844 0.998761 -0.045190 -3.004687 -0.996965 0.024155 0.074013 83.040990
0.064222 0.044467 0.996944 44.025571 0.021172 0.998721 -0.045910 -3.071253 -0.997711 0.024055 0.063198 83.085881
0.053855 0.045398 0.997516 45.019700 0.021491 0.998682 -0.046612 -3.138630 -0.998317 0.023948 0.052809 83.120856
0.043905 0.046305 0.997962 46.020844 0.021801 0.998643 -0.047295 -3.206798 -0.998798 0.023833 0.042836 83.146246
0.034362 0.047185 0.998295 47.028812 0.022100 0.998605 -0.047960 -3.275735 -0.999165 0.023710 0.033272 83.162381
0.025215 0.048040 0.998527 48.043419 0.022387 0.998567 -0.048607 -3.345421 -0.999431 0.023580 0.024104 83.169582
0.016454 0.048868 0.998670 49.064480 0.022661 0.998530 -0.049235 -3.415834 -0.999608 0.023441 0.015322 83.168170
0.008067 0.049670 0.998733 50.091819 0.022922 0.998494 -0.049843 -3.486951 -0.999705 0.023295 0.006916 83.158455
0.000041 0.050445 0.998727 51.125261 0.023167 0.998459 -0.050433 -3.558753 -0.999732 0.023139 -0.001128 83.140743
-0.007636 0.051193 0.998660 52.164636 0.023396 0.998424 -0.051002 -3.631215 -0.999697 0.022975 -0.008822 83.115331
-0.014977 0.051914 0.998539 53.209777 0.023609 0.998391 -0.051552 -3.704315 -0.999609 0.022803 -0.016179 83.082507
-0.021996 0.052607 0.998373 54.260521 0.023805 0.998359 -0.052082 -3.778032 -0.999475 0.022621 -0.023213 83.042550
-0.028707 0.053274 0.998167 55.316711 0.023984 0.998328 -0.052593 -3.852342 -0.999300 0.022430 -0.029937 82.995728
-0.035125 0.053913 0.997928 56.378191 0.024145 0.998298 -0.053083 -3.927223 -0.999091 0.022230 -0.036367 82.942299
-0.041263 0.054524 0.997660 57.444811 0.024287 0.998270 -0.053553 -4.002651 -0.998853 0.022021 -0.042515 82.882510
-0.047136 0.055108 0.997367 58.516423 0.024411 0.998242 -0.054003 -4.078605 -0.998590 0.021802 -0.048398 82.816594
-0.052758 0.055663 0.997055 59.592882 0.024517 0.998216 -0.054431 -4.155060 -0.998306 0.021573 -0.054029 82.744775
-0.058146 0.056191 0.996725 60.674049 0.024604 0.998192 -0.054838 -4.231995 -0.998005 0.021335 -0.059423 82.667262
-0.063312 0.056691 0.996382 61.759784 0.024673 0.998169 -0.055225 -4.309388 -0.997689 0.021087 -0.064595 82.584251
-0.068272 0.057162 0.996028 62.849953 0.024722 0.998148 -0.055589 -4.387216 -0.997360 0.020829 -0.069559 82.495926
-0.073041 0.057607 0.995664 63.944421 0.024754 0.998128 -0.055933 -4.465459 -0.997022 0.020561 -0.074330 82.402458
-0.077632 0.058023 0.995292 65.043056 0.024767 0.998109 -0.056256 -4.544096 -0.996674 0.020283 -0.078922 82.304003
-0.082060 0.058414 0.994914 66.145728 0.024762 0.998092 -0.056558 -4.623106 -0.996320 0.019995 -0.083350 82.200705
-0.086340 0.058777 0.994530 67.252306 0.024739 0.998077 -0.056839 -4.702470 -0.995959 0.019696 -0.087628 82.092693
-0.090485 0.059116 0.994142 68.362659 0.024698 0.998063 -0.057101 -4.782167 -0.995592 0.019387 -0.091769 81.980085
-0.094510 0.059429 0.993749 69.476659 0.024640 0.998050 -0.057343 -4.862178 -0.995219 0.019067 -0.095790 81.862980
-0.098429 0.059718 0.993351 70.594174 0.024565 0.998039 -0.057566 -4.942486 -0.994841 0.018735 -0.099703 81.741469
-0.102256 0.059983 0.992948 71.715075 0.024473 0.998030 -0.057770 -5.023073 -0.994457 0.018393 -0.103523 81.615623
-0.106006 0.060225 0.992540 72.839231 0.024364 0.998022 -0.057955 -5.103922 -0.994067 0.018039 -0.107264 81.485502
-0.109692 0.060444 0.992126 73.966509 0.024239 0.998015 -0.058123 -5.185017 -0.993670 0.017672 -0.110940 81.351148
-0.113330 0.060641 0.991705 75.096774 0.024098 0.998010 -0.058273 -5.266341 -0.993265 0.017294 -0.114565 81.212592
-0.116932 0.060817 0.991276 76.229891 0.023942 0.998006 -0.058406 -5.347881 -0.992851 0.016903 -0.118155 81.069847
-0.120513 0.060972 0.990837 77.365722 0.023770 0.998003 -0.058522 -5.429622 -0.992427 0.016499 -0.121722 80.922912
-0.124088 0.061109 0.990388 78.504126 0.023583 0.998002 -0.058624 -5.511551 -0.991991 0.016082 -0.125281 80.771773
-0.127670 0.061227 0.989925 79.644959 0.023382 0.998001 -0.058711 -5.593655 -0.991541 0.015650 -0.128847 80.616398
-0.131274 0.061327 0.989447 80.788077 0.023166 0.998002 -0.058784 -5.675922 -0.991075 0.015204 -0.132432 80.456744
-0.134913 0.061411 0.988953 81.933330 0.022936 0.998004 -0.058844 -5.758344 -0.990592 0.014743 -0.136052 80.292751
-0.138601 0.061479 0.988438 83.080566 0.022692 0.998006 -0.058892 -5.840909 -0.990088 0.014267 -0.139720 80.124345
-0.142352 0.061532 0.987902 84.229629 0.022435 0.998010 -0.058929 -5.923611 -0.989562 0.013775 -0.143449 79.951439
-0.146178 0.061571 0.987340 85.380359 0.022165 0.998015 -0.058955 -6.006442 -0.989010 0.013266 -0.147253 79.773930
-0.150094 0.061597 0.986751 86.532592 0.021882 0.998020 -0.058972 -6.089395 -0.988430 0.012741 -0.151145 79.591703
-0.154112 0.061610 0.986131 87.686160 0.021588 0.998026 -0.058979 -6.172464 -0.987818 0.012199 -0.155137 79.404630
-0.158243 0.061611 0.985476 88.840890 0.021281 0.998032 -0.058979 -6.255646 -0.987171 0.011639 -0.159242 79.212572
-0.162499 0.061602 0.984784 89.996607 0.020963 0.998040 -0.058972 -6.338938 -0.986486 0.011061 -0.163472 79.015377
-0.166893 0.061582 0.984050 91.153129 0.020632 0.998047 -0.058959 -6.422338 -0.985759 0.010463 -0.167837 78.812884
-0.171434 0.061553 0.983271 92.310271 0.020288 0.998055 -0.058941 -6.505844 -0.984987 0.009844 -0.172349 78.604919
-0.176133 0.061514 0.982443 93.467844 0.019932 0.998064 -0.058919 -6.589458 -0.984165 0.009204 -0.177018 78.391302
-0.180999 0.061466 0.981561 94.625655 0.019562 0.998073 -0.058892 -6.673179 -0.983289 0.008542 -0.181853 78.171838
-0.186043 0.061407 0.980621 95.783508 0.019180 0.998082 -0.058862 -6.757008 -0.982354 0.007857 -0.186864 77.946326
-0.191272 0.061340 0.979619 96.941199 0.018785 0.998091 -0.058829 -6.840944 -0.981357 0.007150 -0.192059 77.714555
-0.196695 0.061262 0.978549 98.098523 0.018378 0.998101 -0.058792 -6.924989 -0.980293 0.006419 -0.197447 77.476306
-0.202319 0.061176 0.977407 99.255269 0.017960 0.998111 -0.058754 -7.009142 -0.979155 0.005667 -0.203035 77.231353
-0.208151 0.061080 0.976188 100.411222 0.017532 0.998121 -0.058715 -7.093405 -0.977940 0.004893 -0.208830 76.979463
-0.214197 0.060976 0.974885 101.566163 0.017094 0.998131 -0.058674 -7.177779 -0.976641 0.004097 -0.214839 76.720397
-0.220463 0.060863 0.973495 102.719870 0.016647 0.998141 -0.058634 -7.262266 -0.975253 0.003279 -0.221067 76.453912
-0.226955 0.060741 0.972009 103.872115 0.016192 0.998151 -0.058593 -7.346869 -0.973771 0.002441 -0.227519 76.179759
-0.233677 0.060609 0.970424 105.022669 0.015730 0.998160 -0.058554 -7.431590 -0.972187 0.001582 -0.234200 75.897686
-0.240631 0.060469 0.968731 106.171297 0.015260 0.998170 -0.058516 -7.516432 -0.970497 0.000702 -0.241114 75.607437
-0.247823 0.060320 0.966926 107.317763 0.014783 0.998179 -0.058481 -7.601400 -0.968693 -0.000198 -0.248263 75.308754
-0.255254 0.060162 0.965001 108.461827 0.014301 0.998188 -0.058448 -7.686496 -0.966768 -0.001119 -0.255651 75.001378
-0.262925 0.059995 0.962949 109.603246 0.013813 0.998197 -0.058419 -7.771725 -0.964717 -0.002059 -0.263280 74.685048
-0.270838 0.059817 0.960765 110.741775 0.013319 0.998205 -0.058393 -7.857091 -0.962533 -0.003018 -0.271149 74.359503
-0.278994 0.059629 0.958440 111.877166 0.012821 0.998213 -0.058371 -7.942601 -0.960207 -0.003997 -0.279260 74.024483
-0.287391 0.059430 0.955968 113.009169 0.012318 0.998220 -0.058354 -8.028258 -0.957734 -0.004995 -0.287612 73.679729
-0.296029 0.059220 0.953341 114.137533 0.011811 0.998227 -0.058341 -8.114068 -0.955106 -0.006011 -0.296203 73.324984
-0.304905 0.058999 0.950554 115.262003 0.011300 0.998233 -0.058333 -8.200036 -0.952316 -0.007045 -0.305033 72.959995
-0.314016 0.058765 0.947597 116.382326 0.010786 0.998239 -0.058331 -8.286169 -0.949356 -0.008096 -0.314097 72.584508
-0.323360 0.058519 0.944465 117.498245 0.010269 0.998244 -0.058335 -8.372472 -0.946220 -0.009164 -0.323394 72.198279
-0.332932 0.058260 0.941149 118.609506 0.009750 0.998249 -0.058345 -8.458951 -0.942900 -0.010249 -0.332917 71.801063
-0.342727 0.057987 0.937644 119.715850 0.009229 0.998253 -0.058361 -8.545612 -0.939390 -0.011348 -0.342663 71.392624
-0.352738 0.057699 0.933942 120.817023 0.008707 0.998256 -0.058384 -8.632459 -0.935682 -0.012462 -0.352625 70.972730
-0.362958 0.057397 0.930036 121.912770 0.008185 0.998259 -0.058413 -8.719498 -0.931769 -0.013590 -0.362796 70.541156
-0.373381 0.057080 0.925920 123.002839 0.007662 0.998261 -0.058450 -8.806734 -0.927646 -0.014730 -0.373169 70.097683
-0.383998 0.056747 0.921589 124.086979 0.007139 0.998262 -0.058493 -8.894173 -0.923306 -0.015882 -0.383736 69.642101
-0.394798 0.056398 0.917035 125.164942 0.006618 0.998263 -0.058544 -8.981821 -0.918744 -0.017044 -0.394486 69.174207
-0.405772 0.056031 0.912255 126.236485 0.006099 0.998263 -0.058601 -9.069682 -0.913954 -0.018215 -0.405409 68.693807
-0.416908 0.055648 0.907244 127.301367 0.005582 0.998262 -0.058666 -9.157763 -0.908931 -0.019395 -0.416494 68.200716
-0.428194 0.055248 0.901997 128.359352 0.005068 0.998261 -0.058738 -9.246069 -0.903673 -0.020580 -0.427729 67.694762
-0.439615 0.054830 0.896511 129.410209 0.004558 0.998258 -0.058818 -9.334604 -0.898175 -0.021771 -0.439100 67.175782
-0.451159 0.054395 0.890784 130.453713 0.004053 0.998255 -0.058905 -9.423374 -0.892434 -0.022965 -0.450592 66.643626
-0.462809 0.053943 0.884815 131.489647 0.003554 0.998252 -0.059000 -9.512385 -0.886451 -0.024161 -0.462191 66.098156
-0.474549 0.053474 0.878603 132.517797 0.003061 0.998247 -0.059102 -9.601642 -0.880224 -0.025358 -0.473881 65.539249
-0.486362 0.052987 0.872149 133.537960 0.002575 0.998242 -0.059212 -9.691150 -0.873753 -0.026553 -0.485644 64.966795
-0.498231 0.052483 0.865454 134.549940 0.002097 0.998236 -0.059328 -9.780913 -0.867042 -0.027745 -0.497462 64.380699
-0.510137 0.051962 0.858522 135.553548 0.001627 0.998230 -0.059451 -9.870937 -0.860092 -0.028932 -0.509318 63.780880
-0.522060 0.051425 0.851357 136.548608 0.001166 0.998223 -0.059581 -9.961224 -0.852908 -0.030112 -0.521192 63.167273
-0.533982 0.050870 0.843964 137.534950 0.000714 0.998215 -0.059715 -10.051779 -0.845496 -0.031284 -0.533065 62.539828
-0.545881 0.050299 0.836351 138.512417 0.000273 0.998207 -0.059855 -10.142603 -0.837862 -0.032446 -0.544916 61.898512
-0.557739 0.049712 0.828526 139.480865 -0.000158 0.998198 -0.060000 -10.233698 -0.830016 -0.033595 -0.556726 61.243309
-0.569534 0.049110 0.820499 140.440161 -0.000579 0.998189 -0.060148 -10.325067 -0.821967 -0.034731 -0.568475 60.574218
-0.581247 0.048494 0.812281 141.390183 -0.000988 0.998180 -0.060299 -10.416710 -0.813727 -0.035852 -0.580141 59.891259
-0.592857 0.047863 0.803884 142.330827 -0.001387 0.998170 -0.060453 -10.508627 -0.805306 -0.036955 -0.591706 59.194467
-0.604345 0.047219 0.795322 143.261999 -0.001773 0.998160 -0.060609 -10.600817 -0.796721 -0.038038 -0.603149 58.483892
-0.615691 0.046562 0.786611 144.183621 -0.002147 0.998150 -0.060765 -10.693279 -0.787985 -0.039101 -0.614452 57.759604
-0.626877 0.045895 0.777765 145.095631 -0.002508 0.998139 -0.060920 -10.786011 -0.779114 -0.040140 -0.625596 57.021690
-0.637885 0.045218 0.768803 145.997980 -0.002855 0.998129 -0.061075 -10.879010 -0.770127 -0.041153 -0.636562 56.270253
-0.648697 0.044533 0.759743 146.890634 -0.003188 0.998119 -0.061227 -10.972273 -0.761040 -0.042140 -0.647335 55.505414
-0.659297 0.043842 0.750603 147.773576 -0.003506 0.998108 -0.061378 -11.065795 -0.751874 -0.043098 -0.657897 54.727310
-0.669671 0.043147 0.741404 148.646804 -0.003809 0.998098 -0.061526 -11.159572 -0.742649 -0.044026 -0.668233 53.936099
-0.679802 0.042449 0.732166 149.510332 -0.004097 0.998088 -0.061670 -11.253601 -0.733384 -0.044923 -0.678328 53.131951
-0.689678 0.041749 0.722911 150.364194 -0.004371 0.998078 -0.061810 -11.347877 -0.724103 -0.045789 -0.688171 52.315057
-0.699287 0.041050 0.713661 151.208436 -0.004630 0.998069 -0.061946 -11.442393 -0.714826 -0.046622 -0.697747 51.485625
-0.708618 0.040351 0.704438 152.043124 -0.004876 0.998060 -0.062076 -11.537144 -0.705576 -0.047423 -0.707046 50.643876
-0.717660 0.039657 0.695264 152.868339 -0.005108 0.998051 -0.062200 -11.632125 -0.696375 -0.048190 -0.716058 49.790053
-0.726404 0.038968 0.686162 153.684179 -0.005326 0.998042 -0.062318 -11.727327 -0.687247 -0.048922 -0.724775 48.924413
-0.734843 0.038286 0.677156 154.490763 -0.005530 0.998034 -0.062429 -11.822743 -0.678215 -0.049620 -0.733187 48.047228
-0.742969 0.037613 0.668268 155.288222 -0.005720 0.998027 -0.062533 -11.918366 -0.669301 -0.050282 -0.741288 47.158791
-0.750777 0.036952 0.659522 156.076707 -0.005896 0.998019 -0.062629 -12.014188 -0.660530 -0.050909 -0.749072 46.259409
-0.758261 0.036304 0.650939 156.856387 -0.006057 0.998013 -0.062716 -12.110199 -0.651922 -0.051498 -0.756535 45.349406
-0.765419 0.035671 0.642543 157.627446 -0.006203 0.998007 -0.062795 -12.206389 -0.643502 -0.052050 -0.763672 44.429122
-0.772247 0.035056 0.634355 158.390086 -0.006335 0.998002 -0.062864 -12.302749 -0.635291 -0.052565 -0.770482 43.498913
-0.778742 0.034459 0.626397 159.144525 -0.006452 0.997998 -0.062923 -12.399268 -0.627311 -0.053042 -0.776961 42.559152
-0.784905 0.033884 0.618689 159.890999 -0.006553 0.997994 -0.062971 -12.495934 -0.619582 -0.053481 -0.783108 41.610225
-0.790733 0.033331 0.611253 160.629758 -0.006640 0.997991 -0.063009 -12.592737 -0.612125 -0.053882 -0.788923 40.652536
-0.796228 0.032803 0.604107 161.361068 -0.006711 0.997989 -0.063035 -12.689664 -0.604960 -0.054244 -0.794406 39.686502
-0.801389 0.032301 0.597271 162.085212 -0.006766 0.997987 -0.063050 -12.786703 -0.598106 -0.054569 -0.799557 38.712555
-0.806217 0.031827 0.590763 162.802484 -0.006806 0.997987 -0.063054 -12.883841 -0.591581 -0.054855 -0.804378 37.731142
-0.810715 0.031383 0.584600 163.513194 -0.006830 0.997987 -0.063045 -12.981064 -0.585402 -0.055104 -0.808869 36.742724
-0.814883 0.030969 0.578798 164.217666 -0.006838 0.997989 -0.063025 -13.078360 -0.579586 -0.055316 -0.813032 35.747777
-0.818723 0.030588 0.573373 164.916237 -0.006830 0.997991 -0.062993 -13.175714 -0.574148 -0.055490 -0.816869 34.746788
-0.822238 0.030241 0.568341 165.609255 -0.006806 0.997994 -0.062949 -13.273115 -0.569104 -0.055627 -0.820382 33.740258
-0.825428 0.029928 0.563713 166.297082 -0.006767 0.997997 -0.062892 -13.370546 -0.564467 -0.055728 -0.823573 32.728703
-0.828297 0.029650 0.559505 166.980088 -0.006711 0.998002 -0.062823 -13.467996 -0.560249 -0.055791 -0.826443 31.712649
-0.830845 0.029409 0.555726 167.658656 -0.006640 0.998008 -0.062741 -13.565448 -0.556464 -0.055818 -0.828994 30.692634
-0.833074 0.029205 0.552390 168.333175 -0.006553 0.998014 -0.062647 -13.662887 -0.553123 -0.055809 -0.831228 29.669209
-0.834985 0.029038 0.549506 169.004045 -0.006449 0.998022 -0.062539 -13.760299 -0.550235 -0.055763 -0.833146 28.642937
-0.836579 0.028910 0.547083 169.671673 -0.006330 0.998030 -0.062419 -13.857669 -0.547810 -0.055681 -0.834748 27.614390
-0.837856 0.028820 0.545130 170.336470 -0.006195 0.998039 -0.062286 -13.954980 -0.545856 -0.055563 -0.836035 26.584151
-0.838816 0.028769 0.543655 170.998855 -0.006044 0.998049 -0.062139 -14.052217 -0.544382 -0.055409 -0.837006 25.552812
-0.839458 0.028756 0.542663 171.659250 -0.005877 0.998060 -0.061980 -14.149365 -0.543393 -0.055219 -0.837660 24.520973
-0.839781 0.028782 0.542162 172.318083 -0.005696 0.998072 -0.061808 -14.246407 -0.542896 -0.054993 -0.837997 23.489243
-0.839782 0.028846 0.542156 172.975783 -0.005500 0.998084 -0.061623 -14.343327 -0.542895 -0.054732 -0.838015 22.458238
-0.839460 0.028948 0.542649 173.632781 -0.005289 0.998098 -0.061427 -14.440110 -0.543395 -0.054435 -0.837710 21.428581
-0.838811 0.029088 0.543645 174.289509 -0.005064 0.998112 -0.061218 -14.536740 -0.544399 -0.054103 -0.837080 20.400899
-0.837831 0.029265 0.545145 174.946401 -0.004825 0.998126 -0.060997 -14.633202 -0.545908 -0.053735 -0.836120 19.375827
-0.836515 0.029479 0.547150 175.603885 -0.004571 0.998142 -0.060765 -14.729483 -0.547925 -0.053332 -0.834826 18.354005
-0.834858 0.029729 0.549662 176.262391 -0.004303 0.998158 -0.060523 -14.825567 -0.550449 -0.052893 -0.833192 17.336078
-0.832853 0.030016 0.552681 176.922342 -0.004021 0.998174 -0.060270 -14.921444 -0.553480 -0.052418 -0.831211 16.322693
-0.830492 0.030338 0.556203 177.584156 -0.003725 0.998191 -0.060008 -15.017100 -0.557017 -0.051908 -0.828877 15.314502
-0.827769 0.030695 0.560228 178.248244 -0.003414 0.998208 -0.059736 -15.112524 -0.561058 -0.051361 -0.826182 14.312158
-0.824675 0.031085 0.564752 178.915011 -0.003090 0.998226 -0.059456 -15.207704 -0.565599 -0.050777 -0.823116 13.316316
-0.821199 0.031509 0.569771 179.584851 -0.002751 0.998244 -0.059169 -15.302631 -0.570635 -0.050157 -0.819670 12.327632
-0.817331 0.031965 0.575281 180.258151 -0.002397 0.998263 -0.058874 -15.397294 -0.576163 -0.049499 -0.815835 11.346761
-0.813061 0.032453 0.581274 180.935285 -0.002029 0.998281 -0.058573 -15.491683 -0.582176 -0.048803 -0.811597 10.374360
-0.808375 0.032971 0.587744 181.616615 -0.001646 0.998300 -0.058266 -15.585792 -0.588666 -0.048069 -0.806946 9.411084
-0.803262 0.033518 0.594683 182.302490 -0.001249 0.998318 -0.057954 -15.679611 -0.595625 -0.047295 -0.801869 8.457587
-0.797707 0.034092 0.602081 182.993249 -0.000837 0.998337 -0.057638 -15.773133 -0.603045 -0.046482 -0.796352 7.514521
-0.791697 0.034692 0.609929 183.689213 -0.000410 0.998356 -0.057318 -15.866352 -0.610914 -0.045628 -0.790381 6.582535
-0.785216 0.035317 0.618214 184.390690 0.000033 0.998375 -0.056994 -15.959262 -0.619222 -0.044732 -0.783941 5.662277
-0.778249 0.035965 0.626925 185.097971 0.000490 0.998393 -0.056667 -16.051858 -0.627955 -0.043794 -0.777016 4.754390
-0.770780 0.036635 0.636047 185.811331 0.000964 0.998411 -0.056338 -16.144136 -0.637100 -0.042811 -0.769591 3.859513
-0.762793 0.037325 0.645564 186.531026 0.001455 0.998429 -0.056008 -16.236091 -0.646641 -0.041783 -0.761650 2.978281
-0.754271 0.038033 0.655460 187.257294 0.001962 0.998447 -0.055677 -16.327721 -0.656560 -0.040709 -0.753174 2.111324
-0.745197 0.038757 0.665717 187.990356 0.002487 0.998464 -0.055346 -16.419023 -0.666840 -0.039588 -0.744149 1.259264
-0.735554 0.039496 0.676314 188.730411 0.003029 0.998481 -0.055015 -16.509996 -0.677459 -0.038418 -0.734556 0.422720
-0.725325 0.040245 0.687229 189.477638 0.003589 0.998497 -0.054686 -16.600639 -0.688397 -0.037199 -0.724379 -0.397701
-0.714493 0.041004 0.698440 190.232196 0.004165 0.998513 -0.054359 -16.690953 -0.699630 -0.035930 -0.713602 -1.201395
-0.703043 0.041768 0.709919 190.994222 0.004759 0.998528 -0.054035 -16.780939 -0.711131 -0.034611 -0.702207 -1.987772
-0.690959 0.042536 0.721642 191.763832 0.005369 0.998542 -0.053716 -16.870597 -0.722874 -0.033241 -0.690180 -2.756247
-0.678225 0.043303 0.733577 192.541119 0.005996 0.998555 -0.053401 -16.959931 -0.734830 -0.031819 -0.677505 -3.506249
-0.664828 0.044069 0.745696 193.326154 0.006639 0.998567 -0.053093 -17.048943 -0.746967 -0.030347 -0.664168 -4.237215
-0.650755 0.044828 0.757964 194.118988 0.007298 0.998579 -0.052793 -17.137637 -0.759253 -0.028824 -0.650157 -4.948596
-0.635994 0.045578 0.770347 194.919647 0.007972 0.998589 -0.052501 -17.226018 -0.771653 -0.027250 -0.635460 -5.639854
-0.620535 0.046317 0.782810 195.728139 0.008660 0.998598 -0.052219 -17.314091 -0.784131 -0.025625 -0.620066 -6.310465
-0.604371 0.047039 0.795313 196.544448 0.009363 0.998606 -0.051948 -17.401862 -0.796648 -0.023950 -0.603969 -6.959917
-0.587496 0.047742 0.807817 197.368539 0.010079 0.998612 -0.051688 -17.489338 -0.809164 -0.022225 -0.587162 -7.587715
-0.569906 0.048423 0.820282 198.200355 0.010808 0.998618 -0.051441 -17.576527 -0.821639 -0.020451 -0.569642 -8.193378
-0.551600 0.049077 0.832664 199.039819 0.011549 0.998621 -0.051207 -17.663437 -0.834029 -0.018629 -0.551407 -8.776440
-0.532580 0.049701 0.844919 199.886834 0.012302 0.998624 -0.050987 -17.750076 -0.846290 -0.016761 -0.532458 -9.336455
-0.512850 0.050291 0.857004 200.741284 0.013066 0.998624 -0.050782 -17.836454 -0.858379 -0.014847 -0.512802 -9.872989
-0.492418 0.050843 0.868872 201.603033 0.013839 0.998623 -0.050593 -17.922580 -0.870249 -0.012889 -0.492444 -10.385630
-0.471296 0.051356 0.880479 202.471925 0.014621 0.998621 -0.050420 -18.008465 -0.881854 -0.010890 -0.471397 -10.873981
-0.449496 0.051824 0.891778 203.347786 0.015410 0.998617 -0.050265 -18.094119 -0.893149 -0.008851 -0.449673 -11.337666
-0.427038 0.052244 0.902723 204.230426 0.016206 0.998611 -0.050127 -18.179555 -0.904088 -0.006777 -0.427292 -11.776327
-0.403943 0.052615 0.913270 205.119636 0.017007 0.998604 -0.050009 -18.264786 -0.914626 -0.004669 -0.404274 -12.189627
-0.380236 0.052932 0.923374 206.015192 0.017812 0.998595 -0.049909 -18.349823 -0.924718 -0.002531 -0.380645 -12.577248
-0.355946 0.053193 0.932991 206.916855 0.018618 0.998584 -0.049830 -18.434681 -0.934321 -0.000366 -0.356432 -12.938893
-0.331105 0.053396 0.942082 207.824371 0.019426 0.998572 -0.049771 -18.519374 -0.943394 0.001821 -0.331669 -13.274288
-0.305749 0.053539 0.950606 208.737472 0.020233 0.998558 -0.049732 -18.603917 -0.951897 0.004028 -0.306391 -13.583177
-0.279918 0.053618 0.958526 209.655877 0.021037 0.998542 -0.049713 -18.688323 -0.959793 0.006249 -0.280637 -13.865328
-0.253653 0.053634 0.965807 210.579292 0.021839 0.998525 -0.049715 -18.772608 -0.967049 0.008482 -0.254450 -14.120531
-0.227000 0.053584 0.972419 211.507413 0.022637 0.998506 -0.049737 -18.856787 -0.973632 0.010722 -0.227874 -14.348595
-0.200008 0.053467 0.978334 212.439925 0.023429 0.998485 -0.049778 -18.940875 -0.979514 0.012965 -0.200957 -14.549354
-0.172725 0.053282 0.983528 213.376502 0.024214 0.998464 -0.049839 -19.024887 -0.984672 0.015207 -0.173750 -14.722664
-0.145205 0.053030 0.987979 214.316810 0.024992 0.998441 -0.049918 -19.108836 -0.989086 0.017443 -0.146303 -14.868402
-0.117499 0.052710 0.991673 215.260509 0.025761 0.998416 -0.050016 -19.192738 -0.992739 0.019670 -0.118671 -14.986469
-0.089664 0.052321 0.994597 216.207252 0.026521 0.998391 -0.050130 -19.276604 -0.995619 0.021883 -0.090907 -15.076790
-0.061753 0.051866 0.996743 217.156686 0.027271 0.998364 -0.050261 -19.360449 -0.997719 0.024078 -0.063067 -15.139310
-0.033822 0.051345 0.998108 218.108456 0.028010 0.998336 -0.050407 -19.444283 -0.999035 0.026252 -0.035204 -15.174000
-0.005925 0.050758 0.998693 219.062201 0.028737 0.998307 -0.050568 -19.528120 -0.999569 0.028400 -0.007374 -15.180851
0.021884 0.050108 0.998504 220.017560 0.029453 0.998277 -0.050743 -19.611971 -0.999327 0.030519 0.020370 -15.159876
0.049553 0.049397 0.997549 220.974170 0.030156 0.998247 -0.050930 -19.695848 -0.998316 0.032606 0.047977 -15.111109
0.077032 0.048627 0.995842 221.931669 0.030846 0.998216 -0.051129 -19.779762 -0.996551 0.034656 0.075394 -15.034606
0.104270 0.047800 0.993400 222.889695 0.031523 0.998184 -0.051338 -19.863724 -0.994049 0.036668 0.102574 -14.930444
0.131223 0.046918 0.990242 223.847889 0.032186 0.998151 -0.051557 -19.947745 -0.990830 0.038637 0.129470 -14.798721
0.157845 0.045984 0.986393 224.805894 0.032834 0.998118 -0.051785 -20.031834 -0.986918 0.040562 0.156038 -14.639555
0.184096 0.045002 0.981878 225.763356 0.033469 0.998085 -0.052020 -20.115999 -0.982338 0.042439 0.182237 -14.453085
0.209936 0.043974 0.976726 226.719927 0.034088 0.998052 -0.052261 -20.200250 -0.977121 0.044266 0.208028 -14.239470
0.235331 0.042903 0.970968 227.675263 0.034693 0.998018 -0.052507 -20.284595 -0.971296 0.046042 0.233376 -13.998889
0.260249 0.041793 0.964637 228.629025 0.035282 0.997984 -0.052757 -20.369039 -0.964897 0.047764 0.258250 -13.731540
0.284660 0.040647 0.957766 229.580884 0.035857 0.997950 -0.053010 -20.453592 -0.957958 0.049432 0.282619 -13.437641
0.308539 0.039468 0.950392 230.530516 0.036416 0.997916 -0.053264 -20.538257 -0.950514 0.051043 0.306459 -13.117428
0.331864 0.038260 0.942551 231.477608 0.036960 0.997883 -0.053519 -20.623042 -0.942603 0.052597 0.329748 -12.771157
0.354616 0.037025 0.934279 232.421855 0.037488 0.997849 -0.053773 -20.707951 -0.934260 0.054093 0.352466 -12.399102
0.376779 0.035767 0.925612 233.362964 0.038001 0.997816 -0.054026 -20.792988 -0.925523 0.055530 0.374597 -12.001553
0.398340 0.034490 0.916589 234.300652 0.038499 0.997783 -0.054276 -20.878157 -0.916429 0.056908 0.396129 -11.578818
0.419290 0.033195 0.907245 235.234646 0.038982 0.997751 -0.054523 -20.963458 -0.907015 0.058227 0.417053 -11.131221
0.439620 0.031888 0.897618 236.164686 0.039450 0.997720 -0.054765 -21.048895 -0.897317 0.059487 0.437360 -10.659104
0.459328 0.030569 0.887741 237.090526 0.039903 0.997689 -0.055002 -21.134469 -0.887370 0.060688 0.457047 -10.162821
0.478411 0.029243 0.877649 238.011930 0.040343 0.997658 -0.055233 -21.220180 -0.877209 0.061831 0.476111 -9.642743
0.496870 0.027911 0.867376 238.928677 0.040768 0.997628 -0.055457 -21.306028 -0.866867 0.062916 0.494554 -9.099252
0.514708 0.026577 0.856953 239.840558 0.041180 0.997599 -0.055673 -21.392012 -0.856376 0.063945 0.512378 -8.532745
0.531930 0.025243 0.846412 240.747376 0.041579 0.997571 -0.055881 -21.478133 -0.845767 0.064918 0.529588 -7.943630
0.548541 0.023911 0.835782 241.648948 0.041965 0.997544 -0.056081 -21.564390 -0.835070 0.065837 0.546190 -7.332326
0.564549 0.022584 0.825091 242.545103 0.042338 0.997517 -0.056272 -21.650779 -0.824313 0.066702 0.562191 -6.699265
0.579964 0.021264 0.814365 243.435683 0.042699 0.997492 -0.056454 -21.737301 -0.813522 0.067514 0.577601 -6.044884
0.594796 0.019953 0.803629 244.320545 0.043047 0.997467 -0.056626 -21.823952 -0.802723 0.068275 0.592430 -5.369634
0.609055 0.018654 0.792908 245.199557 0.043382 0.997443 -0.056789 -21.910729 -0.791940 0.068985 0.606689 -4.673969
0.622755 0.017368 0.782224 246.072601 0.043705 0.997421 -0.056940 -21.997629 -0.781196 0.069647 0.620389 -3.958355
0.635906 0.016097 0.771598 246.939574 0.044015 0.997399 -0.057082 -22.084649 -0.770510 0.070260 0.633544 -3.223262
0.648523 0.014842 0.761050 247.800384 0.044313 0.997378 -0.057212 -22.171784 -0.759904 0.070827 0.646165 -2.469166
0.660619 0.013606 0.750598 248.654955 0.044598 0.997359 -0.057331 -22.259028 -0.749396 0.071349 0.658267 -1.696550
0.672206 0.012389 0.740260 249.503224 0.044872 0.997340 -0.057438 -22.346377 -0.739003 0.071828 0.669862 -0.905900
0.683300 0.011192 0.730052 250.345139 0.045135 0.997323 -0.057534 -22.433822 -0.728741 0.072264 0.680966 -0.097706
0.693914 0.010017 0.719988 251.180665 0.045386 0.997307 -0.057617 -22.521358 -0.718626 0.072659 0.691591 0.727539
0.704063 0.008864 0.710082 252.009777 0.045626 0.997291 -0.057689 -22.608977 -0.708670 0.073015 0.701751 1.569339
0.713759 0.007734 0.700348 252.832463 0.045856 0.997277 -0.057748 -22.696669 -0.698888 0.073333 0.711462 2.427196
0.723018 0.006628 0.690797 253.648726 0.046076 0.997265 -0.057794 -22.784427 -0.689291 0.073616 0.720735 3.300613
0.731853 0.005547 0.681440 254.458578 0.046286 0.997253 -0.057828 -22.872240 -0.679889 0.073863 0.729585 4.189090
0.740276 0.004492 0.672288 255.262046 0.046486 0.997242 -0.057850 -22.960099 -0.670694 0.074077 0.738026 5.092126
0.748303 0.003463 0.663349 256.059170 0.046676 0.997233 -0.057860 -23.047993 -0.661713 0.074259 0.746070 6.009222
0.755944 0.002462 0.654631 256.849999 0.046855 0.997225 -0.057857 -23.135913 -0.652957 0.074410 0.753731 6.939878
0.763214 0.001489 0.646144 257.634596 0.047025 0.997218 -0.057842 -23.223848 -0.644432 0.074531 0.761021 7.883593
0.770125 0.000544 0.637893 258.413033 0.047184 0.997212 -0.057816 -23.311787 -0.636146 0.074623 0.767952 8.839871
0.776688 -0.000371 0.629885 259.185395 0.047332 0.997207 -0.057777 -23.399719 -0.628104 0.074688 0.774536 9.808214
0.782915 -0.001255 0.622127 259.951775 0.047470 0.997203 -0.057726 -23.487635 -0.620314 0.074727 0.780785 10.788127
0.788818 -0.002109 0.614623 260.712274 0.047596 0.997201 -0.057664 -23.575524 -0.612781 0.074740 0.786710 11.779117
0.794407 -0.002932 0.607379 261.467006 0.047711 0.997200 -0.057589 -23.663377 -0.605510 0.074728 0.792322 12.780695
0.799691 -0.003722 0.600400 262.216090 0.047815 0.997200 -0.057503 -23.751183 -0.598505 0.074693 0.797630 13.792370
0.804682 -0.004481 0.593689 262.959656 0.047906 0.997201 -0.057405 -23.838933 -0.591770 0.074634 0.802644 14.813658
0.809388 -0.005206 0.587252 263.697840 0.047985 0.997203 -0.057295 -23.926617 -0.585311 0.074553 0.807374 15.844073
0.813817 -0.005899 0.581091 264.430787 0.048052 0.997207 -0.057173 -24.014223 -0.579131 0.074451 0.811828 16.883133
