0.999831 -0.008037 -0.016506 -0.122733 0.008045 0.999968 0.000405 -0.075645 0.016502 -0.000538 0.999864 6.525311
0.999835 -0.007785 -0.016410 -0.131487 0.007793 0.999970 0.000441 -0.080113 0.016406 -0.000569 0.999865 6.963165
0.999839 -0.007523 -0.016295 -0.140553 0.007532 0.999972 0.000477 -0.084651 0.016291 -0.000599 0.999867 7.414706
0.999843 -0.007252 -0.016157 -0.149929 0.007261 0.999974 0.000513 -0.089256 0.016153 -0.000630 0.999869 7.879974
0.999848 -0.006970 -0.015995 -0.159613 0.006980 0.999975 0.000549 -0.093927 0.015991 -0.000660 0.999872 8.358997
0.999853 -0.006679 -0.015805 -0.169601 0.006689 0.999977 0.000584 -0.098660 0.015801 -0.000690 0.999875 8.851793
0.999858 -0.006377 -0.015585 -0.179890 0.006388 0.999979 0.000619 -0.103453 0.015581 -0.000718 0.999878 9.358368
0.999864 -0.006066 -0.015332 -0.190474 0.006077 0.999981 0.000653 -0.108304 0.015328 -0.000746 0.999882 9.878714
0.999870 -0.005744 -0.015045 -0.201347 0.005755 0.999983 0.000685 -0.113211 0.015040 -0.000772 0.999887 10.412815
0.999877 -0.005412 -0.014719 -0.212499 0.005424 0.999985 0.000717 -0.118173 0.014715 -0.000797 0.999891 10.960643
0.999884 -0.005070 -0.014352 -0.223923 0.005082 0.999987 0.000748 -0.123186 0.014348 -0.000820 0.999897 11.522158
0.999892 -0.004718 -0.013942 -0.235606 0.004729 0.999989 0.000777 -0.128251 0.013938 -0.000843 0.999903 12.097311
0.999900 -0.004356 -0.013485 -0.247537 0.004367 0.999990 0.000806 -0.133364 0.013481 -0.000864 0.999909 12.686040
0.999908 -0.003983 -0.012978 -0.259702 0.003994 0.999992 0.000833 -0.138524 0.012975 -0.000884 0.999915 13.288275
0.999916 -0.003601 -0.012419 -0.272083 0.003612 0.999993 0.000858 -0.143729 0.012415 -0.000903 0.999923 13.903934
0.999925 -0.003208 -0.011803 -0.284664 0.003219 0.999994 0.000882 -0.148980 0.011800 -0.000920 0.999930 14.532924
0.999934 -0.002805 -0.011128 -0.297423 0.002816 0.999996 0.000904 -0.154274 0.011125 -0.000936 0.999938 15.175144
0.999943 -0.002392 -0.010389 -0.310339 0.002402 0.999997 0.000924 -0.159609 0.010387 -0.000949 0.999946 15.830482
0.999952 -0.001969 -0.009584 -0.323385 0.001978 0.999998 0.000942 -0.164986 0.009582 -0.000961 0.999954 16.498815
0.999961 -0.001535 -0.008709 -0.336533 0.001544 0.999998 0.000957 -0.170403 0.008708 -0.000971 0.999962 17.180012
0.999969 -0.001092 -0.007760 -0.349752 0.001099 0.999999 0.000970 -0.175860 0.007759 -0.000978 0.999969 17.873933
0.999977 -0.000638 -0.006733 -0.363006 0.000644 0.999999 0.000979 -0.181354 0.006733 -0.000984 0.999977 18.580425
0.999984 -0.000173 -0.005625 -0.376257 0.000179 0.999999 0.000986 -0.186887 0.005625 -0.000987 0.999984 19.299331
0.999990 0.000301 -0.004433 -0.389462 -0.000296 0.999999 0.000989 -0.192456 0.004433 -0.000988 0.999990 20.030480
0.999995 0.000785 -0.003151 -0.402576 -0.000782 0.999999 0.000989 -0.198063 0.003152 -0.000987 0.999995 20.773695
0.999998 0.001278 -0.001778 -0.415548 -0.001277 0.999999 0.000986 -0.203707 0.001779 -0.000983 0.999998 21.528788
0.999998 0.001905 -0.000179 -0.426217 -0.001905 0.999998 0.000990 -0.207654 0.000181 -0.000989 0.999999 22.168742
0.999996 0.002552 0.001554 -0.436464 -0.002554 0.999996 0.000990 -0.211540 -0.001551 -0.000994 0.999998 22.811403
0.999989 0.003221 0.003429 -0.446217 -0.003224 0.999994 0.000986 -0.215363 -0.003426 -0.000997 0.999994 23.456220
0.999977 0.003910 0.005454 -0.455401 -0.003916 0.999992 0.000976 -0.219122 -0.005451 -0.000998 0.999985 24.102646
0.999960 0.004621 0.007637 -0.463936 -0.004629 0.999989 0.000961 -0.222818 -0.007633 -0.000997 0.999970 24.750136
0.999936 0.005353 0.009986 -0.471735 -0.005363 0.999985 0.000940 -0.226451 -0.009981 -0.000993 0.999950 25.398146
0.999903 0.006106 0.012507 -0.478710 -0.006118 0.999981 0.000911 -0.230022 -0.012502 -0.000988 0.999921 26.046133
0.999861 0.006880 0.015210 -0.484767 -0.006894 0.999976 0.000875 -0.233533 -0.015204 -0.000980 0.999884 26.693560
0.999807 0.007674 0.018102 -0.489807 -0.007690 0.999970 0.000830 -0.236988 -0.018095 -0.000969 0.999836 27.339889
0.999739 0.008487 0.021191 -0.493728 -0.008506 0.999964 0.000775 -0.240389 -0.021184 -0.000955 0.999775 27.984589
0.999657 0.009320 0.024487 -0.496423 -0.009341 0.999956 0.000710 -0.243742 -0.024479 -0.000938 0.999700 28.627129
0.999556 0.010172 0.027996 -0.497779 -0.010194 0.999948 0.000633 -0.247052 -0.027989 -0.000918 0.999608 29.266986
0.999435 0.011043 0.031730 -0.497682 -0.011065 0.999939 0.000544 -0.250323 -0.031722 -0.000895 0.999496 29.903640
0.999291 0.011931 0.035696 -0.496010 -0.011955 0.999928 0.000442 -0.253561 -0.035688 -0.000869 0.999363 30.536575
0.999121 0.012838 0.039904 -0.492638 -0.012861 0.999917 0.000326 -0.256773 -0.039897 -0.000839 0.999203 31.165282
0.998921 0.013762 0.044366 -0.487438 -0.013784 0.999905 0.000196 -0.259965 -0.044359 -0.000807 0.999015 31.789258
0.998686 0.014704 0.049090 -0.480276 -0.014724 0.999892 0.000048 -0.263147 -0.049084 -0.000771 0.998794 32.408006
0.998413 0.015663 0.054089 -0.471014 -0.015680 0.999877 -0.000116 -0.266326 -0.054084 -0.000732 0.998536 33.021037
0.998097 0.016639 0.059373 -0.459509 -0.016650 0.999861 -0.000299 -0.269511 -0.059370 -0.000690 0.998236 33.627868
0.997732 0.017631 0.064956 -0.445612 -0.017636 0.999844 -0.000503 -0.272712 -0.064955 -0.000644 0.997888 34.228026
0.997313 0.018640 0.070850 -0.429174 -0.018635 0.999826 -0.000727 -0.275938 -0.070851 -0.000595 0.997487 34.821043
0.996832 0.019665 0.077067 -0.410037 -0.019648 0.999806 -0.000974 -0.279200 -0.077072 -0.000543 0.997025 35.406461
0.996282 0.020707 0.083623 -0.388041 -0.020675 0.999785 -0.001245 -0.282508 -0.083631 -0.000489 0.996497 35.983830
0.995656 0.021765 0.090532 -0.363021 -0.021715 0.999763 -0.001541 -0.285871 -0.090544 -0.000431 0.995892 36.552707
0.994943 0.022840 0.097809 -0.334808 -0.022767 0.999739 -0.001864 -0.289303 -0.097826 -0.000372 0.995203 37.112656
0.994134 0.023932 0.105470 -0.303228 -0.023832 0.999714 -0.002216 -0.292812 -0.105493 -0.000310 0.994420 37.663251
0.993222 0.025034 0.113507 -0.268135 -0.024900 0.999687 -0.002598 -0.296453 -0.113536 -0.000246 0.993534 38.206333
0.992194 0.026144 0.121929 -0.229351 -0.025971 0.999658 -0.003010 -0.300239 -0.121966 -0.000180 0.992534 38.741676
0.991041 0.027263 0.130749 -0.186694 -0.027043 0.999628 -0.003455 -0.304184 -0.130795 -0.000112 0.991409 39.269068
0.989748 0.028388 0.139977 -0.139977 -0.028114 0.999597 -0.003933 -0.308304 -0.140032 -0.000043 0.990147 39.788313
0.988303 0.029520 0.149622 -0.089013 -0.029183 0.999564 -0.004447 -0.312613 -0.149688 0.000028 0.988733 40.299228
0.986690 0.030657 0.159695 -0.033608 -0.030247 0.999530 -0.004997 -0.317126 -0.159773 0.000100 0.987154 40.801646
0.984896 0.031797 0.170205 0.026432 -0.031304 0.999494 -0.005584 -0.321859 -0.170297 0.000172 0.985393 41.295412
0.982902 0.032941 0.181161 0.091304 -0.032351 0.999457 -0.006212 -0.326826 -0.181267 0.000245 0.983434 41.780386
0.980691 0.034087 0.192571 0.161209 -0.033387 0.999419 -0.006880 -0.332043 -0.192693 0.000318 0.981259 42.256439
0.978245 0.035233 0.204441 0.236348 -0.034408 0.999379 -0.007591 -0.337526 -0.204581 0.000391 0.978849 42.723459
0.975543 0.036379 0.216777 0.316925 -0.035412 0.999338 -0.008345 -0.343291 -0.216937 0.000465 0.976185 43.181345
0.972565 0.037523 0.229584 0.403144 -0.036396 0.999296 -0.009145 -0.349354 -0.229766 0.000538 0.973246 43.630012
0.969289 0.038664 0.242865 0.495211 -0.037356 0.999252 -0.009991 -0.355731 -0.243070 0.000612 0.970009 44.069385
0.965693 0.039801 0.256620 0.593333 -0.038290 0.999207 -0.010884 -0.362438 -0.256849 0.000685 0.966451 44.499404
0.961752 0.040931 0.270848 0.697716 -0.039193 0.999162 -0.011825 -0.369492 -0.271104 0.000757 0.962550 44.920020
0.957442 0.042053 0.285545 0.808566 -0.040062 0.999115 -0.012814 -0.376910 -0.285831 0.000829 0.958280 45.331197
0.952739 0.043164 0.300706 0.926088 -0.040892 0.999068 -0.013852 -0.384708 -0.301024 0.000901 0.953616 45.732912
0.947618 0.044264 0.316323 1.050486 -0.041678 0.999019 -0.014938 -0.392903 -0.316674 0.000972 0.948534 46.125151
0.942054 0.045349 0.332382 1.181959 -0.042418 0.998971 -0.016074 -0.401511 -0.332769 0.001044 0.943008 46.507916
0.936021 0.046418 0.348870 1.320705 -0.043105 0.998921 -0.017258 -0.410549 -0.349295 0.001116 0.937012 46.881218
0.929495 0.047469 0.365767 1.466917 -0.043736 0.998872 -0.018490 -0.420034 -0.366232 0.001189 0.930523 47.245080
0.922453 0.048499 0.383051 1.620784 -0.044306 0.998822 -0.019769 -0.429985 -0.383559 0.001264 0.923516 47.599538
0.914873 0.049507 0.400696 1.782492 -0.044809 0.998773 -0.021092 -0.440417 -0.401249 0.001342 0.915968 47.944641
0.906733 0.050491 0.418672 1.952220 -0.045243 0.998724 -0.022460 -0.451348 -0.419272 0.001423 0.907860 48.280446
0.898016 0.051448 0.436945 2.130142 -0.045601 0.998675 -0.023869 -0.462795 -0.437594 0.001509 0.899172 48.607028
0.888706 0.052376 0.455477 2.316427 -0.045879 0.998626 -0.025317 -0.474775 -0.456177 0.001602 0.889888 48.924472
0.878787 0.053275 0.474230 2.511237 -0.046074 0.998578 -0.026801 -0.487303 -0.474984 0.001703 0.879993 49.232877
0.868250 0.054142 0.493165 2.714729 -0.046182 0.998532 -0.028319 -0.500395 -0.493974 0.001812 0.869475 49.532348
0.857084 0.054979 0.512235 2.927052 -0.046200 0.998486 -0.029865 -0.514067 -0.513102 0.001932 0.858326 49.822996
0.845285 0.055783 0.531396 3.148349 -0.046126 0.998441 -0.031438 -0.528334 -0.532321 0.002062 0.846540 50.104937
0.832852 0.056554 0.550599 3.378756 -0.045959 0.998397 -0.033030 -0.543209 -0.551584 0.002204 0.834116 50.378294
0.819789 0.057293 0.569793 3.618401 -0.045696 0.998355 -0.034639 -0.558705 -0.570840 0.002359 0.821058 50.643194
0.806104 0.057999 0.588925 3.867408 -0.045338 0.998313 -0.036258 -0.574835 -0.590035 0.002527 0.807374 50.899769
0.791809 0.058672 0.607944 4.125889 -0.044884 0.998274 -0.037883 -0.591610 -0.609117 0.002709 0.793076 51.148157
0.776923 0.059314 0.626796 4.393952 -0.044335 0.998235 -0.039509 -0.609041 -0.628033 0.002906 0.778181 51.388499
0.761467 0.059925 0.645428 4.671695 -0.043693 0.998198 -0.041129 -0.627137 -0.646729 0.003118 0.762713 51.620940
0.745470 0.060505 0.663787 4.959211 -0.042959 0.998162 -0.042739 -0.645907 -0.665153 0.003345 0.746699 51.845632
0.728964 0.061056 0.681824 5.256582 -0.042134 0.998128 -0.044333 -0.665360 -0.683255 0.003589 0.730171 52.062725
0.711984 0.061579 0.699490 5.563885 -0.041223 0.998095 -0.045906 -0.685504 -0.700984 0.003849 0.713166 52.272376
0.694573 0.062074 0.716739 5.881185 -0.040229 0.998063 -0.047453 -0.706344 -0.718296 0.004126 0.695725 52.474744
0.676775 0.062542 0.733529 6.208542 -0.039155 0.998033 -0.048968 -0.727886 -0.735148 0.004419 0.677892 52.669990
0.658637 0.062985 0.749820 6.546005 -0.038007 0.998003 -0.050448 -0.750135 -0.751500 0.004729 0.659716 52.858276
0.640211 0.063404 0.765578 6.893616 -0.036788 0.997975 -0.051887 -0.773094 -0.767318 0.005054 0.641247 53.039767
0.621549 0.063801 0.780773 7.251404 -0.035505 0.997948 -0.053283 -0.796769 -0.782570 0.005396 0.622539 53.214626
0.602705 0.064177 0.795379 7.619391 -0.034163 0.997922 -0.054633 -0.821160 -0.797233 0.005754 0.603645 53.383021
0.583734 0.064534 0.809376 7.997590 -0.032768 0.997897 -0.055933 -0.846271 -0.811283 0.006128 0.584621 53.545118
0.564692 0.064874 0.822748 8.386003 -0.031326 0.997872 -0.057181 -0.872104 -0.824707 0.006517 0.565523 53.701086
0.545633 0.065196 0.835484 8.784622 -0.029842 0.997848 -0.058377 -0.898659 -0.837493 0.006920 0.546405 53.851093
0.526612 0.065503 0.847579 9.193430 -0.028323 0.997825 -0.059517 -0.925938 -0.849634 0.007337 0.527322 53.995310
0.507679 0.065796 0.859030 9.612398 -0.026774 0.997803 -0.060602 -0.953940 -0.861130 0.007767 0.508326 54.133907
0.488887 0.066077 0.869841 10.041487 -0.025201 0.997781 -0.061631 -0.982665 -0.871983 0.008209 0.489467 54.267056
0.470283 0.066345 0.880018 10.480650 -0.023611 0.997759 -0.062604 -1.012112 -0.882200 0.008664 0.470795 54.394927
0.451911 0.066603 0.889573 10.929828 -0.022008 0.997738 -0.063521 -1.042279 -0.891791 0.009129 0.452355 54.517694
0.433816 0.066852 0.898518 11.388952 -0.020398 0.997717 -0.064384 -1.073164 -0.900771 0.009603 0.434189 54.635529
0.416035 0.067091 0.906870 11.857945 -0.018786 0.997696 -0.065192 -1.104762 -0.909154 0.010086 0.416337 54.748605
0.398606 0.067323 0.914648 12.336717 -0.017177 0.997675 -0.065949 -1.137071 -0.916961 0.010576 0.398835 54.857097
0.381560 0.067549 0.921873 12.825172 -0.015577 0.997654 -0.066655 -1.170085 -0.924213 0.011073 0.381717 54.961179
0.364928 0.067770 0.928566 13.323201 -0.013989 0.997634 -0.067313 -1.203800 -0.930931 0.011575 0.365012 55.061027
0.348735 0.067985 0.934752 13.830688 -0.012418 0.997613 -0.067924 -1.238208 -0.937139 0.012080 0.348747 55.156816
0.333004 0.068197 0.940456 14.347508 -0.010867 0.997592 -0.068492 -1.273305 -0.942863 0.012588 0.332944 55.248722
0.317756 0.068405 0.945702 14.873526 -0.009341 0.997572 -0.069018 -1.309081 -0.948127 0.013097 0.317623 55.336919
0.303007 0.068610 0.950515 15.408601 -0.007842 0.997551 -0.069505 -1.345530 -0.952956 0.013607 0.302803 55.421583
0.288771 0.068813 0.954922 15.952579 -0.006373 0.997530 -0.069956 -1.382642 -0.957377 0.014115 0.288496 55.502888
0.275060 0.069014 0.958947 16.505303 -0.004938 0.997509 -0.070373 -1.420408 -0.961414 0.014621 0.274715 55.581011
0.261882 0.069214 0.962615 17.066606 -0.003540 0.997487 -0.070759 -1.458818 -0.965094 0.015123 0.261469 55.656127
0.249243 0.069415 0.965950 17.636312 -0.002180 0.997466 -0.071117 -1.497862 -0.968438 0.015620 0.248763 55.728412
0.237149 0.069616 0.968976 18.214241 -0.000861 0.997444 -0.071450 -1.537529 -0.971473 0.016110 0.236603 55.798043
0.225601 0.069818 0.971715 18.800206 0.000414 0.997422 -0.071761 -1.577809 -0.974220 0.016591 0.224990 55.865195
0.214599 0.070021 0.974189 19.394014 0.001643 0.997400 -0.072052 -1.618692 -0.976701 0.017063 0.213926 55.930045
0.204142 0.070227 0.976419 19.995468 0.002825 0.997377 -0.072325 -1.660164 -0.978937 0.017523 0.203408 55.992767
0.194226 0.070435 0.978425 20.604365 0.003958 0.997354 -0.072584 -1.702213 -0.980949 0.017971 0.193434 56.053536
0.184848 0.070646 0.980225 21.220499 0.005042 0.997332 -0.072830 -1.744827 -0.982754 0.018404 0.183998 56.112527
0.176000 0.070860 0.981837 21.843659 0.006074 0.997309 -0.073065 -1.787992 -0.984371 0.018823 0.175096 56.169912
0.167675 0.071077 0.983277 22.473632 0.007054 0.997286 -0.073293 -1.831694 -0.985817 0.019225 0.166718 56.225861
0.159864 0.071298 0.984561 23.110202 0.007980 0.997262 -0.073513 -1.875918 -0.987107 0.019609 0.158857 56.280542
0.152558 0.071521 0.985703 23.753147 0.008853 0.997239 -0.073729 -1.920649 -0.988255 0.019974 0.151503 56.334123
0.145745 0.071748 0.986717 24.402247 0.009671 0.997216 -0.073940 -1.965874 -0.989275 0.020319 0.144646 56.386764
0.139415 0.071978 0.987615 25.057277 0.010434 0.997193 -0.074149 -2.011576 -0.990179 0.020643 0.138273 56.438623
0.133555 0.072211 0.988407 25.718012 0.011143 0.997169 -0.074357 -2.057742 -0.990979 0.020945 0.132373 56.489855
0.128153 0.072447 0.989105 26.384223 0.011798 0.997146 -0.074565 -2.104354 -0.991684 0.021225 0.126933 56.540609
0.123195 0.072685 0.989717 27.055683 0.012399 0.997124 -0.074773 -2.151398 -0.992305 0.021483 0.121940 56.591031
0.118669 0.072926 0.990252 27.732159 0.012947 0.997101 -0.074982 -2.198859 -0.992849 0.021719 0.117381 56.641261
0.114560 0.073170 0.990718 28.413421 0.013443 0.997078 -0.075194 -2.246722 -0.993325 0.021933 0.113242 56.691435
0.110857 0.073415 0.991121 29.099236 0.013888 0.997056 -0.075408 -2.294972 -0.993739 0.022124 0.109511 56.741685
0.107544 0.073661 0.991468 29.789372 0.014282 0.997034 -0.075624 -2.343595 -0.994098 0.022293 0.106173 56.792138
0.104609 0.073909 0.991763 30.483595 0.014627 0.997013 -0.075843 -2.392575 -0.994406 0.022441 0.103215 56.842916
0.102038 0.074156 0.992013 31.181671 0.014924 0.996991 -0.076063 -2.441898 -0.994669 0.022567 0.100625 56.894137
0.099819 0.074404 0.992220 31.883368 0.015174 0.996970 -0.076287 -2.491549 -0.994890 0.022671 0.098388 56.945914
0.097939 0.074652 0.992389 32.588451 0.015378 0.996950 -0.076512 -2.541513 -0.995074 0.022755 0.096492 56.998355
0.096384 0.074899 0.992522 33.296689 0.015538 0.996930 -0.076740 -2.591776 -0.995223 0.022818 0.094924 57.051564
0.095142 0.075147 0.992623 34.007850 0.015653 0.996910 -0.076971 -2.642324 -0.995341 0.022861 0.093671 57.105638
0.094200 0.075394 0.992694 34.721702 0.015726 0.996891 -0.077205 -2.693142 -0.995429 0.022884 0.092722 57.160673
0.093547 0.075641 0.992737 35.438017 0.015758 0.996872 -0.077441 -2.744217 -0.995490 0.022888 0.092062 57.216758
0.093170 0.075888 0.992754 36.156570 0.015749 0.996854 -0.077680 -2.795533 -0.995526 0.022872 0.091682 57.273980
0.093057 0.076134 0.992746 36.877139 0.015701 0.996836 -0.077919 -2.847077 -0.995537 0.022838 0.091567 57.332418
0.093197 0.076378 0.992714 37.599504 0.015615 0.996819 -0.078160 -2.898836 -0.995525 0.022786 0.091708 57.392152
0.093579 0.076620 0.992659 38.323449 0.015493 0.996802 -0.078401 -2.950793 -0.995491 0.022715 0.092093 57.453252
0.094191 0.076861 0.992583 39.048764 0.015334 0.996785 -0.078641 -3.002936 -0.995436 0.022628 0.092709 57.515789
0.095022 0.077099 0.992485 39.775243 0.015142 0.996769 -0.078882 -3.055248 -0.995360 0.022524 0.093547 57.579827
0.096061 0.077335 0.992367 40.502685 0.014917 0.996753 -0.079121 -3.107716 -0.995264 0.022403 0.094595 57.645429
0.097298 0.077568 0.992228 41.230893 0.014660 0.996738 -0.079359 -3.160326 -0.995147 0.022268 0.095843 57.712650
0.098722 0.077799 0.992069 41.959677 0.014374 0.996724 -0.079595 -3.213062 -0.995011 0.022118 0.097280 57.781546
0.100323 0.078028 0.991891 42.688852 0.014059 0.996709 -0.079829 -3.265913 -0.994856 0.021954 0.098895 57.852167
0.102090 0.078254 0.991692 43.418240 0.013718 0.996696 -0.080061 -3.318863 -0.994681 0.021778 0.100679 57.924559
0.104015 0.078478 0.991475 44.147666 0.013353 0.996682 -0.080291 -3.371901 -0.994486 0.021590 0.102622 57.998767
0.106087 0.078699 0.991238 44.876963 0.012964 0.996669 -0.080518 -3.425015 -0.994272 0.021392 0.104713 58.074833
0.108296 0.078917 0.990981 45.605971 0.012554 0.996656 -0.080741 -3.478193 -0.994039 0.021185 0.106943 58.152793
0.110634 0.079132 0.990706 46.334534 0.012125 0.996644 -0.080960 -3.531424 -0.993787 0.020969 0.109304 58.232682
0.113092 0.079343 0.990412 47.062503 0.011677 0.996632 -0.081174 -3.584699 -0.993516 0.020746 0.111784 58.314534
0.115660 0.079550 0.990098 47.789735 0.011214 0.996620 -0.081384 -3.638006 -0.993226 0.020516 0.114377 58.398379
0.118330 0.079754 0.989766 48.516094 0.010736 0.996608 -0.081589 -3.691337 -0.992916 0.020281 0.117072 58.484244
0.121094 0.079954 0.989416 49.241449 0.010246 0.996597 -0.081789 -3.744683 -0.992588 0.020042 0.119862 58.572156
0.123944 0.080150 0.989047 49.965676 0.009745 0.996586 -0.081982 -3.798037 -0.992241 0.019800 0.122739 58.662140
0.126872 0.080342 0.988660 50.688659 0.009236 0.996576 -0.082170 -3.851391 -0.991876 0.019556 0.125695 58.754217
0.129872 0.080529 0.988255 51.410285 0.008720 0.996565 -0.082352 -3.904738 -0.991492 0.019312 0.128723 58.848407
0.132936 0.080710 0.987833 52.130450 0.008199 0.996555 -0.082526 -3.958071 -0.991091 0.019070 0.131816 58.944729
0.136059 0.080886 0.987393 52.849058 0.007675 0.996546 -0.082693 -4.011382 -0.990671 0.018829 0.134968 59.043198
0.139235 0.081055 0.986937 53.566015 0.007151 0.996536 -0.082852 -4.064666 -0.990234 0.018593 0.138173 59.143829
0.142458 0.081217 0.986463 54.281237 0.006627 0.996527 -0.083003 -4.117915 -0.989779 0.018362 0.141425 59.246636
0.145723 0.081373 0.985973 54.994645 0.006107 0.996519 -0.083146 -4.171123 -0.989307 0.018138 0.144719 59.351631
0.149027 0.081521 0.985467 55.706165 0.005591 0.996510 -0.083280 -4.224285 -0.988817 0.017921 0.148051 59.458825
0.152366 0.081661 0.984945 56.415733 0.005082 0.996503 -0.083406 -4.277394 -0.988311 0.017714 0.151418 59.568231
0.155736 0.081794 0.984406 57.123288 0.004580 0.996495 -0.083522 -4.330445 -0.987788 0.017516 0.154816 59.679857
0.159135 0.081917 0.983852 57.828776 0.004087 0.996488 -0.083630 -4.383435 -0.987248 0.017329 0.158242 59.793714
0.162561 0.082032 0.983283 58.532150 0.003604 0.996482 -0.083729 -4.436359 -0.986692 0.017155 0.161693 59.909812
0.166012 0.082137 0.982697 59.233366 0.003133 0.996476 -0.083818 -4.489212 -0.986119 0.016993 0.165170 60.028161
0.169487 0.082233 0.982096 59.932390 0.002674 0.996471 -0.083898 -4.541992 -0.985529 0.016846 0.168669 60.148772
0.172986 0.082319 0.981478 60.629189 0.002229 0.996466 -0.083969 -4.594694 -0.984922 0.016713 0.172191 60.271656
0.176508 0.082396 0.980844 61.323739 0.001797 0.996462 -0.084031 -4.647315 -0.984298 0.016595 0.175736 60.396826
0.180054 0.082462 0.980194 62.016018 0.001380 0.996458 -0.084084 -4.699852 -0.983656 0.016492 0.179302 60.524294
0.183622 0.082519 0.979527 62.706014 0.000978 0.996454 -0.084129 -4.752304 -0.982996 0.016406 0.182891 60.654075
0.187215 0.082566 0.978843 63.393715 0.000591 0.996452 -0.084165 -4.804667 -0.982319 0.016336 0.186502 60.786182
0.190833 0.082604 0.978141 64.079117 0.000220 0.996449 -0.084193 -4.856939 -0.981623 0.016282 0.190137 60.920631
0.194475 0.082632 0.977421 64.762220 -0.000136 0.996448 -0.084214 -4.909118 -0.980907 0.016245 0.193796 61.057438
0.198144 0.082651 0.976682 65.443027 -0.000476 0.996446 -0.084228 -4.961203 -0.980173 0.016225 0.197479 61.196622
0.201840 0.082663 0.975924 66.121549 -0.000800 0.996446 -0.084236 -5.013193 -0.979418 0.016222 0.201188 61.338200
0.205564 0.082666 0.975146 66.797798 -0.001108 0.996445 -0.084238 -5.065087 -0.978643 0.016236 0.204924 61.482192
0.209317 0.082662 0.974348 67.471791 -0.001400 0.996445 -0.084236 -5.116885 -0.977847 0.016268 0.208688 61.628619
0.213100 0.082650 0.973528 68.143552 -0.001677 0.996445 -0.084228 -5.168588 -0.977029 0.016317 0.212481 61.777503
0.216915 0.082630 0.972687 68.813105 -0.001937 0.996446 -0.084216 -5.220197 -0.976189 0.016383 0.216304 61.928867
0.220762 0.082603 0.971824 69.480481 -0.002182 0.996447 -0.084200 -5.271714 -0.975325 0.016467 0.220157 62.082735
0.224642 0.082567 0.970937 70.145711 -0.002412 0.996448 -0.084178 -5.323140 -0.974438 0.016568 0.224043 62.239133
0.228557 0.082523 0.970027 70.808831 -0.002625 0.996449 -0.084152 -5.374477 -0.973527 0.016687 0.227962 62.398087
0.232507 0.082472 0.969092 71.469877 -0.002824 0.996451 -0.084123 -5.425729 -0.972591 0.016823 0.231915 62.559625
0.236494 0.082413 0.968132 72.128889 -0.003007 0.996454 -0.084089 -5.476897 -0.971628 0.016976 0.235903 62.723775
0.240518 0.082348 0.967145 72.785903 -0.003175 0.996456 -0.084054 -5.527985 -0.970640 0.017146 0.239927 62.890566
0.244579 0.082276 0.966132 73.440961 -0.003329 0.996459 -0.084016 -5.578998 -0.969624 0.017332 0.243987 63.060029
0.248679 0.082199 0.965092 74.094103 -0.003470 0.996462 -0.083977 -5.629942 -0.968580 0.017535 0.248084 63.232193
0.252818 0.082118 0.964023 74.745368 -0.003597 0.996464 -0.083938 -5.680821 -0.967507 0.017753 0.252220 63.407091
0.256997 0.082032 0.962924 75.394795 -0.003713 0.996467 -0.083899 -5.731644 -0.966405 0.017986 0.256394 63.584753
0.261216 0.081943 0.961796 76.042421 -0.003819 0.996470 -0.083860 -5.782417 -0.965273 0.018233 0.260607 63.765212
0.265475 0.081852 0.960637 76.688286 -0.003915 0.996473 -0.083823 -5.833147 -0.964110 0.018492 0.264859 63.948500
0.269775 0.081757 0.959446 77.332426 -0.004004 0.996476 -0.083787 -5.883840 -0.962915 0.018762 0.269152 64.134651
0.274116 0.081661 0.958223 77.974877 -0.004086 0.996478 -0.083752 -5.934505 -0.961688 0.019042 0.273485 64.323698
0.278498 0.081563 0.956967 78.615674 -0.004164 0.996481 -0.083719 -5.985146 -0.960428 0.019331 0.277858 64.515672
0.282921 0.081464 0.955677 79.254851 -0.004238 0.996483 -0.083688 -6.035772 -0.959134 0.019627 0.282272 64.710606
0.287385 0.081364 0.954353 79.892442 -0.004309 0.996485 -0.083658 -6.086386 -0.957805 0.019930 0.286726 64.908534
0.291890 0.081264 0.952993 80.528481 -0.004379 0.996487 -0.083631 -6.136996 -0.956442 0.020238 0.291221 65.109487
0.296436 0.081163 0.951598 81.162999 -0.004447 0.996489 -0.083607 -6.187605 -0.955042 0.020552 0.295756 65.313498
0.301021 0.081063 0.950166 81.796029 -0.004517 0.996491 -0.083584 -6.238217 -0.953607 0.020869 0.300331 65.520599
0.305647 0.080962 0.948697 82.427602 -0.004587 0.996492 -0.083563 -6.288838 -0.952134 0.021189 0.304946 65.730823
0.310311 0.080862 0.947190 83.057747 -0.004659 0.996493 -0.083545 -6.339468 -0.950624 0.021511 0.309600 65.944202
0.315014 0.080763 0.945644 83.686494 -0.004735 0.996494 -0.083528 -6.390111 -0.949075 0.021835 0.314293 66.160769
0.319755 0.080665 0.944060 84.313872 -0.004816 0.996495 -0.083514 -6.440770 -0.947488 0.022158 0.319023 66.380556
0.324533 0.080568 0.942437 84.939910 -0.004902 0.996496 -0.083502 -6.491445 -0.945862 0.022480 0.323791 66.603596
0.329346 0.080474 0.940774 85.564634 -0.004994 0.996496 -0.083492 -6.542140 -0.944196 0.022800 0.328594 66.829923
0.334194 0.080382 0.939070 86.188071 -0.005094 0.996496 -0.083485 -6.592855 -0.942491 0.023116 0.333433 67.059571
0.339075 0.080294 0.937327 86.810248 -0.005203 0.996496 -0.083480 -6.643593 -0.940745 0.023429 0.338305 67.292573
0.343988 0.080208 0.935542 87.431190 -0.005322 0.996496 -0.083477 -6.694356 -0.938959 0.023736 0.343210 67.528964
0.348932 0.080126 0.933716 88.050921 -0.005451 0.996495 -0.083476 -6.745144 -0.937132 0.024037 0.348146 67.768779
0.353905 0.080047 0.931850 88.669466 -0.005592 0.996494 -0.083477 -6.795959 -0.935265 0.024332 0.353112 68.012051
0.358906 0.079973 0.929941 89.286845 -0.005744 0.996493 -0.083480 -6.846803 -0.933356 0.024620 0.358106 68.258817
0.363932 0.079903 0.927992 89.903083 -0.005909 0.996492 -0.083484 -6.897676 -0.931407 0.024900 0.363128 68.509111
0.368984 0.079839 0.926000 90.518200 -0.006087 0.996490 -0.083491 -6.948579 -0.929416 0.025171 0.368174 68.762971
0.374057 0.079779 0.923968 91.132217 -0.006278 0.996488 -0.083499 -6.999514 -0.927384 0.025432 0.373245 69.020432
0.379152 0.079725 0.921894 91.745155 -0.006485 0.996486 -0.083509 -7.050482 -0.925312 0.025684 0.378337 69.281534
0.384265 0.079677 0.919778 92.357034 -0.006706 0.996483 -0.083521 -7.101484 -0.923198 0.025926 0.383448 69.546313
0.389396 0.079636 0.917621 92.967875 -0.006942 0.996481 -0.083534 -7.152522 -0.921044 0.026158 0.388578 69.814809
0.394541 0.079600 0.915424 93.577699 -0.007194 0.996478 -0.083548 -7.203598 -0.918850 0.026378 0.393724 70.087060
0.399700 0.079571 0.913186 94.186527 -0.007461 0.996475 -0.083563 -7.254712 -0.916616 0.026587 0.398884 70.363109
0.404870 0.079548 0.910908 94.794379 -0.007744 0.996471 -0.083578 -7.305867 -0.914342 0.026784 0.404057 70.642996
0.410048 0.079531 0.908590 95.401278 -0.008044 0.996468 -0.083593 -7.357063 -0.912028 0.026968 0.409240 70.926763
0.415235 0.079519 0.906232 96.007246 -0.008359 0.996464 -0.083606 -7.408301 -0.909676 0.027141 0.414431 71.214455
0.420426 0.079513 0.903836 96.612308 -0.008691 0.996460 -0.083618 -7.459581 -0.907285 0.027300 0.419629 71.506115
0.425621 0.079510 0.901401 97.216487 -0.009039 0.996456 -0.083627 -7.510904 -0.904856 0.027446 0.424832 71.801788
0.430818 0.079512 0.898929 97.819810 -0.009402 0.996452 -0.083632 -7.562270 -0.902390 0.027578 0.430037 72.101521
0.436014 0.079516 0.896420 98.422300 -0.009781 0.996449 -0.083632 -7.613678 -0.899887 0.027697 0.435244 72.405360
0.441208 0.079524 0.893874 99.023986 -0.010176 0.996445 -0.083627 -7.665126 -0.897347 0.027801 0.440449 72.713352
0.446398 0.079536 0.891293 99.624893 -0.010585 0.996442 -0.083617 -7.716613 -0.894772 0.027892 0.445651 73.025544
0.451582 0.079550 0.888676 100.225050 -0.011009 0.996438 -0.083602 -7.768138 -0.892162 0.027970 0.450849 73.341985
0.456758 0.079567 0.886026 100.824485 -0.011447 0.996435 -0.083581 -7.819699 -0.889517 0.028034 0.456041 73.662725
0.461924 0.079586 0.883341 101.423228 -0.011898 0.996432 -0.083554 -7.871294 -0.886840 0.028085 0.461223 73.987810
0.467079 0.079609 0.880624 102.021311 -0.012363 0.996429 -0.083520 -7.922920 -0.884129 0.028123 0.466396 74.317291
0.472221 0.079633 0.877876 102.618766 -0.012841 0.996427 -0.083480 -7.974576 -0.881387 0.028148 0.471556 74.651218
0.477347 0.079659 0.875097 103.215628 -0.013330 0.996424 -0.083432 -8.026259 -0.878614 0.028161 0.476702 74.989640
0.482457 0.079685 0.872288 103.811934 -0.013830 0.996422 -0.083376 -8.077966 -0.875811 0.028161 0.481833 75.332606
0.487548 0.079711 0.869450 104.407721 -0.014340 0.996420 -0.083311 -8.129693 -0.872979 0.028150 0.486945 75.680165
0.492618 0.079736 0.866585 105.003030 -0.014859 0.996419 -0.083236 -8.181436 -0.870119 0.028127 0.492039 76.032365
0.497665 0.079759 0.863694 105.597905 -0.015385 0.996418 -0.083150 -8.233189 -0.867233 0.028093 0.497110 76.389255
0.502688 0.079777 0.860779 106.192390 -0.015916 0.996418 -0.083054 -8.284948 -0.864321 0.028050 0.502157 76.750882
0.507685 0.079791 0.857840 106.786534 -0.016450 0.996418 -0.082946 -8.336706 -0.861386 0.027999 0.507179 77.117290
0.512652 0.079800 0.854880 107.380387 -0.016985 0.996419 -0.082826 -8.388457 -0.858428 0.027940 0.512172 77.488525
0.517589 0.079801 0.851900 107.974000 -0.017520 0.996421 -0.082694 -8.440196 -0.855450 0.027876 0.517135 77.864629
0.522493 0.079794 0.848902 108.567428 -0.018052 0.996423 -0.082549 -8.491918 -0.852453 0.027807 0.522065 78.245644
0.527362 0.079779 0.845887 109.160725 -0.018580 0.996427 -0.082393 -8.543616 -0.849438 0.027735 0.526960 78.631611
0.532194 0.079754 0.842858 109.753948 -0.019102 0.996431 -0.082225 -8.595287 -0.846407 0.027659 0.531818 79.022570
0.536986 0.079720 0.839816 110.347152 -0.019617 0.996436 -0.082044 -8.646926 -0.843363 0.027582 0.536636 79.418557
0.541737 0.079677 0.836763 110.940396 -0.020125 0.996441 -0.081852 -8.698528 -0.840307 0.027503 0.541413 79.819609
0.546445 0.079624 0.833702 111.533737 -0.020625 0.996448 -0.081649 -8.750092 -0.837241 0.027422 0.546146 80.225759
0.551106 0.079562 0.830634 112.127235 -0.021115 0.996455 -0.081435 -8.801614 -0.834168 0.027341 0.550832 80.637038
0.555719 0.079489 0.827562 112.720948 -0.021595 0.996463 -0.081211 -8.853094 -0.831090 0.027259 0.555470 81.053474
0.560281 0.079406 0.824488 113.314938 -0.022065 0.996472 -0.080975 -8.904529 -0.828009 0.027177 0.560056 81.475092
0.564790 0.079311 0.821415 113.909266 -0.022522 0.996482 -0.080729 -8.955920 -0.824927 0.027095 0.564589 81.901913
0.569243 0.079206 0.818345 114.503992 -0.022967 0.996492 -0.080473 -9.007266 -0.821848 0.027014 0.569066 82.333956
0.573639 0.079090 0.815281 115.099178 -0.023397 0.996504 -0.080208 -9.058568 -0.818774 0.026936 0.573484 82.771233
0.577975 0.078962 0.812226 115.694883 -0.023811 0.996516 -0.079934 -9.109826 -0.815707 0.026860 0.577841 83.213754
0.582247 0.078823 0.809182 116.291169 -0.024210 0.996529 -0.079652 -9.161043 -0.812651 0.026787 0.582134 83.661525
0.586454 0.078672 0.806153 116.888096 -0.024591 0.996542 -0.079363 -9.212219 -0.809609 0.026719 0.586361 84.114546
0.590593 0.078510 0.803141 117.485724 -0.024954 0.996557 -0.079067 -9.263357 -0.806584 0.026655 0.590519 84.572812
0.594661 0.078336 0.800151 118.084114 -0.025299 0.996572 -0.078765 -9.314459 -0.803579 0.026595 0.594604 85.036314
0.598654 0.078151 0.797186 118.683324 -0.025625 0.996588 -0.078456 -9.365528 -0.800598 0.026540 0.598614 85.505039
0.602571 0.077954 0.794249 119.283413 -0.025931 0.996605 -0.078142 -9.416566 -0.797644 0.026490 0.602546 85.978963
0.606407 0.077746 0.791345 119.884438 -0.026218 0.996622 -0.077822 -9.467577 -0.794722 0.026444 0.606397 86.458062
0.610160 0.077526 0.788476 120.486458 -0.026485 0.996641 -0.077498 -9.518562 -0.791835 0.026403 0.610164 86.942302
0.613827 0.077294 0.785648 121.089526 -0.026731 0.996660 -0.077169 -9.569525 -0.788988 0.026367 0.613842 87.431642
0.617404 0.077051 0.782864 121.693698 -0.026956 0.996679 -0.076836 -9.620468 -0.786184 0.026336 0.617431 87.926035
0.620889 0.076797 0.780128 122.299026 -0.027160 0.996700 -0.076500 -9.671394 -0.783428 0.026310 0.620926 88.425429
0.624278 0.076532 0.777444 122.905559 -0.027343 0.996721 -0.076161 -9.722305 -0.780723 0.026288 0.624324 88.929760
0.627569 0.076256 0.774817 123.513347 -0.027505 0.996742 -0.075820 -9.773202 -0.778075 0.026271 0.627622 89.438962
0.630759 0.075970 0.772251 124.122436 -0.027645 0.996764 -0.075477 -9.824087 -0.775486 0.026259 0.630818 89.952958
0.633844 0.075675 0.769750 124.732870 -0.027764 0.996787 -0.075134 -9.874965 -0.772962 0.026252 0.633909 90.471666
0.636823 0.075371 0.767317 125.344690 -0.027861 0.996810 -0.074791 -9.925836 -0.770506 0.026251 0.636892 90.994995
0.639693 0.075060 0.764957 125.957935 -0.027937 0.996833 -0.074450 -9.976705 -0.768123 0.026254 0.639764 91.522846
0.642451 0.074741 0.762673 126.572640 -0.027992 0.996857 -0.074111 -10.027574 -0.765816 0.026264 0.642524 92.055115
0.645095 0.074417 0.760470 127.188838 -0.028026 0.996881 -0.073777 -10.078447 -0.763588 0.026280 0.645168 92.591689
0.647623 0.074087 0.758351 127.806560 -0.028039 0.996905 -0.073447 -10.129328 -0.761445 0.026303 0.647696 93.132450
0.650033 0.073752 0.756319 128.425833 -0.028031 0.996929 -0.073124 -10.180222 -0.759389 0.026332 0.650104 93.677272
0.652323 0.073414 0.754377 129.046683 -0.028003 0.996953 -0.072806 -10.231132 -0.757424 0.026368 0.652391 94.226022
0.654491 0.073072 0.752530 129.669130 -0.027956 0.996977 -0.072495 -10.282063 -0.755553 0.026410 0.654555 94.778564
0.656536 0.072728 0.750780 130.293197 -0.027890 0.997001 -0.072191 -10.333020 -0.753779 0.026457 0.656595 95.334752
0.658456 0.072382 0.749131 130.918899 -0.027805 0.997025 -0.071895 -10.384007 -0.752106 0.026510 0.658509 95.894436
0.660249 0.072035 0.747585 131.546252 -0.027702 0.997048 -0.071606 -10.435029 -0.750536 0.026568 0.660295 96.457462
0.661914 0.071686 0.746144 132.175268 -0.027583 0.997072 -0.071325 -10.486090 -0.749072 0.026631 0.661953 97.023668
0.663451 0.071338 0.744812 132.805955 -0.027447 0.997095 -0.071053 -10.537193 -0.747717 0.026697 0.663481 97.592888
0.664857 0.070990 0.743590 133.438321 -0.027295 0.997118 -0.070789 -10.588343 -0.746472 0.026769 0.664878 98.164952
0.666132 0.070643 0.742480 134.072371 -0.027128 0.997140 -0.070535 -10.639544 -0.745340 0.026844 0.666144 98.739684
0.667276 0.070299 0.741486 134.708106 -0.026946 0.997163 -0.070290 -10.690800 -0.744323 0.026923 0.667277 99.316906
0.668287 0.069959 0.740607 135.345526 -0.026752 0.997184 -0.070056 -10.742117 -0.743423 0.027005 0.668276 99.896434
0.669164 0.069622 0.739846 135.984626 -0.026546 0.997206 -0.069832 -10.793497 -0.742641 0.027089 0.669142 100.478082
0.669907 0.069292 0.739204 136.625400 -0.026329 0.997226 -0.069618 -10.844947 -0.741978 0.027176 0.669874 101.061663
0.670517 0.068969 0.738682 137.267838 -0.026103 0.997246 -0.069416 -10.896471 -0.741435 0.027263 0.670470 101.646986
0.670991 0.068653 0.738280 137.911929 -0.025869 0.997266 -0.069225 -10.948073 -0.741014 0.027351 0.670932 102.233858
0.671330 0.068347 0.738000 138.557658 -0.025629 0.997284 -0.069046 -10.999759 -0.740715 0.027438 0.671259 102.822083
0.671535 0.068051 0.737842 139.205008 -0.025385 0.997302 -0.068878 -11.051531 -0.740538 0.027524 0.671450 103.411466
0.671603 0.067766 0.737805 139.853963 -0.025136 0.997319 -0.068722 -11.103395 -0.740484 0.027609 0.671506 104.001809
0.671537 0.067493 0.737891 140.504502 -0.024884 0.997335 -0.068577 -11.155353 -0.740553 0.027690 0.671427 104.592911
0.671334 0.067230 0.738099 141.156603 -0.024629 0.997351 -0.068443 -11.207411 -0.740745 0.027769 0.671212 105.184572
0.670997 0.066980 0.738429 141.810245 -0.024373 0.997366 -0.068320 -11.259570 -0.741059 0.027845 0.670862 105.776591
0.670524 0.066741 0.738879 142.465401 -0.024114 0.997380 -0.068207 -11.311832 -0.741496 0.027917 0.670377 106.368765
0.669917 0.066515 0.739451 143.122045 -0.023854 0.997393 -0.068106 -11.364200 -0.742053 0.027987 0.669757 106.960891
0.669175 0.066301 0.740141 143.780148 -0.023592 0.997405 -0.068017 -11.416675 -0.742730 0.028054 0.669003 107.552768
0.668299 0.066101 0.740950 144.439679 -0.023330 0.997417 -0.067939 -11.469258 -0.743527 0.028118 0.668115 108.144193
0.667290 0.065915 0.741875 145.100604 -0.023067 0.997427 -0.067873 -11.521951 -0.744441 0.028179 0.667094 108.734966
0.666149 0.065744 0.742916 145.762887 -0.022804 0.997437 -0.067819 -11.574753 -0.745470 0.028236 0.665941 109.324887
0.664875 0.065586 0.744069 146.426493 -0.022543 0.997446 -0.067777 -11.627667 -0.746614 0.028289 0.664656 109.913757
0.663471 0.065444 0.745334 147.091384 -0.022284 0.997454 -0.067744 -11.680691 -0.747870 0.028338 0.663240 110.501380
0.661938 0.065315 0.746707 147.757518 -0.022027 0.997461 -0.067722 -11.733825 -0.749235 0.028380 0.661696 111.087561
0.660276 0.065201 0.748187 148.424856 -0.021773 0.997467 -0.067710 -11.787066 -0.750707 0.028416 0.660024 111.672110
0.658488 0.065102 0.749770 149.093354 -0.021523 0.997473 -0.067707 -11.840413 -0.752283 0.028447 0.658225 112.254836
0.656575 0.065017 0.751453 149.762968 -0.021277 0.997478 -0.067713 -11.893863 -0.753960 0.028470 0.656303 112.835553
0.654539 0.064946 0.753233 150.433653 -0.021034 0.997482 -0.067728 -11.947415 -0.755735 0.028488 0.654257 113.414080
0.652383 0.064891 0.755106 151.105363 -0.020795 0.997485 -0.067753 -12.001064 -0.757604 0.028498 0.652092 113.990238
0.650109 0.064850 0.757069 151.778051 -0.020561 0.997488 -0.067788 -12.054809 -0.759563 0.028503 0.649809 114.563852
0.647718 0.064824 0.759117 152.451671 -0.020331 0.997490 -0.067832 -12.108646 -0.761609 0.028502 0.647410 115.134755
0.645215 0.064813 0.761247 153.126175 -0.020105 0.997490 -0.067886 -12.162574 -0.763737 0.028496 0.644899 115.702781
0.642601 0.064816 0.763454 153.801517 -0.019884 0.997491 -0.067950 -12.216589 -0.765943 0.028485 0.642277 116.267771
0.639880 0.064834 0.765735 154.477651 -0.019666 0.997490 -0.068023 -12.270689 -0.768223 0.028468 0.639549 116.829573
0.637055 0.064866 0.768084 155.154534 -0.019451 0.997488 -0.068107 -12.324873 -0.770573 0.028448 0.636716 117.388040
0.634128 0.064911 0.770499 155.832121 -0.019240 0.997486 -0.068200 -12.379139 -0.772989 0.028423 0.633783 117.943031
0.631103 0.064970 0.772974 156.510369 -0.019032 0.997483 -0.068302 -12.433483 -0.775466 0.028394 0.630751 118.494410
0.627982 0.065043 0.775505 157.189238 -0.018827 0.997479 -0.068414 -12.487905 -0.778000 0.028362 0.627624 119.042048
0.624769 0.065128 0.778089 157.868689 -0.018626 0.997475 -0.068536 -12.542402 -0.780587 0.028327 0.624405 119.585825
0.621467 0.065227 0.780720 158.548684 -0.018428 0.997469 -0.068667 -12.596973 -0.783224 0.028287 0.621096 120.125624
0.618078 0.065338 0.783397 159.229189 -0.018234 0.997463 -0.068806 -12.651615 -0.785905 0.028243 0.617702 120.661337
0.614606 0.065461 0.786113 159.910173 -0.018043 0.997457 -0.068953 -12.706327 -0.788628 0.028195 0.614224 121.192861
0.611054 0.065595 0.788867 160.591605 -0.017856 0.997449 -0.069108 -12.761108 -0.791388 0.028143 0.610666 121.720099
0.607424 0.065742 0.791653 161.273460 -0.017673 0.997441 -0.069271 -12.815954 -0.794181 0.028086 0.607031 122.242962
0.603719 0.065899 0.794469 161.955714 -0.017494 0.997433 -0.069441 -12.870866 -0.797005 0.028025 0.603322 122.761364
0.599942 0.066068 0.797311 162.638347 -0.017317 0.997423 -0.069620 -12.925841 -0.799856 0.027960 0.599540 123.275227
0.596096 0.066248 0.800175 163.321341 -0.017144 0.997413 -0.069806 -12.980878 -0.802730 0.027893 0.595690 123.784479
0.592184 0.066439 0.803059 164.004684 -0.016973 0.997403 -0.070001 -13.035978 -0.805624 0.027823 0.591774 124.289054
0.588209 0.066641 0.805959 164.688364 -0.016805 0.997391 -0.070205 -13.091141 -0.808534 0.027751 0.587794 124.788892
0.584172 0.066854 0.808872 165.372375 -0.016639 0.997379 -0.070418 -13.146367 -0.811459 0.027677 0.583753 125.283939
0.580077 0.067079 0.811795 166.056715 -0.016476 0.997366 -0.070640 -13.201658 -0.814395 0.027602 0.579654 125.774146
0.575926 0.067314 0.814725 166.741383 -0.016314 0.997352 -0.070871 -13.257015 -0.817339 0.027525 0.575500 126.259471
0.571722 0.067562 0.817661 167.426386 -0.016155 0.997338 -0.071112 -13.312441 -0.820288 0.027447 0.571291 126.739877
0.567467 0.067820 0.820598 168.111733 -0.015998 0.997322 -0.071362 -13.367938 -0.823241 0.027368 0.567032 127.215333
