0.999994 -0.003020 0.001880 0.001023 0.003021 0.999995 -0.000671 -0.084928 -0.001878 0.000676 0.999998 5.836356
0.999994 -0.002960 0.001914 0.001190 0.002961 0.999995 -0.000682 -0.095742 -0.001912 0.000688 0.999998 6.565454
0.999994 -0.002899 0.001946 0.001375 0.002901 0.999996 -0.000693 -0.107272 -0.001944 0.000699 0.999998 7.340162
0.999994 -0.002836 0.001977 0.001578 0.002838 0.999996 -0.000704 -0.119536 -0.001975 0.000709 0.999998 8.161402
0.999994 -0.002771 0.002006 0.001799 0.002773 0.999996 -0.000714 -0.132553 -0.002004 0.000719 0.999998 9.030029
0.999994 -0.002704 0.002033 0.002039 0.002706 0.999996 -0.000722 -0.146338 -0.002031 0.000728 0.999998 9.946835
0.999994 -0.002636 0.002057 0.002297 0.002638 0.999996 -0.000729 -0.160905 -0.002055 0.000734 0.999998 10.912541
0.999995 -0.002568 0.002077 0.002577 0.002570 0.999996 -0.000735 -0.176267 -0.002075 0.000740 0.999998 11.927804
0.999995 -0.002500 0.002095 0.002876 0.002502 0.999997 -0.000740 -0.192436 -0.002093 0.000746 0.999998 12.993210
0.999995 -0.002432 0.002109 0.003197 0.002433 0.999997 -0.000747 -0.209423 -0.002107 0.000752 0.999997 14.109278
0.999995 -0.002363 0.002120 0.003536 0.002365 0.999997 -0.000753 -0.227238 -0.002118 0.000758 0.999997 15.276459
0.999995 -0.002293 0.002128 0.003892 0.002295 0.999997 -0.000759 -0.245889 -0.002126 0.000764 0.999997 16.495132
0.999995 -0.002222 0.002133 0.004264 0.002223 0.999997 -0.000764 -0.265382 -0.002131 0.000768 0.999997 17.765610
0.999995 -0.002149 0.002134 0.004648 0.002151 0.999997 -0.000766 -0.285724 -0.002133 0.000771 0.999997 19.088134
0.999996 -0.002051 0.002146 0.005016 0.002052 0.999998 -0.000772 -0.304093 -0.002145 0.000776 0.999997 20.263981
0.999996 -0.001946 0.002154 0.005386 0.001947 0.999998 -0.000774 -0.322935 -0.002152 0.000779 0.999997 21.466185
0.999996 -0.001833 0.002157 0.005754 0.001835 0.999998 -0.000774 -0.342220 -0.002156 0.000778 0.999997 22.692958
0.999996 -0.001712 0.002156 0.006112 0.001714 0.999998 -0.000770 -0.361919 -0.002155 0.000773 0.999997 23.942503
0.999996 -0.001584 0.002149 0.006457 0.001585 0.999998 -0.000762 -0.382000 -0.002148 0.000766 0.999997 25.213016
0.999997 -0.001449 0.002137 0.006783 0.001450 0.999999 -0.000751 -0.402433 -0.002136 0.000754 0.999997 26.502677
0.999997 -0.001308 0.002119 0.007085 0.001309 0.999999 -0.000736 -0.423186 -0.002118 0.000738 0.999997 27.809659
0.999997 -0.001162 0.002095 0.007356 0.001164 0.999999 -0.000716 -0.444227 -0.002094 0.000718 0.999998 29.132122
0.999997 -0.001011 0.002065 0.007591 0.001013 0.999999 -0.000691 -0.465521 -0.002064 0.000693 0.999998 30.468216
0.999998 -0.000856 0.002029 0.007781 0.000857 0.999999 -0.000660 -0.487035 -0.002028 0.000662 0.999998 31.816081
0.999998 -0.000696 0.001986 0.007918 0.000698 1.000000 -0.000624 -0.508733 -0.001985 0.000626 0.999998 33.173842
0.999998 -0.000532 0.001937 0.007993 0.000533 1.000000 -0.000583 -0.530580 -0.001936 0.000584 0.999998 34.539614
0.999998 -0.000362 0.001882 0.007998 0.000363 1.000000 -0.000536 -0.552540 -0.001882 0.000536 0.999998 35.911499
0.999998 -0.000186 0.001821 0.007920 0.000187 1.000000 -0.000483 -0.574576 -0.001821 0.000483 0.999998 37.287587
0.999998 -0.000006 0.001754 0.007752 0.000006 1.000000 -0.000424 -0.596739 -0.001754 0.000424 0.999998 38.672127
0.999999 0.000178 0.001682 0.007484 -0.000177 1.000000 -0.000359 -0.619005 -0.001682 0.000359 0.999999 40.064138
0.999999 0.000364 0.001603 0.007106 -0.000364 1.000000 -0.000288 -0.641351 -0.001604 0.000287 0.999999 41.462699
0.999999 0.000553 0.001521 0.006606 -0.000553 1.000000 -0.000210 -0.663754 -0.001521 0.000209 0.999999 42.866945
0.999999 0.000744 0.001433 0.005974 -0.000744 1.000000 -0.000127 -0.686196 -0.001433 0.000126 0.999999 44.276071
0.999999 0.000939 0.001343 0.005194 -0.000939 1.000000 -0.000039 -0.708660 -0.001343 0.000038 0.999999 45.689329
0.999999 0.001138 0.001250 0.004254 -0.001139 0.999999 0.000055 -0.731128 -0.001250 -0.000056 0.999999 47.106034
0.999998 0.001343 0.001155 0.003139 -0.001344 0.999999 0.000155 -0.753585 -0.001154 -0.000157 0.999999 48.525562
0.999998 0.001554 0.001058 0.001835 -0.001555 0.999999 0.000263 -0.776016 -0.001058 -0.000265 0.999999 49.947349
0.999998 0.001771 0.000960 0.000328 -0.001772 0.999998 0.000377 -0.798407 -0.000960 -0.000379 0.999999 51.370895
0.999998 0.001994 0.000862 -0.001392 -0.001994 0.999998 0.000497 -0.820746 -0.000861 -0.000499 1.000000 52.795761
0.999997 0.002221 0.000764 -0.003338 -0.002222 0.999997 0.000622 -0.843023 -0.000763 -0.000624 1.000000 54.221573
0.999997 0.002453 0.000667 -0.005521 -0.002454 0.999997 0.000751 -0.865230 -0.000665 -0.000752 0.999999 55.648021
0.999996 0.002688 0.000570 -0.007954 -0.002688 0.999996 0.000881 -0.887361 -0.000568 -0.000883 0.999999 57.074863
0.999996 0.002922 0.000475 -0.010646 -0.002922 0.999995 0.001014 -0.909414 -0.000472 -0.001015 0.999999 58.501922
0.999995 0.003154 0.000382 -0.013609 -0.003155 0.999994 0.001147 -0.931390 -0.000378 -0.001149 0.999999 59.929023
0.999994 0.003383 0.000291 -0.016853 -0.003383 0.999993 0.001281 -0.953286 -0.000287 -0.001282 0.999999 61.355990
0.999993 0.003606 0.000203 -0.020389 -0.003606 0.999992 0.001414 -0.975103 -0.000198 -0.001414 0.999999 62.782651
0.999993 0.003825 0.000117 -0.024230 -0.003825 0.999991 0.001545 -0.996840 -0.000112 -0.001545 0.999999 64.208833
0.999992 0.004038 0.000036 -0.028387 -0.004038 0.999990 0.001674 -1.018499 -0.000029 -0.001674 0.999999 65.634371
0.999991 0.004246 -0.000041 -0.032870 -0.004246 0.999989 0.001801 -1.040080 0.000049 -0.001801 0.999998 67.059101
0.999990 0.004448 -0.000114 -0.037691 -0.004448 0.999988 0.001924 -1.061584 0.000123 -0.001924 0.999998 68.482866
0.999989 0.004644 -0.000182 -0.042857 -0.004644 0.999987 0.002044 -1.083015 0.000191 -0.002044 0.999998 69.905514
0.999988 0.004833 -0.000244 -0.048376 -0.004832 0.999986 0.002160 -1.104375 0.000254 -0.002159 0.999998 71.326901
0.999987 0.005015 -0.000299 -0.054253 -0.005014 0.999985 0.002271 -1.125669 0.000311 -0.002270 0.999997 72.746889
0.999986 0.005190 -0.000349 -0.060494 -0.005189 0.999984 0.002377 -1.146902 0.000361 -0.002375 0.999997 74.165351
0.999986 0.005359 -0.000390 -0.067100 -0.005358 0.999983 0.002476 -1.168080 0.000404 -0.002474 0.999997 75.582167
0.999985 0.005521 -0.000424 -0.074073 -0.005520 0.999981 0.002569 -1.189210 0.000439 -0.002567 0.999997 76.997229
0.999984 0.005679 -0.000450 -0.081411 -0.005677 0.999980 0.002655 -1.210301 0.000465 -0.002652 0.999996 78.410438
0.999983 0.005831 -0.000465 -0.089112 -0.005830 0.999979 0.002734 -1.231363 0.000481 -0.002731 0.999996 79.821706
0.999982 0.005979 -0.000471 -0.097169 -0.005978 0.999978 0.002805 -1.252403 0.000488 -0.002802 0.999996 81.230959
0.999981 0.006122 -0.000466 -0.105570 -0.006120 0.999977 0.002869 -1.273432 0.000484 -0.002866 0.999996 82.638132
0.999980 0.006258 -0.000450 -0.114304 -0.006257 0.999976 0.002926 -1.294460 0.000469 -0.002924 0.999996 84.043172
0.999980 0.006387 -0.000423 -0.123355 -0.006386 0.999975 0.002976 -1.315496 0.000442 -0.002974 0.999995 85.446036
0.999979 0.006506 -0.000384 -0.132706 -0.006505 0.999974 0.003019 -1.336553 0.000404 -0.003016 0.999995 86.846693
0.999978 0.006614 -0.000333 -0.142338 -0.006613 0.999973 0.003053 -1.357641 0.000353 -0.003051 0.999995 88.245120
0.999977 0.006709 -0.000269 -0.152229 -0.006708 0.999973 0.003079 -1.378775 0.000290 -0.003078 0.999995 89.641309
0.999977 0.006790 -0.000192 -0.162357 -0.006790 0.999972 0.003099 -1.399966 0.000213 -0.003098 0.999995 91.035257
0.999976 0.006857 -0.000101 -0.172701 -0.006857 0.999972 0.003112 -1.421229 0.000123 -0.003111 0.999995 92.426975
0.999976 0.006910 0.000003 -0.183236 -0.006910 0.999971 0.003119 -1.442576 0.000018 -0.003119 0.999995 93.816479
0.999976 0.006950 0.000122 -0.193936 -0.006950 0.999971 0.003120 -1.464019 -0.000101 -0.003121 0.999995 95.203795
0.999976 0.006978 0.000256 -0.204774 -0.006979 0.999971 0.003117 -1.485569 -0.000234 -0.003118 0.999995 96.588955
0.999975 0.006996 0.000404 -0.215719 -0.006998 0.999971 0.003108 -1.507236 -0.000382 -0.003111 0.999995 97.972004
0.999975 0.007004 0.000567 -0.226740 -0.007006 0.999971 0.003096 -1.529033 -0.000545 -0.003100 0.999995 99.352993
0.999975 0.007001 0.000745 -0.237806 -0.007003 0.999971 0.003081 -1.550971 -0.000723 -0.003086 0.999995 100.731979
0.999975 0.006987 0.000936 -0.248884 -0.006989 0.999971 0.003063 -1.573062 -0.000915 -0.003070 0.999995 102.109028
0.999975 0.006960 0.001141 -0.259944 -0.006963 0.999971 0.003043 -1.595319 -0.001120 -0.003051 0.999995 103.484210
0.999975 0.006920 0.001359 -0.270953 -0.006924 0.999971 0.003019 -1.617756 -0.001338 -0.003029 0.999995 104.857598
0.999975 0.006865 0.001590 -0.281882 -0.006870 0.999972 0.002993 -1.640388 -0.001569 -0.003004 0.999994 106.229272
0.999975 0.006796 0.001831 -0.292697 -0.006801 0.999972 0.002964 -1.663227 -0.001811 -0.002977 0.999994 107.599310
0.999975 0.006708 0.002083 -0.303367 -0.006714 0.999973 0.002933 -1.686285 -0.002063 -0.002947 0.999994 108.967791
0.999975 0.006601 0.002343 -0.313860 -0.006607 0.999974 0.002901 -1.709572 -0.002324 -0.002916 0.999993 110.334793
0.999976 0.006471 0.002610 -0.324146 -0.006478 0.999975 0.002868 -1.733097 -0.002591 -0.002885 0.999992 111.700395
0.999976 0.006315 0.002882 -0.334195 -0.006323 0.999976 0.002836 -1.756867 -0.002864 -0.002854 0.999992 113.064675
0.999976 0.006132 0.003157 -0.343979 -0.006141 0.999977 0.002804 -1.780884 -0.003139 -0.002824 0.999991 114.427706
0.999977 0.005919 0.003432 -0.353472 -0.005928 0.999979 0.002774 -1.805152 -0.003416 -0.002794 0.999990 115.789563
0.999977 0.005673 0.003706 -0.362651 -0.005683 0.999980 0.002745 -1.829670 -0.003691 -0.002766 0.999989 117.150314
0.999978 0.005392 0.003976 -0.371497 -0.005403 0.999982 0.002717 -1.854440 -0.003962 -0.002739 0.999988 118.510027
0.999978 0.005077 0.004240 -0.379994 -0.005088 0.999983 0.002690 -1.879458 -0.004227 -0.002712 0.999987 119.868767
0.999979 0.004726 0.004496 -0.388127 -0.004738 0.999985 0.002663 -1.904723 -0.004484 -0.002685 0.999986 121.226593
0.999979 0.004340 0.004742 -0.395883 -0.004352 0.999987 0.002637 -1.930227 -0.004731 -0.002657 0.999985 122.583565
0.999980 0.003920 0.004977 -0.403252 -0.003933 0.999989 0.002610 -1.955965 -0.004967 -0.002630 0.999984 123.939737
0.999980 0.003467 0.005198 -0.410223 -0.003480 0.999991 0.002583 -1.981930 -0.005189 -0.002601 0.999983 125.295161
0.999981 0.002982 0.005405 -0.416789 -0.002996 0.999992 0.002556 -2.008110 -0.005398 -0.002572 0.999982 126.649887
0.999981 0.002468 0.005597 -0.422942 -0.002482 0.999994 0.002527 -2.034495 -0.005590 -0.002541 0.999981 128.003960
0.999981 0.001922 0.005771 -0.428675 -0.001937 0.999995 0.002497 -2.061070 -0.005766 -0.002508 0.999980 129.357423
0.999982 0.001347 0.005928 -0.433982 -0.001361 0.999996 0.002465 -2.087823 -0.005924 -0.002473 0.999979 130.710319
0.999981 0.000742 0.006066 -0.438861 -0.000756 0.999997 0.002431 -2.114740 -0.006064 -0.002435 0.999979 132.062688
0.999981 0.000109 0.006184 -0.443311 -0.000123 0.999997 0.002393 -2.141806 -0.006184 -0.002394 0.999978 133.414567
0.999980 -0.000549 0.006283 -0.447336 0.000534 0.999997 0.002353 -2.169003 -0.006284 -0.002349 0.999977 134.765990
0.999979 -0.001228 0.006361 -0.450938 0.001213 0.999997 0.002308 -2.196317 -0.006364 -0.002300 0.999977 136.116990
0.999978 -0.001923 0.006421 -0.454120 0.001908 0.999996 0.002258 -2.223728 -0.006425 -0.002246 0.999977 137.467597
0.999976 -0.002630 0.006461 -0.456884 0.002616 0.999994 0.002205 -2.251218 -0.006467 -0.002188 0.999977 138.817841
0.999973 -0.003345 0.006483 -0.459228 0.003331 0.999992 0.002149 -2.278766 -0.006490 -0.002127 0.999977 140.167752
0.999971 -0.004064 0.006486 -0.461153 0.004051 0.999990 0.002090 -2.306349 -0.006495 -0.002064 0.999977 141.517357
0.999968 -0.004783 0.006472 -0.462659 0.004770 0.999987 0.002029 -2.333943 -0.006482 -0.001998 0.999977 142.866688
0.999964 -0.005495 0.006441 -0.463750 0.005483 0.999983 0.001966 -2.361528 -0.006452 -0.001930 0.999977 144.215780
0.999960 -0.006196 0.006394 -0.464433 0.006184 0.999979 0.001899 -2.389086 -0.006406 -0.001860 0.999978 145.564669
0.999956 -0.006878 0.006332 -0.464714 0.006866 0.999975 0.001830 -2.416598 -0.006345 -0.001786 0.999978 146.913401
0.999952 -0.007535 0.006257 -0.464603 0.007524 0.999970 0.001756 -2.444051 -0.006270 -0.001709 0.999979 148.262019
0.999948 -0.008163 0.006169 -0.464110 0.008152 0.999965 0.001677 -2.471432 -0.006183 -0.001626 0.999980 149.610575
0.999943 -0.008754 0.006071 -0.463247 0.008744 0.999961 0.001592 -2.498732 -0.006085 -0.001539 0.999980 150.959125
0.999939 -0.009303 0.005964 -0.462027 0.009294 0.999956 0.001501 -2.525943 -0.005977 -0.001446 0.999981 152.307728
0.999935 -0.009805 0.005848 -0.460462 0.009797 0.999951 0.001405 -2.553059 -0.005862 -0.001348 0.999982 153.656447
0.999931 -0.010256 0.005727 -0.458564 0.010249 0.999947 0.001304 -2.580073 -0.005740 -0.001245 0.999983 155.005349
0.999928 -0.010652 0.005602 -0.456343 0.010645 0.999943 0.001199 -2.606980 -0.005614 -0.001139 0.999984 156.354505
0.999925 -0.010991 0.005473 -0.453815 0.010985 0.999939 0.001090 -2.633778 -0.005485 -0.001030 0.999984 157.703991
0.999922 -0.011271 0.005343 -0.450995 0.011266 0.999936 0.000980 -2.660465 -0.005354 -0.000920 0.999985 159.053886
0.999920 -0.011491 0.005212 -0.447901 0.011487 0.999934 0.000868 -2.687040 -0.005222 -0.000808 0.999986 160.404270
0.999919 -0.011652 0.005081 -0.444554 0.011648 0.999932 0.000755 -2.713506 -0.005090 -0.000696 0.999987 161.755228
0.999919 -0.011752 0.004951 -0.440976 0.011749 0.999931 0.000641 -2.739867 -0.004958 -0.000583 0.999988 163.106847
0.999919 -0.011790 0.004822 -0.437191 0.011788 0.999930 0.000527 -2.766134 -0.004828 -0.000470 0.999988 164.459218
0.999920 -0.011765 0.004695 -0.433226 0.011763 0.999931 0.000413 -2.792317 -0.004699 -0.000358 0.999989 165.812433
0.999921 -0.011676 0.004570 -0.429109 0.011675 0.999932 0.000301 -2.818428 -0.004574 -0.000248 0.999990 167.166589
0.999924 -0.011524 0.004450 -0.424864 0.011523 0.999934 0.000192 -2.844482 -0.004452 -0.000140 0.999990 168.521782
0.999927 -0.011310 0.004333 -0.420516 0.011310 0.999936 0.000086 -2.870492 -0.004334 -0.000037 0.999991 169.878111
0.999930 -0.011039 0.004221 -0.416090 0.011039 0.999939 -0.000016 -2.896476 -0.004221 0.000062 0.999991 171.235676
0.999934 -0.010714 0.004113 -0.411610 0.010714 0.999943 -0.000112 -2.922450 -0.004111 0.000156 0.999992 172.594579
0.999939 -0.010340 0.004009 -0.407104 0.010340 0.999947 -0.000203 -2.948431 -0.004006 0.000245 0.999992 173.954921
0.999943 -0.009920 0.003908 -0.402601 0.009922 0.999951 -0.000290 -2.974438 -0.003905 0.000329 0.999992 175.316801
0.999948 -0.009459 0.003812 -0.398130 0.009461 0.999955 -0.000374 -3.000490 -0.003808 0.000410 0.999993 176.680320
0.999953 -0.008960 0.003719 -0.393723 0.008962 0.999960 -0.000456 -3.026607 -0.003715 0.000489 0.999993 178.045577
0.999958 -0.008426 0.003630 -0.389410 0.008428 0.999964 -0.000535 -3.052807 -0.003625 0.000565 0.999993 179.412669
0.999963 -0.007862 0.003544 -0.385218 0.007864 0.999969 -0.000611 -3.079108 -0.003539 0.000639 0.999994 180.781691
0.999968 -0.007271 0.003462 -0.381173 0.007273 0.999973 -0.000686 -3.105525 -0.003457 0.000711 0.999994 182.152731
0.999972 -0.006657 0.003382 -0.377300 0.006660 0.999978 -0.000758 -3.132073 -0.003377 0.000781 0.999994 183.525879
0.999976 -0.006024 0.003306 -0.373620 0.006027 0.999981 -0.000827 -3.158760 -0.003301 0.000847 0.999994 184.901219
0.999980 -0.005378 0.003232 -0.370151 0.005381 0.999985 -0.000889 -3.185593 -0.003227 0.000907 0.999994 186.278831
0.999984 -0.004725 0.003161 -0.366907 0.004728 0.999988 -0.000947 -3.212578 -0.003156 0.000962 0.999995 187.658791
0.999987 -0.004069 0.003091 -0.363900 0.004072 0.999991 -0.000998 -3.239716 -0.003087 0.001011 0.999995 189.041173
0.999990 -0.003417 0.003024 -0.361141 0.003420 0.999994 -0.001044 -3.267014 -0.003020 0.001054 0.999995 190.426045
0.999992 -0.002772 0.002957 -0.358639 0.002775 0.999996 -0.001084 -3.294474 -0.002954 0.001092 0.999995 191.813472
0.999994 -0.002138 0.002892 -0.356405 0.002141 0.999997 -0.001119 -3.322102 -0.002890 0.001126 0.999995 193.203517
0.999995 -0.001517 0.002829 -0.354445 0.001520 0.999998 -0.001151 -3.349901 -0.002827 0.001155 0.999995 194.596234
0.999996 -0.000911 0.002766 -0.352758 0.000914 0.999999 -0.001179 -3.377874 -0.002765 0.001181 0.999995 195.991675
0.999996 -0.000321 0.002706 -0.351344 0.000324 0.999999 -0.001204 -3.406022 -0.002705 0.001205 0.999996 197.389889
0.999996 0.000251 0.002647 -0.350197 -0.000248 0.999999 -0.001226 -3.434343 -0.002647 0.001226 0.999996 198.790919
0.999996 0.000803 0.002590 -0.349309 -0.000800 0.999999 -0.001245 -3.462831 -0.002591 0.001243 0.999996 200.194806
0.999996 0.001335 0.002536 -0.348669 -0.001332 0.999998 -0.001261 -3.491479 -0.002537 0.001258 0.999996 201.601583
0.999995 0.001844 0.002484 -0.348261 -0.001840 0.999997 -0.001274 -3.520275 -0.002486 0.001269 0.999996 203.011280
0.999994 0.002327 0.002434 -0.348070 -0.002324 0.999996 -0.001284 -3.549209 -0.002437 0.001278 0.999996 204.423920
0.999993 0.002784 0.002387 -0.348080 -0.002781 0.999995 -0.001293 -3.578265 -0.002390 0.001286 0.999996 205.839523
0.999992 0.003214 0.002341 -0.348272 -0.003211 0.999994 -0.001301 -3.607429 -0.002345 0.001293 0.999996 207.258105
0.999991 0.003619 0.002298 -0.348631 -0.003616 0.999993 -0.001308 -3.636688 -0.002302 0.001300 0.999997 208.679677
0.999989 0.003997 0.002256 -0.349136 -0.003994 0.999991 -0.001314 -3.666025 -0.002262 0.001305 0.999997 210.104247
0.999988 0.004350 0.002218 -0.349768 -0.004347 0.999990 -0.001320 -3.695428 -0.002224 0.001310 0.999997 211.531819
0.999987 0.004677 0.002183 -0.350505 -0.004674 0.999988 -0.001323 -3.724882 -0.002189 0.001313 0.999997 212.962395
0.999985 0.004980 0.002150 -0.351325 -0.004977 0.999987 -0.001323 -3.754375 -0.002157 0.001312 0.999997 214.395973
0.999984 0.005258 0.002122 -0.352208 -0.005255 0.999985 -0.001320 -3.783896 -0.002129 0.001309 0.999997 215.832549
0.999983 0.005510 0.002097 -0.353131 -0.005507 0.999984 -0.001313 -3.813435 -0.002104 0.001301 0.999997 217.272117
0.999981 0.005738 0.002077 -0.354071 -0.005735 0.999983 -0.001301 -3.842984 -0.002084 0.001289 0.999997 218.714667
0.999980 0.005939 0.002062 -0.355008 -0.005936 0.999982 -0.001284 -3.872537 -0.002070 0.001272 0.999997 220.160188
0.999979 0.006113 0.002053 -0.355918 -0.006111 0.999981 -0.001262 -3.902088 -0.002060 0.001249 0.999997 221.608668
0.999978 0.006260 0.002049 -0.356782 -0.006258 0.999980 -0.001235 -3.931636 -0.002057 0.001222 0.999997 223.060089
0.999978 0.006381 0.002053 -0.357582 -0.006379 0.999979 -0.001205 -3.961183 -0.002060 0.001192 0.999997 224.514433
0.999977 0.006478 0.002064 -0.358302 -0.006476 0.999978 -0.001173 -3.990732 -0.002071 0.001159 0.999997 225.971680
0.999976 0.006553 0.002082 -0.358927 -0.006551 0.999978 -0.001137 -4.020286 -0.002090 0.001124 0.999997 227.431810
0.999976 0.006608 0.002110 -0.359442 -0.006606 0.999978 -0.001099 -4.049848 -0.002117 0.001085 0.999997 228.894797
0.999976 0.006644 0.002146 -0.359829 -0.006642 0.999977 -0.001057 -4.079422 -0.002153 0.001043 0.999997 230.360615
0.999975 0.006660 0.002192 -0.360075 -0.006658 0.999977 -0.001012 -4.109011 -0.002199 0.000998 0.999997 231.829238
0.999975 0.006658 0.002247 -0.360163 -0.006656 0.999977 -0.000965 -4.138618 -0.002253 0.000950 0.999997 233.300638
0.999975 0.006638 0.002311 -0.360082 -0.006636 0.999978 -0.000914 -4.168248 -0.002317 0.000899 0.999997 234.774786
0.999975 0.006598 0.002385 -0.359819 -0.006596 0.999978 -0.000861 -4.197908 -0.002391 0.000845 0.999997 236.251655
0.999976 0.006539 0.002468 -0.359366 -0.006537 0.999978 -0.000805 -4.227610 -0.002473 0.000789 0.999997 237.731214
0.999976 0.006461 0.002560 -0.358715 -0.006459 0.999979 -0.000748 -4.257364 -0.002565 0.000731 0.999996 239.213436
0.999976 0.006364 0.002661 -0.357856 -0.006362 0.999980 -0.000689 -4.287186 -0.002665 0.000672 0.999996 240.698294
0.999977 0.006248 0.002771 -0.356786 -0.006247 0.999980 -0.000629 -4.317089 -0.002775 0.000612 0.999996 242.185762
0.999977 0.006116 0.002890 -0.355500 -0.006114 0.999981 -0.000569 -4.347091 -0.002893 0.000551 0.999996 243.675817
0.999978 0.005966 0.003018 -0.353995 -0.005965 0.999982 -0.000507 -4.377211 -0.003021 0.000489 0.999995 245.168438
0.999978 0.005802 0.003155 -0.352269 -0.005801 0.999983 -0.000445 -4.407468 -0.003157 0.000427 0.999995 246.663606
0.999979 0.005623 0.003301 -0.350317 -0.005622 0.999984 -0.000384 -4.437880 -0.003303 0.000365 0.999994 248.161305
0.999979 0.005431 0.003456 -0.348140 -0.005430 0.999985 -0.000324 -4.468466 -0.003458 0.000306 0.999994 249.661520
0.999980 0.005228 0.003619 -0.345734 -0.005227 0.999986 -0.000267 -4.499243 -0.003621 0.000249 0.999993 251.164241
0.999980 0.005014 0.003791 -0.343098 -0.005013 0.999987 -0.000214 -4.530228 -0.003792 0.000195 0.999993 252.669460
0.999981 0.004790 0.003969 -0.340233 -0.004790 0.999989 -0.000165 -4.561435 -0.003970 0.000146 0.999992 254.177173
0.999981 0.004557 0.004154 -0.337137 -0.004557 0.999990 -0.000121 -4.592877 -0.004155 0.000102 0.999991 255.687379
0.999981 0.004316 0.004345 -0.333811 -0.004316 0.999991 -0.000082 -4.624565 -0.004345 0.000063 0.999991 257.200081
0.999981 0.004067 0.004539 -0.330254 -0.004066 0.999992 -0.000049 -4.656508 -0.004540 0.000030 0.999990 258.715285
0.999982 0.003810 0.004737 -0.326469 -0.003810 0.999993 -0.000022 -4.688713 -0.004737 0.000004 0.999989 260.233002
0.999982 0.003546 0.004937 -0.322456 -0.003546 0.999994 -0.000002 -4.721185 -0.004937 -0.000016 0.999988 261.753247
0.999981 0.003276 0.005137 -0.318221 -0.003277 0.999995 0.000012 -4.753928 -0.005137 -0.000029 0.999987 263.276040
0.999981 0.003001 0.005336 -0.313765 -0.003001 0.999995 0.000019 -4.786942 -0.005336 -0.000035 0.999986 264.801401
0.999981 0.002721 0.005533 -0.309097 -0.002721 0.999996 0.000020 -4.820230 -0.005533 -0.000035 0.999985 266.329357
0.999981 0.002436 0.005726 -0.304221 -0.002436 0.999997 0.000015 -4.853794 -0.005726 -0.000029 0.999984 267.859939
0.999980 0.002146 0.005915 -0.299147 -0.002146 0.999998 0.000002 -4.887634 -0.005915 -0.000015 0.999983 269.393181
0.999980 0.001852 0.006098 -0.293884 -0.001852 0.999998 -0.000016 -4.921749 -0.006098 0.000005 0.999981 270.929122
0.999979 0.001555 0.006274 -0.288443 -0.001555 0.999999 -0.000040 -4.956138 -0.006274 0.000030 0.999980 272.467805
0.999978 0.001257 0.006443 -0.282836 -0.001257 0.999999 -0.000069 -4.990800 -0.006443 0.000061 0.999979 274.009273
0.999978 0.000958 0.006604 -0.277074 -0.000958 1.000000 -0.000102 -5.025731 -0.006604 0.000096 0.999978 275.553573
0.999977 0.000661 0.006757 -0.271170 -0.000660 1.000000 -0.000140 -5.060927 -0.006757 0.000136 0.999977 277.100752
0.999976 0.000366 0.006901 -0.265138 -0.000365 1.000000 -0.000182 -5.096379 -0.006901 0.000180 0.999976 278.650860
0.999975 0.000076 0.007035 -0.258989 -0.000074 1.000000 -0.000227 -5.132080 -0.007035 0.000227 0.999975 280.203945
0.999974 -0.000210 0.007160 -0.252739 0.000212 1.000000 -0.000275 -5.168019 -0.007160 0.000277 0.999974 281.760055
0.999973 -0.000489 0.007274 -0.246400 0.000491 1.000000 -0.000325 -5.204187 -0.007274 0.000329 0.999973 283.319237
0.999972 -0.000762 0.007377 -0.239987 0.000765 1.000000 -0.000378 -5.240571 -0.007377 0.000384 0.999973 284.881533
0.999972 -0.001029 0.007469 -0.233513 0.001032 0.999999 -0.000432 -5.277156 -0.007468 0.000440 0.999972 286.446984
0.999971 -0.001290 0.007547 -0.226993 0.001293 0.999999 -0.000487 -5.313929 -0.007546 0.000497 0.999971 288.015625
0.999970 -0.001544 0.007611 -0.220446 0.001548 0.999999 -0.000542 -5.350873 -0.007610 0.000554 0.999971 289.587489
0.999969 -0.001792 0.007660 -0.213889 0.001796 0.999998 -0.000595 -5.387975 -0.007659 0.000609 0.999970 291.162602
0.999968 -0.002033 0.007694 -0.207342 0.002038 0.999998 -0.000645 -5.425217 -0.007693 0.000661 0.999970 292.740984
0.999968 -0.002269 0.007713 -0.200823 0.002275 0.999997 -0.000691 -5.462584 -0.007711 0.000709 0.999970 294.322648
0.999967 -0.002499 0.007716 -0.194348 0.002505 0.999997 -0.000733 -5.500061 -0.007714 0.000752 0.999970 295.907601
0.999967 -0.002724 0.007705 -0.187938 0.002730 0.999996 -0.000769 -5.537633 -0.007702 0.000790 0.999970 297.495838
0.999966 -0.002942 0.007678 -0.181609 0.002948 0.999995 -0.000802 -5.575285 -0.007676 0.000824 0.999970 299.087349
0.999966 -0.003153 0.007638 -0.175380 0.003159 0.999995 -0.000829 -5.613007 -0.007635 0.000853 0.999970 300.682111
0.999966 -0.003356 0.007584 -0.169270 0.003363 0.999994 -0.000852 -5.650786 -0.007581 0.000878 0.999971 302.280096
0.999965 -0.003550 0.007516 -0.163298 0.003557 0.999993 -0.000871 -5.688614 -0.007513 0.000897 0.999971 303.881264
0.999965 -0.003736 0.007436 -0.157483 0.003742 0.999993 -0.000885 -5.726484 -0.007433 0.000912 0.999972 305.485568
0.999965 -0.003911 0.007345 -0.151841 0.003918 0.999992 -0.000894 -5.764385 -0.007341 0.000922 0.999973 307.092956
0.999965 -0.004078 0.007243 -0.146390 0.004085 0.999991 -0.000898 -5.802310 -0.007239 0.000927 0.999973 308.703364
0.999966 -0.004236 0.007130 -0.141144 0.004242 0.999991 -0.000897 -5.840246 -0.007126 0.000927 0.999974 310.316723
0.999966 -0.004383 0.007007 -0.136122 0.004390 0.999990 -0.000892 -5.878187 -0.007003 0.000922 0.999975 311.932955
0.999966 -0.004521 0.006874 -0.131339 0.004527 0.999989 -0.000883 -5.916125 -0.006870 0.000914 0.999976 313.551976
0.999967 -0.004649 0.006732 -0.126814 0.004655 0.999989 -0.000871 -5.954053 -0.006728 0.000902 0.999977 315.173692
0.999967 -0.004768 0.006580 -0.122563 0.004774 0.999988 -0.000857 -5.991963 -0.006576 0.000888 0.999978 316.798007
0.999967 -0.004879 0.006419 -0.118601 0.004885 0.999988 -0.000840 -6.029848 -0.006414 0.000872 0.999979 318.424820
0.999968 -0.004982 0.006248 -0.114944 0.004987 0.999987 -0.000822 -6.067700 -0.006243 0.000853 0.999980 320.054029
0.999969 -0.005077 0.006068 -0.111610 0.005082 0.999987 -0.000801 -6.105514 -0.006064 0.000832 0.999981 321.685527
0.999969 -0.005167 0.005879 -0.108613 0.005171 0.999986 -0.000779 -6.143284 -0.005875 0.000810 0.999982 323.319206
0.999970 -0.005251 0.005682 -0.105968 0.005255 0.999986 -0.000757 -6.181005 -0.005678 0.000787 0.999984 324.954959
0.999971 -0.005329 0.005478 -0.103692 0.005333 0.999986 -0.000734 -6.218675 -0.005474 0.000764 0.999985 326.592677
0.999972 -0.005403 0.005267 -0.101800 0.005407 0.999985 -0.000712 -6.256294 -0.005263 0.000740 0.999986 328.232255
0.999972 -0.005471 0.005052 -0.100303 0.005475 0.999985 -0.000690 -6.293862 -0.005048 0.000717 0.999987 329.873592
0.999973 -0.005534 0.004834 -0.099214 0.005538 0.999984 -0.000668 -6.331380 -0.004830 0.000695 0.999988 331.516587
0.999974 -0.005592 0.004614 -0.098522 0.005596 0.999984 -0.000649 -6.368452 -0.004611 0.000674 0.999989 333.140922
0.999974 -0.005646 0.004395 -0.098217 0.005649 0.999984 -0.000632 -6.404681 -0.004392 0.000656 0.999990 334.726192
0.999975 -0.005696 0.004177 -0.098285 0.005699 0.999984 -0.000618 -6.439671 -0.004174 0.000642 0.999991 336.251918
0.999976 -0.005742 0.003962 -0.098712 0.005744 0.999983 -0.000609 -6.473020 -0.003959 0.000632 0.999992 337.697535
0.999976 -0.005783 0.003750 -0.099484 0.005785 0.999983 -0.000604 -6.504331 -0.003746 0.000626 0.999993 339.042404
0.999977 -0.005821 0.003541 -0.100583 0.005823 0.999983 -0.000604 -6.533199 -0.003538 0.000624 0.999994 340.265807
0.999977 -0.005854 0.003337 -0.101992 0.005856 0.999983 -0.000607 -6.559221 -0.003334 0.000626 0.999994 341.346946
0.999978 -0.005884 0.003138 -0.103691 0.005886 0.999982 -0.000613 -6.581991 -0.003134 0.000631 0.999995 342.264949
0.999978 -0.005909 0.002944 -0.105659 0.005911 0.999982 -0.000622 -6.601098 -0.002940 0.000640 0.999995 342.998865
0.999979 -0.005932 0.002756 -0.107872 0.005933 0.999982 -0.000635 -6.616131 -0.002753 0.000651 0.999996 343.527663
0.999979 -0.005949 0.002575 -0.110304 0.005951 0.999982 -0.000650 -6.626677 -0.002571 0.000665 0.999996 343.830235
0.999979 -0.005963 0.002400 -0.112929 0.005965 0.999982 -0.000668 -6.632319 -0.002396 0.000682 0.999997 343.885390
0.999980 -0.005972 0.002233 -0.115715 0.005974 0.999982 -0.000689 -6.632642 -0.002228 0.000702 0.999997 343.671860
0.999980 -0.005979 0.002073 -0.118437 0.005981 0.999982 -0.000712 -6.622227 -0.002068 0.000724 0.999998 342.913187
0.999980 -0.005984 0.001920 -0.121069 0.005985 0.999982 -0.000737 -6.601026 -0.001916 0.000748 0.999998 341.607047
0.999981 -0.005987 0.001776 -0.123584 0.005988 0.999982 -0.000762 -6.568989 -0.001772 0.000773 0.999998 339.751128
0.999981 -0.005988 0.001640 -0.125954 0.005990 0.999982 -0.000789 -6.526069 -0.001635 0.000799 0.999998 337.343118
0.999981 -0.005989 0.001513 -0.128151 0.005990 0.999982 -0.000816 -6.472215 -0.001508 0.000825 0.999999 334.380709
0.999981 -0.005988 0.001395 -0.130142 0.005989 0.999982 -0.000845 -6.407383 -0.001389 0.000853 0.999999 330.861593
0.999981 -0.005985 0.001286 -0.131899 0.005986 0.999982 -0.000874 -6.331523 -0.001281 0.000882 0.999999 326.783463
0.999981 -0.005981 0.001187 -0.133387 0.005982 0.999982 -0.000906 -6.244589 -0.001181 0.000913 0.999999 322.144010
0.999982 -0.005975 0.001098 -0.134574 0.005976 0.999982 -0.000937 -6.146534 -0.001092 0.000944 0.999999 316.940929
0.999982 -0.005967 0.001018 -0.135427 0.005968 0.999982 -0.000970 -6.037309 -0.001013 0.000976 0.999999 311.171911
0.999982 -0.005956 0.000949 -0.135910 0.005957 0.999982 -0.001002 -5.916863 -0.000943 0.001008 0.999999 304.834647
0.999982 -0.005944 0.000889 -0.135990 0.005945 0.999982 -0.001034 -5.785144 -0.000882 0.001040 0.999999 297.926826
0.999982 -0.005930 0.000837 -0.135632 0.005931 0.999982 -0.001067 -5.642100 -0.000830 0.001072 0.999999 290.446132
0.999982 -0.005925 0.000790 -0.131542 0.005926 0.999982 -0.001091 -5.389666 -0.000784 0.001096 0.999999 277.373261
0.999982 -0.005919 0.000748 -0.127268 0.005920 0.999982 -0.001116 -5.136261 -0.000741 0.001120 0.999999 264.259188
0.999982 -0.005911 0.000709 -0.122812 0.005912 0.999982 -0.001141 -4.882283 -0.000702 0.001145 0.999999 251.124196
0.999982 -0.005902 0.000674 -0.118177 0.005902 0.999982 -0.001166 -4.628130 -0.000668 0.001170 0.999999 237.988654
0.999982 -0.005890 0.000644 -0.113367 0.005891 0.999982 -0.001189 -4.374205 -0.000637 0.001193 0.999999 224.873013
0.999983 -0.005877 0.000616 -0.108385 0.005878 0.999982 -0.001212 -4.120912 -0.000609 0.001216 0.999999 211.797809
0.999983 -0.005861 0.000593 -0.103239 0.005862 0.999982 -0.001234 -3.868654 -0.000586 0.001238 0.999999 198.783664
0.999983 -0.005843 0.000574 -0.097934 0.005844 0.999982 -0.001255 -3.617839 -0.000566 0.001259 0.999999 185.851281
0.999983 -0.005823 0.000558 -0.092479 0.005824 0.999982 -0.001276 -3.368877 -0.000551 0.001279 0.999999 173.021447
0.999983 -0.005801 0.000546 -0.086883 0.005802 0.999982 -0.001296 -3.122179 -0.000538 0.001299 0.999999 160.315033
0.999983 -0.005778 0.000537 -0.081157 0.005779 0.999982 -0.001315 -2.878157 -0.000529 0.001318 0.999999 147.752996
0.999983 -0.005756 0.000531 -0.075313 0.005757 0.999983 -0.001334 -2.637227 -0.000523 0.001337 0.999999 135.356376
0.999983 -0.005735 0.000528 -0.069365 0.005736 0.999983 -0.001351 -2.399806 -0.000520 0.001354 0.999999 123.146299
