0.999841 -0.000766 -0.017821 -0.105126 0.000629 0.999970 -0.007724 -0.122853 0.017826 0.007712 0.999811 5.312608
0.999840 -0.000693 -0.017899 -0.112829 0.000555 0.999970 -0.007739 -0.131604 0.017904 0.007728 0.999810 5.694216
0.999838 -0.000619 -0.017979 -0.120856 0.000480 0.999970 -0.007757 -0.140686 0.017984 0.007747 0.999808 6.090951
0.999837 -0.000545 -0.018060 -0.129215 0.000405 0.999970 -0.007778 -0.150107 0.018064 0.007769 0.999807 6.503097
0.999835 -0.000470 -0.018141 -0.137914 0.000329 0.999970 -0.007802 -0.159874 0.018144 0.007795 0.999805 6.930933
0.999834 -0.000395 -0.018222 -0.146960 0.000252 0.999969 -0.007829 -0.169993 0.018225 0.007823 0.999803 7.374732
0.999832 -0.000318 -0.018303 -0.156360 0.000174 0.999969 -0.007858 -0.180471 0.018305 0.007853 0.999802 7.834765
0.999831 -0.000241 -0.018385 -0.166122 0.000096 0.999969 -0.007888 -0.191314 0.018386 0.007885 0.999800 8.311293
0.999829 -0.000162 -0.018466 -0.176255 0.000016 0.999969 -0.007920 -0.202529 0.018466 0.007918 0.999798 8.804573
0.999828 -0.000083 -0.018547 -0.186764 -0.000064 0.999968 -0.007952 -0.214121 0.018547 0.007951 0.999796 9.314856
0.999826 -0.000004 -0.018628 -0.197659 -0.000145 0.999968 -0.007984 -0.226096 0.018627 0.007985 0.999795 9.842385
0.999825 0.000077 -0.018709 -0.208946 -0.000227 0.999968 -0.008016 -0.238460 0.018708 0.008018 0.999793 10.387397
0.999823 0.000157 -0.018791 -0.220634 -0.000309 0.999968 -0.008047 -0.251219 0.018789 0.008052 0.999791 10.950122
0.999822 0.000238 -0.018872 -0.232729 -0.000391 0.999967 -0.008078 -0.264377 0.018870 0.008084 0.999789 11.530781
0.999820 0.000319 -0.018954 -0.245241 -0.000473 0.999967 -0.008108 -0.277939 0.018950 0.008116 0.999787 12.129590
0.999819 0.000399 -0.019035 -0.258176 -0.000554 0.999967 -0.008137 -0.291909 0.019032 0.008146 0.999786 12.746755
0.999817 0.000480 -0.019117 -0.271543 -0.000636 0.999966 -0.008165 -0.306293 0.019113 0.008176 0.999784 13.382477
0.999816 0.000560 -0.019200 -0.285349 -0.000717 0.999966 -0.008191 -0.321093 0.019194 0.008203 0.999782 14.036947
0.999814 0.000640 -0.019282 -0.299601 -0.000798 0.999966 -0.008216 -0.336313 0.019276 0.008229 0.999780 14.710348
0.999812 0.000719 -0.019365 -0.314307 -0.000878 0.999966 -0.008239 -0.351956 0.019358 0.008254 0.999779 15.402857
0.999811 0.000797 -0.019448 -0.329474 -0.000958 0.999965 -0.008260 -0.368025 0.019441 0.008277 0.999777 16.114640
0.999809 0.000875 -0.019531 -0.345111 -0.001037 0.999965 -0.008279 -0.384523 0.019523 0.008298 0.999775 16.845854
0.999807 0.000952 -0.019615 -0.361224 -0.001115 0.999965 -0.008297 -0.401451 0.019607 0.008317 0.999773 17.596649
0.999805 0.001028 -0.019699 -0.377820 -0.001192 0.999965 -0.008313 -0.418811 0.019690 0.008335 0.999771 18.367164
0.999804 0.001103 -0.019784 -0.394906 -0.001268 0.999965 -0.008327 -0.436605 0.019774 0.008350 0.999770 19.157528
0.999802 0.001177 -0.019870 -0.412490 -0.001342 0.999964 -0.008340 -0.454835 0.019859 0.008365 0.999768 19.967861
0.999799 0.001284 -0.019993 -0.428742 -0.001452 0.999964 -0.008361 -0.471303 0.019981 0.008388 0.999765 20.704030
0.999797 0.001392 -0.020119 -0.445367 -0.001561 0.999964 -0.008381 -0.488046 0.020106 0.008410 0.999762 21.453252
0.999794 0.001499 -0.020247 -0.462368 -0.001669 0.999963 -0.008398 -0.505054 0.020234 0.008430 0.999760 22.215281
0.999791 0.001606 -0.020377 -0.479743 -0.001778 0.999963 -0.008415 -0.522322 0.020363 0.008449 0.999757 22.989861
0.999788 0.001713 -0.020509 -0.497495 -0.001886 0.999963 -0.008429 -0.539841 0.020494 0.008466 0.999754 23.776725
0.999785 0.001819 -0.020644 -0.515622 -0.001994 0.999962 -0.008442 -0.557604 0.020627 0.008481 0.999751 24.575596
0.999782 0.001925 -0.020780 -0.534125 -0.002101 0.999962 -0.008453 -0.575602 0.020763 0.008494 0.999748 25.386187
0.999779 0.002029 -0.020918 -0.553002 -0.002207 0.999962 -0.008462 -0.593829 0.020900 0.008506 0.999745 26.208197
0.999776 0.002133 -0.021059 -0.572254 -0.002312 0.999961 -0.008469 -0.612276 0.021040 0.008515 0.999742 27.041316
0.999773 0.002235 -0.021202 -0.591879 -0.002416 0.999961 -0.008474 -0.630935 0.021182 0.008523 0.999739 27.885222
0.999769 0.002336 -0.021347 -0.611875 -0.002518 0.999961 -0.008478 -0.649799 0.021326 0.008530 0.999736 28.739581
0.999766 0.002436 -0.021495 -0.632243 -0.002619 0.999961 -0.008481 -0.668861 0.021474 0.008535 0.999733 29.604047
0.999762 0.002534 -0.021647 -0.652980 -0.002718 0.999960 -0.008482 -0.688111 0.021624 0.008539 0.999730 30.478262
0.999759 0.002630 -0.021801 -0.674085 -0.002816 0.999960 -0.008483 -0.707544 0.021778 0.008542 0.999726 31.361858
0.999755 0.002725 -0.021959 -0.695557 -0.002912 0.999960 -0.008482 -0.727152 0.021935 0.008544 0.999723 32.254453
0.999751 0.002818 -0.022121 -0.717392 -0.003006 0.999960 -0.008481 -0.746927 0.022096 0.008545 0.999719 33.155655
0.999747 0.002910 -0.022286 -0.739589 -0.003100 0.999959 -0.008478 -0.766862 0.022260 0.008545 0.999716 34.065061
0.999743 0.003001 -0.022454 -0.762145 -0.003192 0.999959 -0.008473 -0.786948 0.022428 0.008543 0.999712 34.982254
0.999739 0.003092 -0.022626 -0.785055 -0.003284 0.999959 -0.008466 -0.807178 0.022599 0.008538 0.999708 35.906808
0.999735 0.003182 -0.022801 -0.808316 -0.003375 0.999959 -0.008457 -0.827544 0.022774 0.008531 0.999704 36.838285
0.999731 0.003271 -0.022979 -0.831923 -0.003466 0.999958 -0.008445 -0.848037 0.022951 0.008523 0.999700 37.776234
0.999726 0.003361 -0.023159 -0.855870 -0.003557 0.999958 -0.008432 -0.868650 0.023130 0.008512 0.999696 38.720194
0.999722 0.003452 -0.023341 -0.880152 -0.003649 0.999958 -0.008417 -0.889374 0.023311 0.008500 0.999692 39.669694
0.999717 0.003543 -0.023523 -0.904760 -0.003742 0.999958 -0.008400 -0.910200 0.023492 0.008485 0.999688 40.624251
0.999712 0.003636 -0.023704 -0.929687 -0.003836 0.999958 -0.008380 -0.931121 0.023672 0.008468 0.999684 41.583373
0.999708 0.003730 -0.023883 -0.954923 -0.003931 0.999957 -0.008356 -0.952126 0.023851 0.008448 0.999680 42.546556
0.999703 0.003824 -0.024056 -0.980485 -0.004025 0.999957 -0.008329 -0.973247 0.024023 0.008423 0.999676 43.514764
0.999699 0.003917 -0.024221 -1.006363 -0.004119 0.999957 -0.008297 -0.994475 0.024188 0.008395 0.999672 44.487605
0.999695 0.004009 -0.024375 -1.032547 -0.004212 0.999957 -0.008261 -1.015804 0.024341 0.008361 0.999669 45.464689
0.999691 0.004101 -0.024516 -1.059022 -0.004304 0.999957 -0.008220 -1.037227 0.024481 0.008323 0.999666 46.445618
0.999688 0.004192 -0.024640 -1.085775 -0.004394 0.999957 -0.008175 -1.058735 0.024604 0.008281 0.999663 47.429994
0.999685 0.004281 -0.024743 -1.112787 -0.004483 0.999957 -0.008127 -1.080321 0.024707 0.008235 0.999661 48.417418
0.999682 0.004369 -0.024822 -1.140041 -0.004571 0.999957 -0.008074 -1.101979 0.024786 0.008185 0.999659 49.407489
0.999681 0.004456 -0.024872 -1.167516 -0.004657 0.999957 -0.008019 -1.123701 0.024835 0.008132 0.999658 50.399802
0.999680 0.004541 -0.024889 -1.195189 -0.004741 0.999957 -0.007960 -1.145479 0.024851 0.008076 0.999659 51.393955
0.999680 0.004626 -0.024867 -1.223034 -0.004823 0.999957 -0.007899 -1.167307 0.024829 0.008016 0.999660 52.389543
0.999681 0.004709 -0.024800 -1.251022 -0.004904 0.999957 -0.007835 -1.189178 0.024762 0.007955 0.999662 53.386163
0.999684 0.004791 -0.024685 -1.279125 -0.004984 0.999957 -0.007770 -1.211086 0.024646 0.007890 0.999665 54.383410
0.999688 0.004872 -0.024513 -1.307307 -0.005062 0.999958 -0.007703 -1.233023 0.024474 0.007825 0.999670 55.380879
0.999693 0.004952 -0.024279 -1.335532 -0.005138 0.999958 -0.007635 -1.254984 0.024240 0.007758 0.999676 56.378167
0.999700 0.005031 -0.023975 -1.363762 -0.005214 0.999958 -0.007567 -1.276961 0.023936 0.007690 0.999684 57.374870
0.999709 0.005109 -0.023596 -1.391953 -0.005287 0.999958 -0.007499 -1.298951 0.023557 0.007621 0.999693 58.370583
0.999719 0.005187 -0.023134 -1.420061 -0.005360 0.999958 -0.007431 -1.320948 0.023094 0.007553 0.999705 59.364905
0.999731 0.005263 -0.022581 -1.448037 -0.005431 0.999958 -0.007364 -1.342946 0.022541 0.007485 0.999718 60.357434
0.999745 0.005339 -0.021929 -1.475828 -0.005501 0.999958 -0.007298 -1.364941 0.021889 0.007417 0.999733 61.347770
0.999761 0.005415 -0.021171 -1.503379 -0.005569 0.999958 -0.007234 -1.386931 0.021131 0.007350 0.999750 62.335515
0.999779 0.005490 -0.020298 -1.530632 -0.005637 0.999958 -0.007172 -1.408910 0.020257 0.007284 0.999768 63.320275
0.999798 0.005565 -0.019301 -1.557524 -0.005704 0.999958 -0.007111 -1.430875 0.019261 0.007220 0.999788 64.301657
0.999819 0.005640 -0.018173 -1.583989 -0.005769 0.999958 -0.007054 -1.452824 0.018133 0.007157 0.999810 65.279274
0.999841 0.005716 -0.016905 -1.609957 -0.005835 0.999958 -0.006999 -1.474753 0.016864 0.007097 0.999833 66.252742
0.999863 0.005791 -0.015486 -1.635353 -0.005900 0.999958 -0.006948 -1.496659 0.015445 0.007039 0.999856 67.221682
0.999886 0.005868 -0.013909 -1.660098 -0.005964 0.999958 -0.006901 -1.518538 0.013868 0.006983 0.999879 68.185720
0.999908 0.005944 -0.012164 -1.684108 -0.006028 0.999958 -0.006858 -1.540389 0.012123 0.006930 0.999903 69.144490
0.999929 0.006022 -0.010241 -1.707296 -0.006092 0.999958 -0.006819 -1.562209 0.010200 0.006881 0.999924 70.097627
0.999948 0.006100 -0.008131 -1.729567 -0.006155 0.999958 -0.006785 -1.583994 0.008089 0.006835 0.999944 71.044767
0.999964 0.006180 -0.005824 -1.750824 -0.006219 0.999958 -0.006757 -1.605743 0.005782 0.006793 0.999960 71.985551
0.999975 0.006260 -0.003309 -1.770965 -0.006283 0.999958 -0.006735 -1.627453 0.003267 0.006755 0.999972 72.919622
0.999980 0.006342 -0.000576 -1.789879 -0.006346 0.999957 -0.006719 -1.649122 0.000533 0.006723 0.999977 73.846629
0.999977 0.006425 0.002386 -1.807454 -0.006409 0.999957 -0.006710 -1.670747 -0.002429 0.006695 0.999975 74.766224
0.999963 0.006510 0.005589 -1.823571 -0.006472 0.999957 -0.006708 -1.692325 -0.005632 0.006672 0.999962 75.678068
0.999937 0.006595 0.009044 -1.838103 -0.006535 0.999956 -0.006714 -1.713853 -0.009088 0.006654 0.999937 76.581825
0.999896 0.006682 0.012764 -1.850921 -0.006597 0.999956 -0.006727 -1.735329 -0.012808 0.006642 0.999896 77.477168
0.999837 0.006770 0.016760 -1.861886 -0.006658 0.999955 -0.006748 -1.756747 -0.016805 0.006635 0.999837 78.363777
0.999755 0.006858 0.021046 -1.870856 -0.006717 0.999954 -0.006777 -1.778106 -0.021092 0.006634 0.999756 79.241339
0.999647 0.006947 0.025635 -1.877683 -0.006774 0.999954 -0.006815 -1.799400 -0.025681 0.006638 0.999648 80.109552
0.999509 0.007036 0.030540 -1.882211 -0.006829 0.999953 -0.006861 -1.820626 -0.030587 0.006649 0.999510 80.968120
0.999334 0.007124 0.035775 -1.884280 -0.006881 0.999952 -0.006918 -1.841782 -0.035823 0.006668 0.999336 81.816756
0.999119 0.007211 0.041353 -1.883726 -0.006928 0.999952 -0.006986 -1.862863 -0.041401 0.006694 0.999120 82.655184
0.998855 0.007297 0.047289 -1.880376 -0.006971 0.999951 -0.007066 -1.883866 -0.047338 0.006728 0.998856 83.483136
0.998535 0.007381 0.053596 -1.874056 -0.007008 0.999950 -0.007158 -1.904788 -0.053646 0.006772 0.998537 84.300357
0.998153 0.007463 0.060288 -1.864583 -0.007038 0.999949 -0.007262 -1.925626 -0.060339 0.006824 0.998155 85.106601
0.997699 0.007543 0.067381 -1.851771 -0.007061 0.999948 -0.007378 -1.946376 -0.067433 0.006886 0.997700 85.901631
0.997163 0.007619 0.074888 -1.835429 -0.007076 0.999947 -0.007507 -1.967035 -0.074941 0.006956 0.997164 86.685223
0.996535 0.007691 0.082822 -1.815363 -0.007081 0.999946 -0.007649 -1.987600 -0.082877 0.007036 0.996535 87.457161
0.995802 0.007759 0.091199 -1.791372 -0.007077 0.999944 -0.007805 -2.008068 -0.091255 0.007127 0.995802 88.217241
0.994954 0.007824 0.100031 -1.763255 -0.007061 0.999943 -0.007975 -2.028435 -0.100088 0.007228 0.994952 88.965269
0.993974 0.007884 0.109332 -1.730805 -0.007034 0.999942 -0.008159 -2.048699 -0.109390 0.007340 0.993972 89.701062
0.992849 0.007941 0.119113 -1.693813 -0.006996 0.999941 -0.008357 -2.068857 -0.119172 0.007464 0.992846 90.424448
0.991562 0.007995 0.129387 -1.652067 -0.006945 0.999939 -0.008570 -2.088907 -0.129448 0.007599 0.991557 91.135267
0.990096 0.008046 0.140165 -1.605354 -0.006881 0.999938 -0.008798 -2.108847 -0.140227 0.007746 0.990089 91.833370
0.988431 0.008094 0.151456 -1.553456 -0.006803 0.999936 -0.009040 -2.128675 -0.151520 0.007905 0.988423 92.518618
0.986548 0.008139 0.163270 -1.496155 -0.006711 0.999934 -0.009296 -2.148390 -0.163335 0.008075 0.986538 93.190885
0.984425 0.008182 0.175615 -1.433232 -0.006605 0.999932 -0.009566 -2.167989 -0.175682 0.008257 0.984412 93.850057
0.982039 0.008223 0.188497 -1.364466 -0.006482 0.999930 -0.009850 -2.187473 -0.188565 0.008451 0.982024 94.496029
0.979367 0.008262 0.201921 -1.289636 -0.006343 0.999928 -0.010147 -2.206839 -0.201990 0.008657 0.979349 95.128712
0.976382 0.008299 0.215890 -1.208521 -0.006187 0.999926 -0.010458 -2.226089 -0.215961 0.008875 0.976362 95.748025
0.973059 0.008335 0.230405 -1.120899 -0.006012 0.999924 -0.010780 -2.245221 -0.230477 0.009104 0.973035 96.353900
0.969369 0.008368 0.245465 -1.026550 -0.005818 0.999921 -0.011114 -2.264236 -0.245538 0.009346 0.969342 96.946282
0.965284 0.008401 0.261066 -0.925255 -0.005603 0.999919 -0.011459 -2.283136 -0.261141 0.009599 0.965253 97.525126
0.960774 0.008431 0.277203 -0.816796 -0.005366 0.999916 -0.011813 -2.301921 -0.277279 0.009862 0.960739 98.090402
0.955809 0.008460 0.293866 -0.700956 -0.005107 0.999913 -0.012176 -2.320592 -0.293943 0.010137 0.955769 98.642091
0.950358 0.008489 0.311042 -0.577521 -0.004825 0.999910 -0.012547 -2.339151 -0.311120 0.010423 0.950313 99.180189
0.944390 0.008516 0.328716 -0.446280 -0.004518 0.999906 -0.012923 -2.357600 -0.328795 0.010719 0.944340 99.704701
0.937875 0.008542 0.346868 -0.307025 -0.004186 0.999903 -0.013305 -2.375939 -0.346948 0.011026 0.937820 100.215650
0.930782 0.008569 0.365474 -0.159550 -0.003829 0.999899 -0.013691 -2.394172 -0.365554 0.011344 0.930721 100.713069
0.923083 0.008595 0.384506 -0.003653 -0.003446 0.999895 -0.014080 -2.412298 -0.384586 0.011672 0.923015 101.197003
0.914749 0.008622 0.403931 0.160865 -0.003035 0.999891 -0.014469 -2.430322 -0.404012 0.012010 0.914675 101.667513
0.905755 0.008648 0.423714 0.334197 -0.002596 0.999886 -0.014858 -2.448244 -0.423794 0.012357 0.905674 102.124668
0.896078 0.008675 0.443812 0.516533 -0.002130 0.999882 -0.015244 -2.466067 -0.443892 0.012714 0.895990 102.568554
0.885697 0.008702 0.464181 0.708059 -0.001634 0.999877 -0.015625 -2.483795 -0.464260 0.013080 0.885602 102.999265
0.874598 0.008729 0.484771 0.908952 -0.001111 0.999871 -0.015999 -2.501429 -0.484848 0.013454 0.874495 103.416909
0.862766 0.008756 0.505528 1.119386 -0.000559 0.999866 -0.016364 -2.518974 -0.505603 0.013835 0.862655 103.821604
0.850195 0.008784 0.526395 1.339527 0.000020 0.999860 -0.016717 -2.536432 -0.526468 0.014223 0.850076 104.213479
0.836882 0.008812 0.547312 1.569534 0.000627 0.999854 -0.017057 -2.553808 -0.547383 0.014617 0.836755 104.592671
0.822831 0.008841 0.568217 1.809559 0.001259 0.999848 -0.017381 -2.571106 -0.568284 0.015017 0.822695 104.959328
0.808052 0.008871 0.589045 2.059744 0.001917 0.999842 -0.017687 -2.588328 -0.589109 0.015421 0.807907 105.313610
0.792559 0.008902 0.609730 2.320224 0.002597 0.999835 -0.017973 -2.605478 -0.609790 0.015828 0.792405 105.655682
0.776376 0.008934 0.630207 2.591123 0.003298 0.999828 -0.018238 -2.622562 -0.630261 0.016238 0.776213 105.985721
0.759531 0.008968 0.650409 2.872557 0.004019 0.999821 -0.018478 -2.639584 -0.650458 0.016649 0.759359 106.303910
0.742060 0.009003 0.670273 3.164631 0.004755 0.999814 -0.018694 -2.656549 -0.670317 0.017059 0.741879 106.610437
0.724003 0.009039 0.689737 3.467436 0.005506 0.999807 -0.018882 -2.673462 -0.689775 0.017469 0.723813 106.905500
0.705408 0.009077 0.708744 3.781057 0.006268 0.999799 -0.019043 -2.690329 -0.708774 0.017875 0.705209 107.189299
0.686325 0.009117 0.727238 4.105563 0.007038 0.999791 -0.019175 -2.707155 -0.727261 0.018278 0.686118 107.462043
0.666811 0.009159 0.745170 4.441013 0.007812 0.999784 -0.019278 -2.723948 -0.745186 0.018676 0.666595 107.723941
0.646925 0.009202 0.762498 4.787454 0.008588 0.999776 -0.019352 -2.740712 -0.762505 0.019068 0.646701 107.975210
0.626729 0.009247 0.779183 5.144919 0.009362 0.999768 -0.019395 -2.757455 -0.779181 0.019451 0.626497 108.216068
0.606285 0.009293 0.795193 5.513430 0.010132 0.999760 -0.019409 -2.774183 -0.795183 0.019824 0.606046 108.446736
0.585659 0.009340 0.810504 5.892996 0.010893 0.999753 -0.019392 -2.790902 -0.810484 0.020186 0.585412 108.667438
0.564914 0.009388 0.825096 6.283613 0.011644 0.999745 -0.019347 -2.807618 -0.825067 0.020537 0.564661 108.878401
0.544115 0.009435 0.838958 6.685264 0.012380 0.999738 -0.019273 -2.824338 -0.838919 0.020874 0.543855 109.079849
0.523322 0.009483 0.852082 7.097919 0.013101 0.999730 -0.019172 -2.841067 -0.852034 0.021196 0.523057 109.272013
0.502596 0.009530 0.864469 7.521537 0.013803 0.999723 -0.019046 -2.857812 -0.864411 0.021504 0.502326 109.455120
0.481993 0.009577 0.876123 7.956064 0.014484 0.999717 -0.018896 -2.874580 -0.876055 0.021797 0.481718 109.629401
0.461567 0.009623 0.887053 8.401432 0.015142 0.999710 -0.018724 -2.891375 -0.886976 0.022074 0.461287 109.795085
0.441367 0.009667 0.897275 8.857563 0.015776 0.999704 -0.018531 -2.908206 -0.897188 0.022334 0.441084 109.952405
0.421440 0.009710 0.906805 9.324368 0.016385 0.999698 -0.018319 -2.925078 -0.906708 0.022578 0.421153 110.101591
0.401826 0.009750 0.915664 9.801745 0.016967 0.999692 -0.018091 -2.941998 -0.915559 0.022805 0.401537 110.242874
0.382564 0.009788 0.923877 10.289581 0.017522 0.999687 -0.017847 -2.958972 -0.923763 0.023016 0.382273 110.376484
0.363687 0.009821 0.931469 10.787755 0.018050 0.999682 -0.017588 -2.976005 -0.931346 0.023209 0.363395 110.502650
0.345225 0.009850 0.938468 11.296132 0.018550 0.999678 -0.017316 -2.993104 -0.938337 0.023386 0.344931 110.621601
0.327202 0.009874 0.944903 11.814569 0.019022 0.999674 -0.017033 -3.010275 -0.944763 0.023547 0.326907 110.733563
0.309640 0.009893 0.950802 12.342911 0.019466 0.999670 -0.016741 -3.027521 -0.950655 0.023692 0.309345 110.838760
0.292556 0.009908 0.956197 12.880997 0.019883 0.999667 -0.016441 -3.044849 -0.956042 0.023822 0.292262 110.937417
0.275965 0.009917 0.961117 13.428655 0.020272 0.999664 -0.016135 -3.062263 -0.960954 0.023937 0.275671 111.029753
0.259878 0.009921 0.965591 13.985705 0.020635 0.999662 -0.015824 -3.079768 -0.965421 0.024038 0.259585 111.115986
0.244302 0.009918 0.969649 14.551959 0.020972 0.999660 -0.015509 -3.097367 -0.969472 0.024125 0.244010 111.196333
0.229242 0.009910 0.973319 15.127223 0.021284 0.999658 -0.015191 -3.115066 -0.973137 0.024198 0.228953 111.271006
0.214702 0.009895 0.976630 15.711294 0.021570 0.999657 -0.014871 -3.132869 -0.976441 0.024258 0.214415 111.340215
0.200681 0.009875 0.979607 16.303962 0.021831 0.999656 -0.014550 -3.150782 -0.979413 0.024305 0.200396 111.404168
0.187177 0.009850 0.982277 16.905012 0.022068 0.999655 -0.014229 -3.168809 -0.982078 0.024340 0.186895 111.463067
0.174186 0.009819 0.984664 17.514223 0.022280 0.999655 -0.013910 -3.186955 -0.984461 0.024362 0.173907 111.517112
0.161703 0.009784 0.986791 18.131368 0.022470 0.999655 -0.013593 -3.205226 -0.986584 0.024371 0.161427 111.566496
0.149720 0.009743 0.988680 18.756217 0.022637 0.999656 -0.013279 -3.223626 -0.988469 0.024369 0.149448 111.611409
0.138229 0.009697 0.990353 19.388533 0.022782 0.999656 -0.012968 -3.242161 -0.990138 0.024355 0.137961 111.652036
0.127220 0.009646 0.991828 20.028078 0.022906 0.999657 -0.012660 -3.260834 -0.991610 0.024329 0.126955 111.688555
0.116681 0.009590 0.993123 20.674608 0.023008 0.999659 -0.012357 -3.279652 -0.992903 0.024292 0.116420 111.721140
0.106600 0.009530 0.994256 21.327877 0.023091 0.999661 -0.012057 -3.298618 -0.994034 0.024243 0.106344 111.749958
0.096964 0.009465 0.995243 21.987636 0.023153 0.999663 -0.011763 -3.317736 -0.995019 0.024184 0.096712 111.775172
0.087760 0.009397 0.996097 22.653633 0.023196 0.999665 -0.011474 -3.337011 -0.995872 0.024113 0.087513 111.796937
0.078973 0.009325 0.996833 23.325616 0.023221 0.999668 -0.011191 -3.356447 -0.996606 0.024031 0.078731 111.815402
0.070590 0.009249 0.997463 24.003330 0.023227 0.999671 -0.010914 -3.376046 -0.997235 0.023939 0.070352 111.830711
0.062595 0.009172 0.997997 24.686520 0.023217 0.999674 -0.010643 -3.395812 -0.997769 0.023836 0.062361 111.843001
0.054974 0.009091 0.998446 25.374934 0.023190 0.999677 -0.010379 -3.415748 -0.998218 0.023724 0.054745 111.852403
0.047712 0.009009 0.998820 26.068316 0.023146 0.999681 -0.010122 -3.435856 -0.998593 0.023602 0.047489 111.859044
0.040796 0.008925 0.999128 26.766414 0.023087 0.999685 -0.009873 -3.456140 -0.998901 0.023470 0.040577 111.863041
0.034210 0.008839 0.999376 27.468981 0.023013 0.999689 -0.009630 -3.476602 -0.999150 0.023328 0.033996 111.864509
0.027941 0.008753 0.999571 28.175770 0.022925 0.999693 -0.009395 -3.497245 -0.999347 0.023177 0.027732 111.863554
0.021974 0.008665 0.999721 28.886539 0.022823 0.999697 -0.009167 -3.518070 -0.999498 0.023018 0.021769 111.860276
0.016295 0.008578 0.999830 29.601053 0.022709 0.999702 -0.008947 -3.539080 -0.999609 0.022851 0.016095 111.854769
0.010890 0.008490 0.999905 30.319078 0.022583 0.999707 -0.008734 -3.560276 -0.999686 0.022676 0.010695 111.847123
0.005747 0.008402 0.999948 31.040390 0.022446 0.999712 -0.008529 -3.581660 -0.999732 0.022494 0.005557 111.837420
0.000853 0.008315 0.999965 31.764770 0.022299 0.999717 -0.008332 -3.603231 -0.999751 0.022306 0.000668 111.825739
-0.003804 0.008229 0.999959 32.492006 0.022144 0.999722 -0.008143 -3.624993 -0.999748 0.022112 -0.003985 111.812152
-0.008236 0.008143 0.999933 33.221892 0.021980 0.999727 -0.007960 -3.646945 -0.999724 0.021913 -0.008413 111.796728
-0.012455 0.008059 0.999890 33.954233 0.021809 0.999732 -0.007786 -3.669088 -0.999685 0.021709 -0.012627 111.779530
-0.016471 0.007976 0.999833 34.688839 0.021631 0.999737 -0.007619 -3.691423 -0.999630 0.021502 -0.016639 111.760618
-0.020294 0.007895 0.999763 35.425531 0.021448 0.999742 -0.007459 -3.713950 -0.999564 0.021291 -0.020458 111.740046
-0.023935 0.007816 0.999683 36.164139 0.021260 0.999747 -0.007307 -3.736672 -0.999487 0.021079 -0.024095 111.717865
-0.027404 0.007740 0.999594 36.904501 0.021069 0.999752 -0.007163 -3.759589 -0.999402 0.020864 -0.027560 111.694123
-0.030709 0.007666 0.999499 37.646466 0.020874 0.999757 -0.007026 -3.782701 -0.999310 0.020648 -0.030861 111.668865
-0.033860 0.007595 0.999398 38.389892 0.020677 0.999762 -0.006897 -3.806012 -0.999213 0.020432 -0.034009 111.642131
-0.036864 0.007526 0.999292 39.134646 0.020479 0.999767 -0.006774 -3.829522 -0.999110 0.020215 -0.037010 111.613960
-0.039731 0.007460 0.999183 39.880605 0.020280 0.999772 -0.006658 -3.853232 -0.999005 0.019999 -0.039873 111.584387
-0.042468 0.007396 0.999070 40.627657 0.020081 0.999777 -0.006547 -3.877144 -0.998896 0.019785 -0.042607 111.553443
-0.045083 0.007334 0.998956 41.375695 0.019883 0.999782 -0.006442 -3.901260 -0.998785 0.019572 -0.045219 111.521157
-0.047583 0.007274 0.998841 42.124626 0.019687 0.999786 -0.006343 -3.925581 -0.998673 0.019363 -0.047716 111.487557
-0.049976 0.007217 0.998724 42.874362 0.019493 0.999790 -0.006249 -3.950108 -0.998560 0.019156 -0.050106 111.452668
-0.052268 0.007162 0.998607 43.624826 0.019303 0.999795 -0.006161 -3.974843 -0.998447 0.018954 -0.052396 111.416511
-0.054467 0.007111 0.998490 44.375947 0.019116 0.999799 -0.006078 -3.999789 -0.998333 0.018756 -0.054592 111.379107
-0.056580 0.007064 0.998373 45.127665 0.018933 0.999803 -0.006001 -4.024947 -0.998219 0.018563 -0.056702 111.340475
-0.058612 0.007019 0.998256 45.879925 0.018754 0.999807 -0.005929 -4.050321 -0.998105 0.018374 -0.058733 111.300632
-0.060571 0.006978 0.998140 46.632682 0.018580 0.999810 -0.005862 -4.075914 -0.997991 0.018191 -0.060689 111.259593
-0.062462 0.006940 0.998023 47.385898 0.018411 0.999814 -0.005800 -4.101729 -0.997878 0.018012 -0.062578 111.217373
-0.064290 0.006904 0.997907 48.139540 0.018245 0.999817 -0.005742 -4.127769 -0.997764 0.017838 -0.064405 111.173985
-0.066063 0.006871 0.997792 48.893585 0.018084 0.999820 -0.005688 -4.154038 -0.997652 0.017669 -0.066175 111.129439
-0.067784 0.006841 0.997677 49.648012 0.017928 0.999823 -0.005638 -4.180538 -0.997539 0.017504 -0.067895 111.083746
-0.069459 0.006815 0.997562 50.402810 0.017776 0.999826 -0.005593 -4.207271 -0.997426 0.017344 -0.069568 111.036913
-0.071093 0.006793 0.997447 51.157974 0.017628 0.999829 -0.005553 -4.234234 -0.997314 0.017189 -0.071200 110.988947
-0.072689 0.006774 0.997332 51.913503 0.017486 0.999832 -0.005516 -4.261427 -0.997201 0.017038 -0.072795 110.939852
-0.074252 0.006758 0.997217 52.669405 0.017349 0.999834 -0.005484 -4.288844 -0.997089 0.016893 -0.074357 110.889634
-0.075785 0.006747 0.997101 53.425689 0.017217 0.999837 -0.005456 -4.316484 -0.996976 0.016753 -0.075888 110.838294
-0.077291 0.006739 0.996986 54.182374 0.017090 0.999839 -0.005433 -4.344340 -0.996862 0.016619 -0.077394 110.785836
-0.078774 0.006734 0.996870 54.939480 0.016969 0.999841 -0.005413 -4.372407 -0.996748 0.016489 -0.078876 110.732263
-0.080235 0.006734 0.996753 55.697033 0.016852 0.999843 -0.005398 -4.400682 -0.996633 0.016365 -0.080336 110.677575
-0.081678 0.006737 0.996636 56.455063 0.016742 0.999845 -0.005387 -4.429156 -0.996518 0.016245 -0.081778 110.621774
-0.083103 0.006745 0.996518 57.213602 0.016636 0.999847 -0.005380 -4.457825 -0.996402 0.016131 -0.083203 110.564862
-0.084513 0.006757 0.996399 57.972689 0.016537 0.999849 -0.005378 -4.486682 -0.996285 0.016022 -0.084612 110.506840
-0.085907 0.006773 0.996280 58.732362 0.016442 0.999850 -0.005379 -4.515722 -0.996167 0.015919 -0.086006 110.447708
-0.087289 0.006793 0.996160 59.492666 0.016353 0.999852 -0.005386 -4.544938 -0.996049 0.015820 -0.087387 110.387470
-0.088656 0.006818 0.996039 60.253644 0.016270 0.999853 -0.005396 -4.574324 -0.995929 0.015727 -0.088754 110.326125
-0.090011 0.006848 0.995917 61.015346 0.016192 0.999854 -0.005412 -4.603876 -0.995809 0.015639 -0.090109 110.263676
-0.091353 0.006882 0.995795 61.777818 0.016120 0.999855 -0.005431 -4.633586 -0.995688 0.015556 -0.091451 110.200126
-0.092683 0.006921 0.995672 62.541112 0.016053 0.999856 -0.005456 -4.663451 -0.995566 0.015478 -0.092780 110.135476
-0.093999 0.006965 0.995548 63.305278 0.015992 0.999857 -0.005485 -4.693464 -0.995444 0.015405 -0.094096 110.069731
-0.095301 0.007014 0.995424 64.070366 0.015936 0.999858 -0.005519 -4.723622 -0.995321 0.015337 -0.095399 110.002894
-0.096589 0.007067 0.995299 64.836427 0.015885 0.999858 -0.005558 -4.753918 -0.995198 0.015273 -0.096688 109.934971
-0.097863 0.007125 0.995174 65.603508 0.015839 0.999859 -0.005601 -4.784349 -0.995074 0.015214 -0.097962 109.865968
-0.099120 0.007187 0.995049 66.371657 0.015797 0.999859 -0.005649 -4.814909 -0.994950 0.015159 -0.099220 109.795893
-0.100362 0.007254 0.994925 67.140916 0.015759 0.999860 -0.005701 -4.845593 -0.994826 0.015107 -0.100462 109.724753
-0.101587 0.007326 0.994800 67.911328 0.015725 0.999860 -0.005757 -4.876399 -0.994702 0.015058 -0.101688 109.652558
-0.102794 0.007402 0.994675 68.682931 0.015694 0.999860 -0.005819 -4.907321 -0.994579 0.015013 -0.102895 109.579317
-0.103982 0.007484 0.994551 69.455760 0.015666 0.999860 -0.005886 -4.938357 -0.994456 0.014969 -0.104085 109.505042
-0.105153 0.007570 0.994427 70.229847 0.015641 0.999860 -0.005958 -4.969501 -0.994333 0.014928 -0.105257 109.429744
-0.106305 0.007662 0.994304 71.005218 0.015618 0.999860 -0.006035 -5.000750 -0.994211 0.014888 -0.106410 109.353435
-0.107438 0.007760 0.994181 71.781896 0.015597 0.999860 -0.006119 -5.032102 -0.994089 0.014849 -0.107544 109.276127
-0.108553 0.007863 0.994060 72.559901 0.015577 0.999859 -0.006208 -5.063551 -0.993969 0.014810 -0.108660 109.197834
-0.109649 0.007971 0.993938 73.339245 0.015557 0.999859 -0.006303 -5.095094 -0.993849 0.014772 -0.109758 109.118566
-0.110728 0.008085 0.993818 74.119938 0.015539 0.999859 -0.006403 -5.126727 -0.993729 0.014734 -0.110838 109.038339
-0.111790 0.008204 0.993698 74.901981 0.015520 0.999858 -0.006509 -5.158445 -0.993611 0.014695 -0.111902 108.957163
-0.112836 0.008328 0.993579 75.685371 0.015502 0.999858 -0.006620 -5.190245 -0.993493 0.014655 -0.112949 108.875051
-0.113868 0.008459 0.993460 76.470100 0.015484 0.999857 -0.006738 -5.222122 -0.993375 0.014615 -0.113983 108.792014
-0.114886 0.008595 0.993341 77.256154 0.015465 0.999857 -0.006863 -5.254072 -0.993258 0.014574 -0.115003 108.708064
-0.115893 0.008738 0.993223 78.043513 0.015446 0.999856 -0.006994 -5.286090 -0.993142 0.014530 -0.116011 108.623211
-0.116889 0.008888 0.993105 78.832152 0.015426 0.999856 -0.007133 -5.318171 -0.993025 0.014485 -0.117009 108.537464
-0.117877 0.009045 0.992987 79.622040 0.015404 0.999855 -0.007279 -5.350312 -0.992909 0.014438 -0.118000 108.450832
-0.118859 0.009209 0.992868 80.413143 0.015381 0.999854 -0.007432 -5.382507 -0.992792 0.014388 -0.118983 108.363324
-0.119836 0.009380 0.992749 81.205420 0.015356 0.999853 -0.007594 -5.414752 -0.992675 0.014335 -0.119963 108.274947
-0.120811 0.009558 0.992630 81.998827 0.015329 0.999852 -0.007762 -5.447041 -0.992557 0.014279 -0.120939 108.185705
-0.121784 0.009744 0.992509 82.793313 0.015301 0.999851 -0.007939 -5.479371 -0.992439 0.014219 -0.121915 108.095604
-0.122759 0.009937 0.992387 83.588827 0.015271 0.999850 -0.008123 -5.511734 -0.992319 0.014157 -0.122892 108.004647
-0.123736 0.010137 0.992263 84.385310 0.015240 0.999849 -0.008314 -5.544126 -0.992198 0.014093 -0.123872 107.912836
-0.124719 0.010345 0.992138 85.182703 0.015208 0.999848 -0.008514 -5.576540 -0.992076 0.014026 -0.124857 107.820173
-0.125707 0.010561 0.992011 85.980938 0.015176 0.999847 -0.008722 -5.608971 -0.991951 0.013958 -0.125848 107.726656
-0.126704 0.010786 0.991882 86.779950 0.015145 0.999845 -0.008938 -5.641411 -0.991825 0.013889 -0.126848 107.632284
-0.127710 0.011019 0.991750 87.579666 0.015114 0.999844 -0.009162 -5.673855 -0.991696 0.013820 -0.127857 107.537057
-0.128728 0.011259 0.991616 88.380013 0.015086 0.999842 -0.009394 -5.706296 -0.991565 0.013750 -0.128878 107.440971
-0.129759 0.011508 0.991479 89.180912 0.015060 0.999840 -0.009634 -5.738733 -0.991431 0.013681 -0.129912 107.344024
-0.130805 0.011765 0.991338 89.982283 0.015036 0.999838 -0.009882 -5.771163 -0.991294 0.013613 -0.130960 107.246211
-0.131866 0.012029 0.991195 90.784042 0.015016 0.999836 -0.010136 -5.803585 -0.991154 0.013547 -0.132025 107.147529
-0.132945 0.012301 0.991047 91.586102 0.015000 0.999833 -0.010398 -5.836001 -0.991010 0.013483 -0.133107 107.047974
-0.134043 0.012580 0.990896 92.388375 0.014988 0.999831 -0.010666 -5.868411 -0.990862 0.013422 -0.134209 106.947538
-0.135161 0.012867 0.990740 93.190769 0.014982 0.999828 -0.010941 -5.900817 -0.990710 0.013365 -0.135330 106.846217
-0.136300 0.013160 0.990580 93.993189 0.014982 0.999825 -0.011221 -5.933223 -0.990554 0.013312 -0.136473 106.744004
-0.137461 0.013460 0.990416 94.795540 0.014989 0.999821 -0.011508 -5.965630 -0.990394 0.013264 -0.137639 106.640893
-0.138646 0.013768 0.990246 95.597724 0.015003 0.999818 -0.011800 -5.998042 -0.990228 0.013221 -0.138828 106.536875
-0.139856 0.014081 0.990072 96.399641 0.015025 0.999814 -0.012097 -6.030462 -0.990058 0.013184 -0.140041 106.431944
-0.141090 0.014401 0.989892 97.201191 0.015056 0.999810 -0.012399 -6.062893 -0.989882 0.013155 -0.141280 106.326092
-0.142350 0.014726 0.989707 98.002270 0.015096 0.999805 -0.012705 -6.095338 -0.989701 0.013132 -0.142544 106.219311
-0.143635 0.015057 0.989516 98.802776 0.015146 0.999801 -0.013014 -6.127800 -0.989515 0.013118 -0.143835 106.111593
-0.144947 0.015392 0.989320 99.602604 0.015206 0.999796 -0.013327 -6.160282 -0.989323 0.013112 -0.145151 106.002932
-0.146285 0.015732 0.989117 100.401649 0.015277 0.999790 -0.013642 -6.192787 -0.989125 0.013115 -0.146495 105.893319
-0.147649 0.016076 0.988909 101.199804 0.015360 0.999785 -0.013959 -6.225316 -0.988921 0.013129 -0.147864 105.782748
-0.149038 0.016424 0.988695 101.996966 0.015455 0.999779 -0.014278 -6.257871 -0.988711 0.013152 -0.149259 105.671212
-0.150452 0.016775 0.988475 102.793027 0.015562 0.999772 -0.014598 -6.290454 -0.988495 0.013187 -0.150679 105.558705
-0.151891 0.017129 0.988249 103.587882 0.015683 0.999766 -0.014918 -6.323067 -0.988273 0.013233 -0.152124 105.445221
-0.153353 0.017486 0.988017 104.381427 0.015817 0.999759 -0.015239 -6.355710 -0.988045 0.013291 -0.153592 105.330754
-0.154836 0.017845 0.987779 105.173558 0.015966 0.999751 -0.015559 -6.388385 -0.987811 0.013362 -0.155083 105.215299
-0.156341 0.018206 0.987535 105.964173 0.016129 0.999744 -0.015878 -6.421091 -0.987571 0.013446 -0.156594 105.098854
-0.157865 0.018569 0.987286 106.753170 0.016307 0.999736 -0.016196 -6.453829 -0.987326 0.013543 -0.158126 104.981414
-0.159407 0.018933 0.987031 107.540451 0.016501 0.999728 -0.016512 -6.486598 -0.987075 0.013655 -0.159675 104.862979
-0.160965 0.019298 0.986771 108.325918 0.016710 0.999719 -0.016825 -6.519398 -0.986819 0.013780 -0.161242 104.743546
-0.162538 0.019662 0.986506 109.109475 0.016934 0.999710 -0.017135 -6.552227 -0.986557 0.013921 -0.162824 104.623116
-0.164123 0.020026 0.986237 109.891031 0.017175 0.999700 -0.017441 -6.585084 -0.986290 0.014076 -0.164418 104.501689
-0.165719 0.020389 0.985962 110.670494 0.017433 0.999691 -0.017743 -6.617966 -0.986019 0.014248 -0.166023 104.379269
-0.167323 0.020749 0.985684 111.447777 0.017706 0.999681 -0.018038 -6.650871 -0.985743 0.014435 -0.167637 104.255860
-0.168931 0.021107 0.985402 112.222792 0.017997 0.999670 -0.018328 -6.683797 -0.985463 0.014638 -0.169256 104.131467
-0.170542 0.021463 0.985117 112.995458 0.018304 0.999659 -0.018611 -6.716741 -0.985180 0.014858 -0.170877 104.006100
-0.172153 0.021815 0.984829 113.765693 0.018628 0.999648 -0.018887 -6.749700 -0.984894 0.015094 -0.172499 103.879769
-0.173760 0.022163 0.984539 114.533422 0.018968 0.999637 -0.019156 -6.782671 -0.984605 0.015346 -0.174117 103.752486
-0.175359 0.022507 0.984247 115.298571 0.019324 0.999625 -0.019416 -6.815651 -0.984315 0.015614 -0.175728 103.624267
-0.176948 0.022846 0.983955 116.061069 0.019695 0.999613 -0.019667 -6.848636 -0.984023 0.015899 -0.177330 103.495130
-0.178524 0.023178 0.983663 116.820847 0.020081 0.999600 -0.019909 -6.881623 -0.983731 0.016199 -0.178918 103.365094
-0.180082 0.023505 0.983371 117.577841 0.020482 0.999587 -0.020142 -6.914607 -0.983438 0.016515 -0.180489 103.234183
-0.181620 0.023824 0.983080 118.331990 0.020897 0.999574 -0.020363 -6.947585 -0.983147 0.016845 -0.182041 103.102421
-0.183135 0.024137 0.982791 119.083234 0.021325 0.999561 -0.020575 -6.980553 -0.982857 0.017191 -0.183569 102.969836
-0.184622 0.024441 0.982506 119.831517 0.021767 0.999547 -0.020775 -7.013506 -0.982569 0.017550 -0.185070 102.836457
-0.186078 0.024737 0.982223 120.576786 0.022220 0.999533 -0.020963 -7.046440 -0.982284 0.017924 -0.186541 102.702318
-0.187501 0.025024 0.981946 121.318991 0.022684 0.999519 -0.021140 -7.079350 -0.982002 0.018311 -0.187979 102.567453
-0.188887 0.025300 0.981673 122.058084 0.023159 0.999505 -0.021304 -7.112234 -0.981726 0.018710 -0.189379 102.431900
-0.190232 0.025567 0.981406 122.794020 0.023642 0.999490 -0.021455 -7.145085 -0.981454 0.019121 -0.190740 102.295698
-0.191535 0.025822 0.981146 123.526755 0.024133 0.999476 -0.021593 -7.177899 -0.981189 0.019542 -0.192058 102.158890
-0.192791 0.026066 0.980894 124.256251 0.024631 0.999461 -0.021718 -7.210672 -0.980931 0.019973 -0.193329 102.021520
-0.193999 0.026298 0.980649 124.982469 0.025133 0.999446 -0.021830 -7.243399 -0.980680 0.020412 -0.194552 101.883634
-0.195155 0.026517 0.980414 125.705374 0.025640 0.999431 -0.021928 -7.276075 -0.980437 0.020858 -0.195724 101.745281
-0.196258 0.026723 0.980188 126.424935 0.026149 0.999416 -0.022012 -7.308695 -0.980204 0.021311 -0.196842 101.606509
-0.197305 0.026915 0.979973 127.141121 0.026658 0.999401 -0.022082 -7.341253 -0.979980 0.021768 -0.197904 101.467369
-0.198294 0.027094 0.979768 127.853905 0.027168 0.999386 -0.022138 -7.373744 -0.979766 0.022229 -0.198908 101.327913
-0.199223 0.027259 0.979575 128.563264 0.027676 0.999371 -0.022181 -7.406161 -0.979563 0.022692 -0.199852 101.188195
-0.200091 0.027409 0.979394 129.269176 0.028181 0.999356 -0.022210 -7.438496 -0.979372 0.023156 -0.200735 101.048268
-0.200897 0.027544 0.979225 129.971622 0.028681 0.999341 -0.022226 -7.470742 -0.979192 0.023620 -0.201554 100.908188
-0.201638 0.027666 0.979069 130.670586 0.029175 0.999327 -0.022229 -7.502892 -0.979025 0.024082 -0.202310 100.768008
-0.202315 0.027772 0.978927 131.366055 0.029662 0.999313 -0.022220 -7.534937 -0.978871 0.024542 -0.203000 100.627787
-0.202926 0.027864 0.978797 132.058021 0.030140 0.999299 -0.022199 -7.566870 -0.978730 0.024996 -0.203624 100.487578
-0.203471 0.027940 0.978682 132.746475 0.030608 0.999286 -0.022164 -7.598682 -0.978602 0.025445 -0.204181 100.347439
-0.203949 0.028000 0.978581 133.431413 0.031064 0.999273 -0.022118 -7.630364 -0.978488 0.025887 -0.204671 100.207424
-0.204361 0.028044 0.978494 134.112834 0.031507 0.999260 -0.022059 -7.661910 -0.978388 0.026321 -0.205093 100.067590
-0.204706 0.028073 0.978421 134.790739 0.031936 0.999248 -0.021989 -7.693310 -0.978302 0.026745 -0.205449 99.927990
-0.204986 0.028085 0.978362 135.465131 0.032349 0.999237 -0.021907 -7.724556 -0.978230 0.027159 -0.205738 99.788679
-0.205201 0.028082 0.978317 136.136017 0.032747 0.999226 -0.021814 -7.755641 -0.978172 0.027560 -0.205962 99.649709
-0.205353 0.028063 0.978285 136.803406 0.033126 0.999215 -0.021710 -7.786555 -0.978127 0.027949 -0.206122 99.511130
-0.205445 0.028027 0.978267 137.467309 0.033486 0.999206 -0.021595 -7.817292 -0.978096 0.028322 -0.206220 99.372993
-0.205478 0.027976 0.978262 138.127741 0.033827 0.999197 -0.021469 -7.847844 -0.978077 0.028680 -0.206259 99.235343
-0.205456 0.027908 0.978268 138.784715 0.034146 0.999189 -0.021334 -7.878204 -0.978070 0.029021 -0.206243 99.098226
-0.205383 0.027825 0.978286 139.438251 0.034443 0.999182 -0.021188 -7.908363 -0.978075 0.029343 -0.206174 98.961683
-0.205263 0.027726 0.978314 140.088368 0.034717 0.999176 -0.021033 -7.938315 -0.978091 0.029647 -0.206057 98.825752
-0.205101 0.027611 0.978351 140.735087 0.034968 0.999171 -0.020868 -7.968052 -0.978116 0.029931 -0.205896 98.690471
-0.204900 0.027481 0.978397 141.378432 0.035195 0.999166 -0.020694 -7.997569 -0.978150 0.030195 -0.205697 98.555870
-0.204667 0.027336 0.978450 142.018427 0.035399 0.999163 -0.020510 -8.026857 -0.978191 0.030438 -0.205464 98.421979
-0.204407 0.027177 0.978509 142.655098 0.035579 0.999160 -0.020318 -8.055911 -0.978239 0.030661 -0.205202 98.288822
-0.204123 0.027003 0.978573 143.288472 0.035735 0.999159 -0.020117 -8.084726 -0.978293 0.030863 -0.204916 98.156421
-0.203820 0.026816 0.978641 143.918575 0.035868 0.999158 -0.019908 -8.113294 -0.978351 0.031044 -0.204611 98.024795
-0.203504 0.026615 0.978712 144.545438 0.035977 0.999159 -0.019691 -8.141613 -0.978413 0.031204 -0.204290 97.893961
-0.203178 0.026402 0.978786 145.169089 0.036064 0.999160 -0.019465 -8.169676 -0.978477 0.031344 -0.203959 97.763932
-0.202847 0.026177 0.978861 145.789557 0.036128 0.999162 -0.019233 -8.197479 -0.978544 0.031463 -0.203622 97.634720
-0.202514 0.025940 0.978936 146.406873 0.036169 0.999165 -0.018993 -8.225019 -0.978611 0.031560 -0.203283 97.506332
-0.202185 0.025692 0.979010 147.021068 0.036188 0.999169 -0.018747 -8.252293 -0.978679 0.031638 -0.202946 97.378773
-0.201862 0.025433 0.979084 147.632174 0.036185 0.999174 -0.018495 -8.279296 -0.978745 0.031695 -0.202615 97.252047
-0.201548 0.025166 0.979155 148.240221 0.036161 0.999180 -0.018237 -8.306027 -0.978811 0.031732 -0.202293 97.126153
-0.201247 0.024889 0.979224 148.845243 0.036117 0.999186 -0.017974 -8.332482 -0.978874 0.031749 -0.201982 97.001089
-0.200961 0.024605 0.979290 149.447273 0.036052 0.999193 -0.017706 -8.358660 -0.978936 0.031748 -0.201686 96.876852
-0.200692 0.024313 0.979353 150.046345 0.035969 0.999201 -0.017435 -8.384558 -0.978994 0.031728 -0.201406 96.753435
