0.999913 0.006635 -0.011357 -0.128296 -0.006648 0.999977 -0.001090 -0.194466 0.011349 0.001165 0.999935 8.817556
0.999913 0.006671 -0.011396 -0.137463 -0.006684 0.999977 -0.001034 -0.207474 0.011389 0.001110 0.999935 9.424315
0.999912 0.006708 -0.011435 -0.146981 -0.006720 0.999977 -0.000978 -0.220889 0.011428 0.001054 0.999934 10.052078
0.999911 0.006746 -0.011470 -0.156853 -0.006757 0.999977 -0.000920 -0.234714 0.011464 0.000998 0.999934 10.701088
0.999911 0.006784 -0.011502 -0.167082 -0.006794 0.999977 -0.000863 -0.248952 0.011496 0.000941 0.999933 11.371573
0.999910 0.006822 -0.011530 -0.177671 -0.006832 0.999976 -0.000805 -0.263603 0.011525 0.000884 0.999933 12.063756
0.999910 0.006860 -0.011553 -0.188620 -0.006870 0.999976 -0.000747 -0.278671 0.011548 0.000827 0.999933 12.777847
0.999909 0.006899 -0.011571 -0.199932 -0.006908 0.999976 -0.000689 -0.294156 0.011566 0.000769 0.999933 13.514046
0.999909 0.006938 -0.011583 -0.211604 -0.006946 0.999976 -0.000630 -0.310060 0.011578 0.000711 0.999933 14.272545
0.999909 0.006978 -0.011587 -0.223638 -0.006985 0.999975 -0.000571 -0.326383 0.011583 0.000652 0.999933 15.053525
0.999908 0.007017 -0.011585 -0.236030 -0.007024 0.999975 -0.000512 -0.343127 0.011581 0.000594 0.999933 15.857156
0.999908 0.007057 -0.011575 -0.248779 -0.007063 0.999975 -0.000453 -0.360291 0.011572 0.000535 0.999933 16.683600
0.999908 0.007097 -0.011557 -0.261879 -0.007102 0.999975 -0.000394 -0.377877 0.011554 0.000476 0.999933 17.533007
0.999908 0.007138 -0.011531 -0.275328 -0.007142 0.999974 -0.000335 -0.395884 0.011528 0.000418 0.999933 18.405519
0.999908 0.007178 -0.011496 -0.289119 -0.007182 0.999974 -0.000277 -0.414313 0.011494 0.000359 0.999934 19.301268
0.999908 0.007218 -0.011452 -0.303245 -0.007221 0.999974 -0.000219 -0.433162 0.011451 0.000302 0.999934 20.220375
0.999909 0.007259 -0.011400 -0.317700 -0.007261 0.999974 -0.000161 -0.452433 0.011398 0.000244 0.999935 21.162952
0.999909 0.007299 -0.011339 -0.332475 -0.007301 0.999973 -0.000105 -0.472125 0.011338 0.000188 0.999936 22.129102
0.999910 0.007339 -0.011269 -0.347561 -0.007340 0.999973 -0.000049 -0.492237 0.011268 0.000132 0.999937 23.118917
0.999910 0.007378 -0.011190 -0.362948 -0.007379 0.999973 0.000005 -0.512770 0.011190 0.000078 0.999937 24.132480
0.999911 0.007418 -0.011103 -0.378627 -0.007417 0.999972 0.000057 -0.533723 0.011103 0.000025 0.999938 25.169864
0.999912 0.007456 -0.011008 -0.394585 -0.007455 0.999972 0.000108 -0.555096 0.011009 -0.000026 0.999939 26.231133
0.999912 0.007494 -0.010906 -0.410812 -0.007493 0.999972 0.000158 -0.576889 0.010907 -0.000076 0.999941 27.316342
0.999913 0.007532 -0.010796 -0.427296 -0.007530 0.999972 0.000205 -0.599103 0.010797 -0.000124 0.999942 28.425534
0.999914 0.007569 -0.010679 -0.444024 -0.007567 0.999971 0.000251 -0.621736 0.010680 -0.000170 0.999943 29.558744
0.999915 0.007606 -0.010555 -0.460984 -0.007603 0.999971 0.000295 -0.644789 0.010557 -0.000215 0.999944 30.715998
0.999916 0.007658 -0.010428 -0.475885 -0.007655 0.999971 0.000363 -0.664459 0.010430 -0.000283 0.999946 31.730760
0.999917 0.007711 -0.010292 -0.490817 -0.007707 0.999970 0.000429 -0.684287 0.010295 -0.000350 0.999947 32.757783
0.999918 0.007765 -0.010146 -0.505759 -0.007760 0.999970 0.000494 -0.704263 0.010149 -0.000415 0.999948 33.796580
0.999920 0.007818 -0.009990 -0.520688 -0.007813 0.999969 0.000557 -0.724377 0.009994 -0.000479 0.999950 34.846666
0.999921 0.007871 -0.009824 -0.535582 -0.007866 0.999969 0.000618 -0.744620 0.009828 -0.000541 0.999952 35.907553
0.999922 0.007925 -0.009648 -0.550419 -0.007919 0.999968 0.000678 -0.764984 0.009653 -0.000601 0.999953 36.978754
0.999923 0.007979 -0.009461 -0.565174 -0.007972 0.999968 0.000735 -0.785460 0.009467 -0.000660 0.999955 38.059785
0.999925 0.008033 -0.009264 -0.579825 -0.008026 0.999967 0.000790 -0.806039 0.009270 -0.000716 0.999957 39.150159
0.999926 0.008088 -0.009055 -0.594350 -0.008080 0.999967 0.000844 -0.826715 0.009062 -0.000770 0.999959 40.249389
0.999928 0.008142 -0.008835 -0.608722 -0.008135 0.999967 0.000894 -0.847478 0.008842 -0.000823 0.999961 41.356990
0.999929 0.008198 -0.008604 -0.622920 -0.008190 0.999966 0.000943 -0.868322 0.008611 -0.000872 0.999963 42.472478
0.999931 0.008254 -0.008361 -0.636918 -0.008246 0.999966 0.000989 -0.889240 0.008369 -0.000920 0.999965 43.595367
0.999933 0.008310 -0.008106 -0.650692 -0.008302 0.999965 0.001033 -0.910225 0.008114 -0.000966 0.999967 44.725173
0.999934 0.008366 -0.007838 -0.664216 -0.008358 0.999964 0.001074 -0.931269 0.007847 -0.001008 0.999969 45.861413
0.999936 0.008422 -0.007558 -0.677465 -0.008414 0.999964 0.001112 -0.952367 0.007567 -0.001049 0.999971 47.003604
0.999938 0.008479 -0.007266 -0.690414 -0.008471 0.999963 0.001148 -0.973512 0.007275 -0.001086 0.999973 48.151263
0.999939 0.008535 -0.006960 -0.703038 -0.008527 0.999963 0.001181 -0.994698 0.006970 -0.001121 0.999975 49.303910
0.999941 0.008592 -0.006642 -0.715311 -0.008584 0.999962 0.001211 -1.015919 0.006653 -0.001154 0.999977 50.461065
0.999943 0.008647 -0.006312 -0.727208 -0.008640 0.999962 0.001238 -1.037168 0.006322 -0.001184 0.999979 51.622249
0.999944 0.008703 -0.005968 -0.738705 -0.008696 0.999961 0.001263 -1.058439 0.005979 -0.001211 0.999981 52.786982
0.999946 0.008758 -0.005612 -0.749778 -0.008751 0.999961 0.001285 -1.079728 0.005624 -0.001235 0.999983 53.954790
0.999947 0.008813 -0.005244 -0.760402 -0.008806 0.999960 0.001303 -1.101026 0.005256 -0.001257 0.999985 55.125196
0.999949 0.008867 -0.004864 -0.770554 -0.008861 0.999960 0.001319 -1.122330 0.004875 -0.001276 0.999987 56.297726
0.999950 0.008921 -0.004472 -0.780213 -0.008915 0.999959 0.001332 -1.143633 0.004484 -0.001292 0.999989 57.471908
0.999951 0.008974 -0.004068 -0.789358 -0.008969 0.999959 0.001343 -1.164928 0.004080 -0.001306 0.999991 58.647270
0.999953 0.009027 -0.003654 -0.797967 -0.009022 0.999958 0.001350 -1.186211 0.003666 -0.001317 0.999992 59.823344
0.999954 0.009079 -0.003230 -0.806056 -0.009075 0.999958 0.001355 -1.207543 0.003242 -0.001325 0.999994 61.002545
0.999954 0.009129 -0.002797 -0.813610 -0.009126 0.999957 0.001355 -1.228923 0.002809 -0.001330 0.999995 62.184648
0.999955 0.009179 -0.002356 -0.820616 -0.009175 0.999957 0.001352 -1.250350 0.002369 -0.001331 0.999996 63.369439
0.999956 0.009226 -0.001909 -0.827062 -0.009224 0.999957 0.001346 -1.271826 0.001921 -0.001328 0.999997 64.556714
0.999956 0.009273 -0.001456 -0.832937 -0.009271 0.999956 0.001335 -1.293350 0.001468 -0.001322 0.999998 65.746282
0.999956 0.009318 -0.000999 -0.838235 -0.009316 0.999956 0.001321 -1.314924 0.001011 -0.001312 0.999999 66.937961
0.999956 0.009361 -0.000539 -0.842947 -0.009360 0.999955 0.001304 -1.336548 0.000551 -0.001298 0.999999 68.131582
0.999956 0.009403 -0.000077 -0.847071 -0.009403 0.999955 0.001282 -1.358224 0.000089 -0.001281 0.999999 69.326986
0.999955 0.009444 0.000384 -0.850604 -0.009444 0.999955 0.001256 -1.379953 -0.000372 -0.001260 0.999999 70.524026
0.999955 0.009483 0.000843 -0.853547 -0.009484 0.999954 0.001227 -1.401736 -0.000831 -0.001235 0.999999 71.722565
0.999954 0.009520 0.001299 -0.855901 -0.009522 0.999954 0.001194 -1.423577 -0.001287 -0.001207 0.999998 72.922479
0.999953 0.009556 0.001749 -0.857672 -0.009558 0.999954 0.001158 -1.445477 -0.001738 -0.001175 0.999998 74.123652
0.999952 0.009591 0.002193 -0.858867 -0.009594 0.999953 0.001119 -1.467438 -0.002182 -0.001140 0.999997 75.325980
0.999950 0.009625 0.002629 -0.859495 -0.009628 0.999953 0.001076 -1.489462 -0.002618 -0.001102 0.999996 76.529370
0.999949 0.009658 0.003054 -0.859568 -0.009661 0.999953 0.001031 -1.511552 -0.003044 -0.001060 0.999995 77.733738
0.999947 0.009689 0.003468 -0.859100 -0.009693 0.999953 0.000983 -1.533709 -0.003458 -0.001016 0.999994 78.939012
0.999945 0.009720 0.003869 -0.858105 -0.009724 0.999952 0.000932 -1.555937 -0.003860 -0.000970 0.999992 80.145128
0.999943 0.009751 0.004256 -0.856603 -0.009755 0.999952 0.000880 -1.578236 -0.004247 -0.000921 0.999991 81.352034
0.999941 0.009781 0.004627 -0.854612 -0.009784 0.999952 0.000826 -1.600609 -0.004619 -0.000871 0.999989 82.559687
0.999939 0.009810 0.004983 -0.852152 -0.009814 0.999952 0.000770 -1.623056 -0.004975 -0.000819 0.999987 83.768056
0.999937 0.009839 0.005320 -0.849246 -0.009843 0.999951 0.000713 -1.645580 -0.005313 -0.000765 0.999986 84.977116
0.999935 0.009867 0.005640 -0.845918 -0.009871 0.999951 0.000655 -1.668182 -0.005633 -0.000710 0.999984 86.186855
0.999933 0.009896 0.005941 -0.842190 -0.009900 0.999951 0.000596 -1.690863 -0.005935 -0.000655 0.999982 87.397270
0.999931 0.009924 0.006222 -0.838090 -0.009928 0.999951 0.000536 -1.713624 -0.006216 -0.000598 0.999981 88.608367
0.999929 0.009952 0.006482 -0.833644 -0.009955 0.999950 0.000475 -1.736466 -0.006477 -0.000540 0.999979 89.820163
0.999928 0.009979 0.006721 -0.828877 -0.009982 0.999950 0.000415 -1.759390 -0.006717 -0.000482 0.999977 91.032684
0.999926 0.010006 0.006939 -0.823820 -0.010009 0.999950 0.000354 -1.782398 -0.006935 -0.000423 0.999976 92.245966
0.999924 0.010033 0.007134 -0.818499 -0.010035 0.999950 0.000293 -1.805490 -0.007131 -0.000364 0.999975 93.460045
0.999923 0.010059 0.007307 -0.812945 -0.010061 0.999949 0.000232 -1.828665 -0.007304 -0.000306 0.999973 94.674955
0.999921 0.010084 0.007457 -0.807185 -0.010086 0.999949 0.000172 -1.851925 -0.007454 -0.000248 0.999972 95.890732
0.999920 0.010109 0.007583 -0.801250 -0.010110 0.999949 0.000113 -1.875268 -0.007581 -0.000190 0.999971 97.107410
0.999919 0.010133 0.007686 -0.795170 -0.010133 0.999949 0.000055 -1.898694 -0.007685 -0.000133 0.999970 98.325023
0.999918 0.010155 0.007764 -0.788975 -0.010155 0.999948 -0.000002 -1.922202 -0.007764 -0.000076 0.999970 99.543605
0.999918 0.010176 0.007818 -0.782697 -0.010176 0.999948 -0.000058 -1.945790 -0.007818 -0.000021 0.999969 100.763188
0.999917 0.010195 0.007847 -0.776365 -0.010194 0.999948 -0.000113 -1.969459 -0.007848 0.000033 0.999969 101.983803
0.999917 0.010212 0.007851 -0.770012 -0.010211 0.999948 -0.000166 -1.993206 -0.007852 0.000086 0.999969 103.205481
0.999917 0.010227 0.007830 -0.763669 -0.010225 0.999948 -0.000218 -2.017030 -0.007831 0.000138 0.999969 104.428249
0.999917 0.010239 0.007783 -0.757368 -0.010238 0.999948 -0.000268 -2.040930 -0.007785 0.000188 0.999970 105.652137
0.999918 0.010250 0.007710 -0.751143 -0.010248 0.999947 -0.000316 -2.064905 -0.007713 0.000237 0.999970 106.877169
0.999918 0.010259 0.007612 -0.745025 -0.010257 0.999947 -0.000363 -2.088954 -0.007616 0.000285 0.999971 108.103370
0.999919 0.010267 0.007489 -0.739047 -0.010264 0.999947 -0.000408 -2.113076 -0.007492 0.000331 0.999972 109.330761
0.999920 0.010272 0.007340 -0.733241 -0.010269 0.999947 -0.000451 -2.137269 -0.007344 0.000376 0.999973 110.559363
0.999922 0.010276 0.007166 -0.727640 -0.010273 0.999947 -0.000493 -2.161533 -0.007170 0.000419 0.999974 111.789193
0.999923 0.010280 0.006967 -0.722276 -0.010276 0.999947 -0.000533 -2.185868 -0.006972 0.000461 0.999976 113.020266
0.999924 0.010282 0.006743 -0.717179 -0.010278 0.999947 -0.000571 -2.210272 -0.006749 0.000502 0.999977 114.252596
0.999926 0.010283 0.006496 -0.712380 -0.010279 0.999947 -0.000608 -2.234745 -0.006501 0.000541 0.999979 115.486192
0.999928 0.010284 0.006225 -0.707909 -0.010280 0.999947 -0.000643 -2.259287 -0.006231 0.000579 0.999980 116.721061
0.999930 0.010284 0.005931 -0.703795 -0.010280 0.999947 -0.000677 -2.283898 -0.005938 0.000616 0.999982 117.957207
0.999931 0.010283 0.005615 -0.700066 -0.010279 0.999947 -0.000710 -2.308577 -0.005622 0.000652 0.999984 119.194630
0.999933 0.010282 0.005278 -0.696749 -0.010278 0.999947 -0.000741 -2.333325 -0.005286 0.000687 0.999986 120.433328
0.999935 0.010280 0.004921 -0.693869 -0.010277 0.999947 -0.000772 -2.358141 -0.004929 0.000721 0.999988 121.673296
0.999937 0.010278 0.004544 -0.691452 -0.010275 0.999947 -0.000800 -2.383026 -0.004552 0.000754 0.999989 122.914523
0.999939 0.010276 0.004149 -0.689521 -0.010273 0.999947 -0.000828 -2.407979 -0.004158 0.000785 0.999991 124.156996
0.999940 0.010274 0.003737 -0.688097 -0.010271 0.999947 -0.000854 -2.433000 -0.003746 0.000816 0.999993 125.400698
0.999942 0.010272 0.003309 -0.687202 -0.010269 0.999947 -0.000879 -2.458088 -0.003318 0.000845 0.999994 126.645608
0.999943 0.010270 0.002866 -0.686853 -0.010267 0.999947 -0.000902 -2.483243 -0.002875 0.000872 0.999995 127.891702
0.999944 0.010267 0.002409 -0.687069 -0.010265 0.999947 -0.000923 -2.508464 -0.002419 0.000898 0.999997 129.138950
0.999945 0.010265 0.001941 -0.687864 -0.010263 0.999947 -0.000943 -2.533751 -0.001950 0.000923 0.999998 130.387321
0.999946 0.010263 0.001461 -0.689251 -0.010261 0.999947 -0.000961 -2.559101 -0.001471 0.000946 0.999998 131.636777
0.999947 0.010260 0.000973 -0.691242 -0.010259 0.999947 -0.000977 -2.584515 -0.000983 0.000967 0.999999 132.887276
0.999947 0.010257 0.000477 -0.693847 -0.010256 0.999947 -0.000992 -2.609991 -0.000487 0.000987 0.999999 134.138775
0.999947 0.010253 -0.000026 -0.697073 -0.010253 0.999947 -0.001006 -2.635529 0.000016 0.001006 0.999999 135.391223
0.999947 0.010249 -0.000533 -0.700926 -0.010249 0.999947 -0.001018 -2.661127 0.000523 0.001023 0.999999 136.644567
0.999947 0.010244 -0.001044 -0.705409 -0.010245 0.999947 -0.001029 -2.686784 0.001033 0.001040 0.999999 137.898749
0.999946 0.010238 -0.001556 -0.710523 -0.010239 0.999947 -0.001039 -2.712499 0.001546 0.001055 0.999998 139.153706
0.999946 0.010230 -0.002070 -0.716270 -0.010233 0.999947 -0.001047 -2.738272 0.002059 0.001069 0.999997 140.409371
0.999944 0.010222 -0.002583 -0.722647 -0.010225 0.999947 -0.001055 -2.764101 0.002572 0.001081 0.999996 141.665672
0.999943 0.010212 -0.003094 -0.729651 -0.010216 0.999947 -0.001061 -2.789986 0.003083 0.001093 0.999995 142.922535
0.999941 0.010201 -0.003603 -0.737276 -0.010205 0.999947 -0.001067 -2.815924 0.003592 0.001104 0.999993 144.179877
0.999940 0.010188 -0.004109 -0.745517 -0.010193 0.999947 -0.001072 -2.841916 0.004098 0.001113 0.999991 145.437614
0.999938 0.010174 -0.004611 -0.754366 -0.010179 0.999948 -0.001076 -2.867960 0.004599 0.001122 0.999989 146.695655
0.999935 0.010157 -0.005107 -0.763814 -0.010163 0.999948 -0.001079 -2.894056 0.005096 0.001130 0.999986 147.953906
0.999933 0.010139 -0.005599 -0.773851 -0.010145 0.999948 -0.001081 -2.920202 0.005587 0.001138 0.999984 149.212265
0.999930 0.010119 -0.006084 -0.784467 -0.010126 0.999948 -0.001082 -2.946397 0.006073 0.001144 0.999981 150.470627
0.999927 0.010097 -0.006563 -0.795650 -0.010105 0.999948 -0.001083 -2.972641 0.006551 0.001149 0.999978 151.728884
0.999925 0.010074 -0.007034 -0.807388 -0.010082 0.999949 -0.001082 -2.998933 0.007023 0.001153 0.999975 152.986920
0.999921 0.010048 -0.007499 -0.819669 -0.010057 0.999949 -0.001081 -3.025270 0.007488 0.001156 0.999971 154.244616
0.999918 0.010022 -0.007957 -0.832478 -0.010030 0.999949 -0.001079 -3.051652 0.007945 0.001159 0.999968 155.501847
0.999915 0.009993 -0.008406 -0.845803 -0.010003 0.999949 -0.001076 -3.078078 0.008395 0.001160 0.999964 156.758485
0.999911 0.009964 -0.008848 -0.859630 -0.009974 0.999950 -0.001073 -3.104547 0.008837 0.001162 0.999960 158.014396
0.999908 0.009933 -0.009282 -0.873943 -0.009944 0.999950 -0.001070 -3.131059 0.009271 0.001162 0.999956 159.269443
0.999904 0.009902 -0.009707 -0.888728 -0.009913 0.999950 -0.001066 -3.157612 0.009696 0.001162 0.999952 160.523485
0.999900 0.009871 -0.010124 -0.903970 -0.009882 0.999951 -0.001062 -3.184205 0.010113 0.001162 0.999948 161.776375
0.999896 0.009839 -0.010531 -0.919653 -0.009851 0.999951 -0.001057 -3.210837 0.010520 0.001161 0.999944 163.027964
0.999892 0.009808 -0.010929 -0.935761 -0.009820 0.999951 -0.001052 -3.237507 0.010918 0.001159 0.999940 164.278099
0.999888 0.009777 -0.011317 -0.952278 -0.009790 0.999952 -0.001046 -3.264213 0.011307 0.001157 0.999935 165.526622
0.999884 0.009747 -0.011696 -0.969186 -0.009760 0.999952 -0.001040 -3.290952 0.011685 0.001154 0.999931 166.773373
0.999880 0.009718 -0.012065 -0.986468 -0.009731 0.999952 -0.001033 -3.317723 0.012054 0.001151 0.999927 168.018187
0.999876 0.009690 -0.012423 -1.004109 -0.009703 0.999952 -0.001026 -3.344523 0.012413 0.001146 0.999922 169.260898
0.999872 0.009662 -0.012772 -1.022088 -0.009676 0.999953 -0.001017 -3.371348 0.012761 0.001141 0.999918 170.501337
0.999868 0.009636 -0.013110 -1.040391 -0.009650 0.999953 -0.001008 -3.398196 0.013100 0.001134 0.999914 171.739330
0.999864 0.009611 -0.013438 -1.058997 -0.009625 0.999953 -0.000997 -3.425061 0.013428 0.001127 0.999909 172.974703
0.999859 0.009587 -0.013756 -1.077891 -0.009601 0.999953 -0.000986 -3.451941 0.013746 0.001118 0.999905 174.207280
0.999855 0.009564 -0.014063 -1.097053 -0.009578 0.999954 -0.000973 -3.478829 0.014053 0.001108 0.999901 175.436881
0.999851 0.009541 -0.014361 -1.116467 -0.009555 0.999954 -0.000959 -3.505722 0.014351 0.001096 0.999896 176.663327
0.999847 0.009519 -0.014648 -1.136115 -0.009533 0.999954 -0.000944 -3.532614 0.014639 0.001084 0.999892 177.886436
0.999843 0.009497 -0.014926 -1.155982 -0.009512 0.999954 -0.000928 -3.559500 0.014917 0.001070 0.999888 179.106026
0.999840 0.009476 -0.015194 -1.176049 -0.009490 0.999955 -0.000910 -3.586373 0.015185 0.001054 0.999884 180.321914
0.999836 0.009455 -0.015453 -1.196302 -0.009470 0.999955 -0.000891 -3.613229 0.015444 0.001037 0.999880 181.533916
0.999832 0.009435 -0.015702 -1.216724 -0.009449 0.999955 -0.000870 -3.640060 0.015693 0.001018 0.999876 182.741849
0.999829 0.009415 -0.015943 -1.237300 -0.009430 0.999955 -0.000849 -3.666860 0.015934 0.000999 0.999873 183.945531
0.999825 0.009395 -0.016174 -1.258015 -0.009410 0.999955 -0.000826 -3.693625 0.016166 0.000978 0.999869 185.144780
0.999822 0.009376 -0.016397 -1.278855 -0.009391 0.999956 -0.000803 -3.720346 0.016389 0.000957 0.999865 186.339416
0.999818 0.009357 -0.016611 -1.299804 -0.009371 0.999956 -0.000780 -3.747020 0.016603 0.000935 0.999862 187.529260
0.999815 0.009338 -0.016818 -1.320850 -0.009352 0.999956 -0.000756 -3.773639 0.016810 0.000913 0.999858 188.714137
0.999812 0.009320 -0.017016 -1.341978 -0.009334 0.999956 -0.000731 -3.800199 0.017009 0.000890 0.999855 189.893872
0.999809 0.009302 -0.017207 -1.363176 -0.009315 0.999956 -0.000707 -3.826692 0.017199 0.000867 0.999852 191.068294
0.999806 0.009284 -0.017389 -1.384431 -0.009297 0.999957 -0.000682 -3.853114 0.017382 0.000844 0.999849 192.237235
0.999803 0.009267 -0.017564 -1.405730 -0.009280 0.999957 -0.000658 -3.879459 0.017557 0.000821 0.999846 193.400530
0.999800 0.009250 -0.017731 -1.427061 -0.009262 0.999957 -0.000635 -3.905721 0.017724 0.000799 0.999843 194.558020
0.999797 0.009234 -0.017890 -1.448413 -0.009246 0.999957 -0.000611 -3.931895 0.017884 0.000777 0.999840 195.709548
0.999795 0.009218 -0.018041 -1.469773 -0.009230 0.999957 -0.000589 -3.957976 0.018034 0.000755 0.999837 196.854963
0.999792 0.009204 -0.018183 -1.491129 -0.009216 0.999957 -0.000567 -3.983959 0.018177 0.000735 0.999835 197.994121
0.999790 0.009190 -0.018316 -1.512470 -0.009202 0.999958 -0.000547 -4.009838 0.018311 0.000715 0.999832 199.126881
0.999788 0.009178 -0.018441 -1.533784 -0.009189 0.999958 -0.000527 -4.035608 0.018435 0.000697 0.999830 200.253112
0.999786 0.009166 -0.018555 -1.555059 -0.009177 0.999958 -0.000510 -4.061266 0.018550 0.000680 0.999828 201.372688
0.999784 0.009156 -0.018659 -1.576283 -0.009167 0.999958 -0.000494 -4.086807 0.018654 0.000665 0.999826 202.485490
0.999782 0.009147 -0.018752 -1.597443 -0.009158 0.999958 -0.000479 -4.112226 0.018747 0.000651 0.999824 203.591410
0.999781 0.009139 -0.018834 -1.618528 -0.009150 0.999958 -0.000467 -4.137520 0.018829 0.000639 0.999823 204.690345
0.999780 0.009133 -0.018902 -1.639524 -0.009143 0.999958 -0.000457 -4.162686 0.018897 0.000630 0.999821 205.782204
0.999779 0.009128 -0.018957 -1.660418 -0.009138 0.999958 -0.000450 -4.187718 0.018952 0.000623 0.999820 206.866903
0.999778 0.009124 -0.018997 -1.681196 -0.009134 0.999958 -0.000444 -4.212615 0.018992 0.000618 0.999819 207.944368
0.999777 0.009121 -0.019022 -1.701846 -0.009131 0.999958 -0.000442 -4.237373 0.019018 0.000616 0.999819 209.014536
0.999777 0.009120 -0.019031 -1.722353 -0.009130 0.999958 -0.000443 -4.261990 0.019026 0.000617 0.999819 210.077354
0.999777 0.009120 -0.019023 -1.742702 -0.009130 0.999958 -0.000447 -4.286462 0.019018 0.000620 0.999819 211.132779
0.999778 0.009120 -0.018997 -1.762879 -0.009131 0.999958 -0.000454 -4.310789 0.018992 0.000627 0.999819 212.180776
0.999779 0.009122 -0.018952 -1.782868 -0.009133 0.999958 -0.000464 -4.334968 0.018947 0.000637 0.999820 213.221323
0.999780 0.009124 -0.018888 -1.802654 -0.009135 0.999958 -0.000478 -4.358997 0.018882 0.000650 0.999821 214.254407
0.999782 0.009127 -0.018803 -1.822220 -0.009138 0.999958 -0.000494 -4.382875 0.018797 0.000666 0.999823 215.280026
0.999784 0.009130 -0.018697 -1.841551 -0.009142 0.999958 -0.000514 -4.406601 0.018691 0.000685 0.999825 216.298187
0.999786 0.009134 -0.018569 -1.860630 -0.009145 0.999958 -0.000538 -4.430173 0.018563 0.000707 0.999827 217.308908
0.999789 0.009138 -0.018419 -1.879442 -0.009150 0.999958 -0.000565 -4.453591 0.018413 0.000733 0.999830 218.312217
0.999792 0.009141 -0.018246 -1.897968 -0.009154 0.999958 -0.000595 -4.476853 0.018239 0.000762 0.999833 219.308151
0.999795 0.009145 -0.018050 -1.916193 -0.009158 0.999958 -0.000629 -4.499961 0.018043 0.000794 0.999837 220.296760
0.999799 0.009148 -0.017831 -1.934101 -0.009161 0.999958 -0.000667 -4.522913 0.017824 0.000830 0.999841 221.278101
0.999803 0.009151 -0.017588 -1.951675 -0.009165 0.999958 -0.000708 -4.545711 0.017580 0.000869 0.999845 222.252242
0.999808 0.009153 -0.017321 -1.968898 -0.009168 0.999958 -0.000753 -4.568354 0.017314 0.000911 0.999850 223.219261
0.999813 0.009155 -0.017031 -1.985755 -0.009170 0.999958 -0.000801 -4.590844 0.017023 0.000957 0.999855 224.179245
0.999818 0.009156 -0.016717 -2.002229 -0.009172 0.999958 -0.000853 -4.613182 0.016708 0.001006 0.999860 225.132292
0.999824 0.009156 -0.016379 -2.018305 -0.009172 0.999958 -0.000909 -4.635370 0.016370 0.001059 0.999865 226.078504
0.999830 0.009155 -0.016018 -2.033966 -0.009171 0.999957 -0.000969 -4.657410 0.016008 0.001116 0.999871 227.017997
0.999836 0.009152 -0.015633 -2.049198 -0.009170 0.999957 -0.001032 -4.679304 0.015623 0.001175 0.999877 227.950890
0.999842 0.009149 -0.015224 -2.063984 -0.009167 0.999957 -0.001099 -4.701055 0.015214 0.001238 0.999883 228.877314
0.999849 0.009144 -0.014793 -2.078311 -0.009163 0.999957 -0.001169 -4.722667 0.014782 0.001305 0.999890 229.797403
0.999855 0.009138 -0.014339 -2.092162 -0.009157 0.999957 -0.001243 -4.744142 0.014327 0.001374 0.999896 230.711301
0.999862 0.009131 -0.013862 -2.105525 -0.009150 0.999957 -0.001319 -4.765485 0.013850 0.001446 0.999903 231.619157
0.999869 0.009122 -0.013363 -2.118384 -0.009141 0.999957 -0.001399 -4.786698 0.013350 0.001521 0.999910 232.521124
0.999876 0.009112 -0.012843 -2.130726 -0.009132 0.999957 -0.001482 -4.807787 0.012829 0.001599 0.999916 233.417363
0.999883 0.009100 -0.012301 -2.142536 -0.009120 0.999957 -0.001567 -4.828754 0.012286 0.001679 0.999923 234.308036
0.999890 0.009087 -0.011739 -2.153803 -0.009107 0.999957 -0.001655 -4.849605 0.011724 0.001762 0.999930 235.193311
0.999897 0.009072 -0.011157 -2.164513 -0.009092 0.999957 -0.001745 -4.870343 0.011141 0.001846 0.999936 236.073360
0.999903 0.009056 -0.010557 -2.174656 -0.009076 0.999957 -0.001836 -4.890973 0.010540 0.001932 0.999943 236.948354
0.999910 0.009039 -0.009940 -2.184220 -0.009059 0.999957 -0.001929 -4.911498 0.009922 0.002019 0.999949 237.818470
0.999916 0.009021 -0.009307 -2.193197 -0.009040 0.999957 -0.002024 -4.931923 0.009288 0.002108 0.999955 238.683882
0.999922 0.009002 -0.008660 -2.201578 -0.009021 0.999957 -0.002120 -4.952253 0.008641 0.002198 0.999960 239.544767
0.999928 0.008982 -0.008002 -2.209357 -0.009000 0.999957 -0.002217 -4.972492 0.007982 0.002289 0.999966 240.401302
0.999933 0.008960 -0.007335 -2.216528 -0.008977 0.999957 -0.002315 -4.992644 0.007314 0.002381 0.999970 241.253662
0.999938 0.008938 -0.006663 -2.223089 -0.008954 0.999957 -0.002414 -5.012714 0.006641 0.002473 0.999975 242.102023
0.999942 0.008914 -0.005988 -2.229040 -0.008929 0.999957 -0.002512 -5.032706 0.005965 0.002565 0.999979 242.946556
0.999946 0.008889 -0.005316 -2.234382 -0.008903 0.999957 -0.002610 -5.052624 0.005292 0.002657 0.999982 243.787432
0.999950 0.008863 -0.004650 -2.239121 -0.008875 0.999957 -0.002707 -5.072474 0.004626 0.002749 0.999986 244.624816
0.999953 0.008836 -0.003996 -2.243264 -0.008847 0.999957 -0.002804 -5.092257 0.003971 0.002839 0.999988 245.458870
0.999956 0.008808 -0.003358 -2.246824 -0.008818 0.999957 -0.002899 -5.111979 0.003332 0.002928 0.999990 246.289750
0.999958 0.008779 -0.002743 -2.249815 -0.008788 0.999957 -0.002992 -5.131642 0.002717 0.003016 0.999992 247.117609
0.999959 0.008750 -0.002157 -2.252256 -0.008757 0.999957 -0.003083 -5.151250 0.002130 0.003101 0.999993 247.942591
0.999961 0.008720 -0.001607 -2.254170 -0.008725 0.999957 -0.003170 -5.170805 0.001579 0.003184 0.999994 248.764833
0.999962 0.008689 -0.001100 -2.255585 -0.008692 0.999957 -0.003255 -5.190311 0.001072 0.003264 0.999994 249.584466
0.999962 0.008657 -0.000644 -2.256531 -0.008659 0.999957 -0.003336 -5.209769 0.000615 0.003342 0.999994 250.401609
0.999963 0.008624 -0.000246 -2.257045 -0.008625 0.999957 -0.003413 -5.229182 0.000217 0.003415 0.999994 251.216376
0.999963 0.008591 0.000084 -2.257168 -0.008591 0.999957 -0.003485 -5.248551 -0.000114 0.003485 0.999994 252.028868
0.999963 0.008557 0.000337 -2.256946 -0.008555 0.999957 -0.003553 -5.267877 -0.000368 0.003550 0.999994 252.839177
0.999964 0.008522 0.000505 -2.256431 -0.008520 0.999957 -0.003615 -5.287162 -0.000536 0.003610 0.999993 253.647383
0.999964 0.008487 0.000579 -2.255679 -0.008485 0.999957 -0.003670 -5.306405 -0.000610 0.003665 0.999993 254.453554
0.999964 0.008452 0.000548 -2.254750 -0.008450 0.999957 -0.003719 -5.325608 -0.000579 0.003715 0.999993 255.257746
0.999964 0.008417 0.000402 -2.253712 -0.008416 0.999958 -0.003762 -5.344769 -0.000434 0.003758 0.999993 256.060002
0.999965 0.008383 0.000133 -2.252635 -0.008382 0.999958 -0.003797 -5.363888 -0.000165 0.003795 0.999993 256.860353
0.999965 0.008349 -0.000271 -2.251595 -0.008350 0.999958 -0.003824 -5.382963 0.000239 0.003826 0.999993 257.658815
0.999965 0.008317 -0.000819 -2.250674 -0.008320 0.999958 -0.003843 -5.401993 0.000787 0.003849 0.999992 258.455393
0.999965 0.008286 -0.001522 -2.249956 -0.008292 0.999958 -0.003853 -5.420976 0.001490 0.003866 0.999991 259.250076
0.999963 0.008257 -0.002390 -2.249533 -0.008266 0.999958 -0.003854 -5.439908 0.002358 0.003874 0.999990 260.042841
0.999960 0.008229 -0.003433 -2.249499 -0.008243 0.999959 -0.003846 -5.458787 0.003401 0.003874 0.999987 260.833649
0.999955 0.008204 -0.004661 -2.249955 -0.008222 0.999959 -0.003828 -5.477610 0.004629 0.003866 0.999982 261.622449
0.999948 0.008182 -0.006084 -2.251006 -0.008205 0.999959 -0.003799 -5.496371 0.006053 0.003849 0.999974 262.409171
0.999937 0.008162 -0.007714 -2.252760 -0.008191 0.999959 -0.003759 -5.515066 0.007683 0.003822 0.999963 263.193733
0.999921 0.008146 -0.009559 -2.255331 -0.008181 0.999960 -0.003708 -5.533690 0.009528 0.003786 0.999947 263.976038
0.999899 0.008133 -0.011630 -2.258838 -0.008175 0.999960 -0.003644 -5.552238 0.011600 0.003739 0.999926 264.755973
0.999870 0.008123 -0.013936 -2.263402 -0.008174 0.999960 -0.003569 -5.570702 0.013906 0.003682 0.999897 265.533408
0.999831 0.008119 -0.016487 -2.269150 -0.008177 0.999961 -0.003480 -5.589076 0.016459 0.003615 0.999858 266.308200
0.999781 0.008119 -0.019294 -2.276212 -0.008185 0.999961 -0.003379 -5.607353 0.019266 0.003536 0.999808 267.080189
0.999717 0.008124 -0.022365 -2.284720 -0.008199 0.999961 -0.003264 -5.625524 0.022338 0.003447 0.999745 267.849204
0.999636 0.008135 -0.025712 -2.294814 -0.008218 0.999961 -0.003136 -5.643582 0.025685 0.003346 0.999664 268.615054
0.999536 0.008152 -0.029343 -2.306634 -0.008243 0.999962 -0.002993 -5.661516 0.029317 0.003233 0.999565 269.377538
0.999413 0.008176 -0.033268 -2.320324 -0.008274 0.999962 -0.002835 -5.679319 0.033244 0.003109 0.999442 270.136439
0.999263 0.008207 -0.037499 -2.336033 -0.008312 0.999962 -0.002663 -5.696978 0.037476 0.002973 0.999293 270.891527
0.999082 0.008246 -0.042046 -2.353910 -0.008357 0.999962 -0.002475 -5.714485 0.042024 0.002824 0.999113 271.642559
0.998864 0.008293 -0.046919 -2.374110 -0.008409 0.999962 -0.002272 -5.731826 0.046899 0.002664 0.998896 272.389279
0.998605 0.008349 -0.052130 -2.396790 -0.008468 0.999962 -0.002051 -5.748992 0.052111 0.002490 0.998638 273.131417
0.998299 0.008415 -0.057690 -2.422107 -0.008534 0.999962 -0.001814 -5.765968 0.057673 0.002304 0.998333 273.868694
0.997939 0.008490 -0.063611 -2.450224 -0.008607 0.999962 -0.001560 -5.782742 0.063595 0.002104 0.997974 274.600817
0.997517 0.008577 -0.069904 -2.481302 -0.008688 0.999961 -0.001287 -5.799302 0.069890 0.001891 0.997553 275.327482
0.997026 0.008674 -0.076582 -2.515504 -0.008776 0.999961 -0.000995 -5.815633 0.076570 0.001664 0.997063 276.048373
0.996456 0.008782 -0.083657 -2.552995 -0.008871 0.999960 -0.000684 -5.831721 0.083648 0.001424 0.996494 276.763165
0.995798 0.008903 -0.091141 -2.593939 -0.008972 0.999960 -0.000353 -5.847552 0.091134 0.001169 0.995838 277.471521
0.995042 0.009035 -0.099047 -2.638499 -0.009080 0.999959 -0.000001 -5.863111 0.099043 0.000900 0.995083 278.173095
0.994175 0.009181 -0.107387 -2.686838 -0.009194 0.999958 0.000374 -5.878384 0.107386 0.000615 0.994217 278.867530
0.993185 0.009341 -0.116174 -2.739117 -0.009314 0.999956 0.000772 -5.893353 0.116176 0.000315 0.993229 279.554463
0.992058 0.009515 -0.125420 -2.795493 -0.009439 0.999955 0.001194 -5.908004 0.125426 -0.000001 0.992103 280.233517
0.990779 0.009704 -0.135138 -2.856121 -0.009570 0.999953 0.001641 -5.922320 0.135148 -0.000333 0.990825 280.904312
0.989332 0.009910 -0.145341 -2.921152 -0.009705 0.999951 0.002114 -5.936284 0.145355 -0.000681 0.989379 281.566457
0.987699 0.010132 -0.156040 -2.990730 -0.009845 0.999948 0.002614 -5.949881 0.156059 -0.001046 0.987747 282.219555
0.985860 0.010373 -0.167249 -3.064996 -0.009988 0.999945 0.003142 -5.963093 0.167273 -0.001427 0.985910 282.863203
0.983795 0.010632 -0.178980 -3.144082 -0.010134 0.999942 0.003698 -5.975903 0.179009 -0.001825 0.983846 283.496990
0.981482 0.010911 -0.191245 -3.228115 -0.010281 0.999938 0.004286 -5.988295 0.191280 -0.002240 0.981533 284.120500
0.978895 0.011212 -0.204057 -3.317213 -0.010431 0.999934 0.004904 -6.000253 0.204098 -0.002672 0.978947 284.733312
0.976008 0.011535 -0.217428 -3.411485 -0.010580 0.999929 0.005556 -6.011759 0.217476 -0.003122 0.976061 285.334998
0.972793 0.011883 -0.231370 -3.511033 -0.010730 0.999923 0.006242 -6.022796 0.231426 -0.003589 0.972846 285.925128
0.969219 0.012257 -0.245895 -3.615946 -0.010878 0.999917 0.006963 -6.033350 0.245960 -0.004074 0.969271 286.503268
0.965252 0.012658 -0.261015 -3.726304 -0.011024 0.999909 0.007722 -6.043402 0.261089 -0.004576 0.965304 287.068978
0.960855 0.013089 -0.276742 -3.842177 -0.011167 0.999901 0.008520 -6.052938 0.276826 -0.005096 0.960907 287.621820
0.955990 0.013553 -0.293085 -3.963621 -0.011306 0.999892 0.009359 -6.061943 0.293180 -0.005634 0.956041 288.161350
0.950614 0.014051 -0.310056 -4.090682 -0.011440 0.999882 0.010241 -6.070400 0.310163 -0.006188 0.950663 288.687126
0.944682 0.014587 -0.327664 -4.223392 -0.011566 0.999871 0.011167 -6.078294 0.327784 -0.006759 0.944728 289.198704
0.938142 0.015161 -0.345917 -4.361773 -0.011683 0.999858 0.012139 -6.085612 0.346052 -0.007347 0.938186 289.695640
0.930943 0.015778 -0.364824 -4.505834 -0.011788 0.999844 0.013160 -6.092339 0.364975 -0.007950 0.930983 290.177494
0.923024 0.016438 -0.384391 -4.655570 -0.011880 0.999828 0.014231 -6.098461 0.384559 -0.008569 0.923061 290.643827
0.914324 0.017146 -0.404621 -4.810967 -0.011954 0.999811 0.015355 -6.103966 0.404808 -0.009202 0.914355 291.094200
0.904773 0.017904 -0.425518 -4.971996 -0.012009 0.999791 0.016534 -6.108839 0.425725 -0.009849 0.904799 291.528181
0.894299 0.018716 -0.447079 -5.138618 -0.012040 0.999770 0.017770 -6.113070 0.447309 -0.010509 0.894318 291.945339
0.882821 0.019585 -0.469301 -5.310781 -0.012043 0.999746 0.019066 -6.116647 0.469555 -0.011180 0.882832 292.345248
0.870255 0.020513 -0.492174 -5.488419 -0.012015 0.999719 0.020423 -6.119558 0.492455 -0.011859 0.870257 292.727488
0.856509 0.021506 -0.515683 -5.671456 -0.011950 0.999690 0.021843 -6.121793 0.515993 -0.012546 0.856501 293.091641
0.841486 0.022566 -0.539807 -5.859803 -0.011843 0.999658 0.023328 -6.123343 0.540149 -0.013237 0.841465 293.437301
0.825082 0.023698 -0.564516 -6.053358 -0.011689 0.999622 0.024879 -6.124199 0.564893 -0.013929 0.825047 293.764065
0.807187 0.024904 -0.589771 -6.252006 -0.011480 0.999583 0.026498 -6.124353 0.590185 -0.014618 0.807136 294.071541
0.787687 0.026189 -0.615519 -6.455620 -0.011209 0.999540 0.028183 -6.123798 0.615974 -0.015300 0.787618 294.359343
0.766462 0.027555 -0.641698 -6.664062 -0.010869 0.999493 0.029937 -6.122526 0.642197 -0.015970 0.766373 294.627094
0.743393 0.029007 -0.668226 -6.877183 -0.010452 0.999441 0.031756 -6.120534 0.668774 -0.016623 0.743280 294.874430
0.718355 0.030546 -0.695006 -7.094819 -0.009948 0.999384 0.033641 -6.117814 0.695606 -0.017252 0.718217 295.100993
0.691228 0.032176 -0.721920 -7.316798 -0.009349 0.999323 0.035588 -6.114365 0.722576 -0.017850 0.691061 295.306439
0.661897 0.033898 -0.748828 -7.542935 -0.008644 0.999256 0.037593 -6.110184 0.749545 -0.018409 0.661697 295.490434
0.630255 0.035713 -0.775567 -7.773034 -0.007825 0.999183 0.039651 -6.105267 0.776349 -0.018921 0.630019 295.652654
0.596209 0.037620 -0.801948 -8.006889 -0.006881 0.999104 0.041754 -6.099615 0.802800 -0.019376 0.595933 295.792790
0.559686 0.039620 -0.827757 -8.244280 -0.005803 0.999019 0.043893 -6.093226 0.828684 -0.019763 0.559367 295.910541
0.520640 0.041707 -0.852757 -8.484980 -0.004583 0.998928 0.046058 -6.086104 0.853764 -0.020072 0.520273 296.005622
0.479057 0.043876 -0.876687 -8.728750 -0.003212 0.998831 0.048234 -6.078249 0.877778 -0.020291 0.478638 296.077758
0.434962 0.046121 -0.899267 -8.975339 -0.001686 0.998727 0.050407 -6.069665 0.900447 -0.020409 0.434486 296.126690
0.388428 0.048432 -0.920206 -9.224491 -0.000001 0.998618 0.052558 -6.060356 0.921479 -0.020414 0.387891 296.152170
0.339577 0.050797 -0.939206 -9.475937 0.001845 0.998503 0.054671 -6.050329 0.940576 -0.020298 0.338975 296.153965
0.288588 0.053202 -0.955974 -9.729402 0.003849 0.998382 0.056724 -6.039590 0.957445 -0.020050 0.287917 296.131857
0.235696 0.055632 -0.970233 -9.984602 0.006006 0.998258 0.058698 -6.028147 0.971808 -0.019662 0.234951 296.085643
0.181189 0.058070 -0.981732 -10.241246 0.008308 0.998129 0.060573 -6.016008 0.983413 -0.019131 0.180368 296.015134
0.125407 0.060495 -0.990259 -10.499037 0.010742 0.997998 0.062328 -6.003182 0.992047 -0.018453 0.124506 295.920158
0.068728 0.062889 -0.995651 -10.757674 0.013292 0.997865 0.063947 -5.989681 0.997547 -0.017629 0.067745 295.800560
0.011563 0.065232 -0.997803 -11.016850 0.015940 0.997731 0.065412 -5.975514 0.999806 -0.016661 0.010497 295.656201
-0.045661 0.067505 -0.996674 -11.276255 0.018665 0.997598 0.066712 -5.960693 0.998783 -0.015556 -0.046811 295.486959
-0.102518 0.069688 -0.992287 -11.535576 0.021443 0.997466 0.067836 -5.945232 0.994500 -0.014323 -0.103752 295.292728
-0.158592 0.071766 -0.984733 -11.794501 0.024251 0.997337 0.068779 -5.929142 0.987046 -0.012973 -0.159910 295.073422
-0.213496 0.073724 -0.974158 -12.052716 0.027066 0.997212 0.069537 -5.912438 0.976569 -0.011520 -0.214897 294.828971
-0.266884 0.075552 -0.960763 -12.309910 0.029863 0.997092 0.070114 -5.895135 0.963266 -0.009979 -0.268364 294.559322
-0.318454 0.077241 -0.944786 -12.565773 0.032622 0.996977 0.070513 -5.877248 0.947377 -0.008366 -0.320011 294.264442
-0.367959 0.078786 -0.926498 -12.819999 0.035322 0.996869 0.070742 -5.858791 0.929171 -0.006695 -0.369590 293.944314
-0.415208 0.080183 -0.906186 -13.072287 0.037946 0.996768 0.070812 -5.839782 0.908935 -0.004984 -0.416909 293.598941
-0.460065 0.081432 -0.884143 -13.322342 0.040479 0.996674 0.070733 -5.820236 0.886962 -0.003248 -0.461831 293.228345
-0.502443 0.082536 -0.860662 -13.569877 0.042910 0.996587 0.070521 -5.800169 0.863545 -0.001499 -0.504270 292.832564
-0.542305 0.083498 -0.836022 -13.814610 0.045230 0.996508 0.070186 -5.779598 0.838963 0.000249 -0.544188 292.411657
-0.579653 0.084322 -0.810489 -14.056270 0.047432 0.996437 0.069745 -5.758540 0.813482 0.001985 -0.581587 291.965703
-0.614521 0.085016 -0.784306 -14.294597 0.049512 0.996373 0.069210 -5.737011 0.787345 0.003699 -0.616501 291.494794
-0.646974 0.085586 -0.757694 -14.529341 0.051467 0.996316 0.068594 -5.715028 0.760774 0.005382 -0.648995 290.999046
-0.677095 0.086040 -0.730848 -14.760263 0.053298 0.996267 0.067910 -5.692609 0.733963 0.007029 -0.679153 290.478587
-0.704986 0.086387 -0.703941 -14.987137 0.055005 0.996224 0.067169 -5.669769 0.707085 0.008633 -0.707075 289.933569
-0.730756 0.086634 -0.677120 -15.209750 0.056592 0.996188 0.066382 -5.646526 0.680289 0.010189 -0.732873 289.364154
-0.754522 0.086789 -0.650510 -15.427900 0.058062 0.996158 0.065558 -5.622895 0.653701 0.011695 -0.756663 288.770528
-0.776406 0.086860 -0.624219 -15.641398 0.059419 0.996134 0.064706 -5.598893 0.627426 0.013148 -0.778565 288.152887
-0.796527 0.086854 -0.598332 -15.850070 0.060666 0.996115 0.063835 -5.574537 0.601551 0.014547 -0.798702 287.511447
-0.815004 0.086779 -0.572920 -16.053752 0.061810 0.996101 0.062950 -5.549842 0.576149 0.015892 -0.817190 286.846439
-0.831952 0.086640 -0.548041 -16.252293 0.062854 0.996091 0.062058 -5.524825 0.551276 0.017183 -0.834146 286.158108
-0.847482 0.086445 -0.523738 -16.445555 0.063803 0.996086 0.061164 -5.499501 0.526975 0.018419 -0.849681 285.446713
-0.861699 0.086197 -0.500044 -16.633412 0.064664 0.996085 0.060272 -5.473885 0.503282 0.019602 -0.863900 284.712531
-0.874703 0.085904 -0.476986 -16.815752 0.065440 0.996088 0.059387 -5.447992 0.480221 0.020732 -0.876902 283.955850
-0.886587 0.085568 -0.454579 -16.992473 0.066137 0.996094 0.058511 -5.421838 0.457809 0.021810 -0.888783 283.176969
-0.897439 0.085196 -0.432834 -17.163487 0.066759 0.996102 0.057647 -5.395436 0.436058 0.022839 -0.899629 282.376205
-0.907341 0.084791 -0.411756 -17.328720 0.067312 0.996114 0.056799 -5.368800 0.414972 0.023820 -0.909522 281.553882
-0.916368 0.084357 -0.391347 -17.488107 0.067798 0.996128 0.055967 -5.341944 0.394553 0.024754 -0.918540 280.710336
-0.924592 0.083898 -0.371605 -17.641599 0.068224 0.996144 0.055154 -5.314881 0.374799 0.025643 -0.926751 279.845915
-0.932078 0.083417 -0.352523 -17.789156 0.068592 0.996163 0.054362 -5.287623 0.355705 0.026489 -0.934223 278.960975
-0.938885 0.082917 -0.334094 -17.930753 0.068907 0.996183 0.053591 -5.260182 0.337263 0.027295 -0.941015 278.055882
-0.945071 0.082400 -0.316309 -18.066373 0.069172 0.996204 0.052844 -5.232572 0.319463 0.028061 -0.947183 277.131011
-0.950685 0.081870 -0.299157 -18.196015 0.069391 0.996227 0.052120 -5.204801 0.302296 0.028790 -0.952779 276.186743
-0.955776 0.081329 -0.282627 -18.319686 0.069568 0.996251 0.051420 -5.176882 0.285749 0.029484 -0.957851 275.223469
-0.960387 0.080778 -0.266705 -18.437407 0.069704 0.996276 0.050746 -5.148824 0.269811 0.030145 -0.962441 274.241584
-0.964559 0.080219 -0.251380 -18.549208 0.069803 0.996302 0.050097 -5.120636 0.254469 0.030774 -0.966591 273.241490
-0.968327 0.079655 -0.236638 -18.655131 0.069868 0.996329 0.049473 -5.092327 0.239710 0.031373 -0.970338 272.223597
-0.971727 0.079086 -0.222466 -18.755232 0.069901 0.996356 0.048876 -5.063904 0.225521 0.031943 -0.973714 271.188316
-0.974790 0.078516 -0.208853 -18.849575 0.069905 0.996383 0.048305 -5.035376 0.211890 0.032487 -0.976753 270.136068
-0.977544 0.077944 -0.195784 -18.938236 0.069883 0.996411 0.047761 -5.006749 0.198805 0.033006 -0.979483 269.067275
-0.980017 0.077373 -0.183249 -19.021302 0.069836 0.996439 0.047243 -4.978028 0.186252 0.033501 -0.981931 267.982362
