0.769834 0.015710 -0.638051 -1.024998 -0.016382 0.999854 0.004852 -0.004213 0.638034 0.006717 0.769979 0.999273
0.763903 0.015864 -0.645136 -1.113882 -0.016453 0.999852 0.005105 -0.004080 0.645121 0.006714 0.764051 1.062516
0.757686 0.016025 -0.652423 -1.208147 -0.016522 0.999849 0.005370 -0.003890 0.652410 0.006710 0.757836 1.127273
0.751198 0.016190 -0.659878 -1.308016 -0.016589 0.999846 0.005646 -0.003637 0.659868 0.006706 0.751352 1.193505
0.744456 0.016359 -0.667471 -1.413715 -0.016653 0.999844 0.005931 -0.003316 0.667463 0.006700 0.744612 1.261171
0.737474 0.016532 -0.675174 -1.525473 -0.016714 0.999841 0.006226 -0.002923 0.675169 0.006693 0.737633 1.330224
0.730264 0.016709 -0.682961 -1.643523 -0.016771 0.999838 0.006529 -0.002452 0.682960 0.006686 0.730426 1.400616
0.722839 0.016889 -0.690811 -1.768098 -0.016824 0.999835 0.006839 -0.001899 0.690812 0.006679 0.723003 1.472296
0.715211 0.017071 -0.698700 -1.899435 -0.016874 0.999832 0.007156 -0.001257 0.698705 0.006672 0.715379 1.545209
0.707392 0.017257 -0.706611 -2.037774 -0.016921 0.999829 0.007479 -0.000522 0.706619 0.006666 0.707563 1.619299
0.699394 0.017446 -0.714524 -2.183354 -0.016964 0.999826 0.007807 0.000311 0.714535 0.006661 0.699568 1.694505
0.691227 0.017637 -0.722422 -2.336416 -0.017003 0.999822 0.008140 0.001249 0.722437 0.006657 0.691404 1.770768
0.682904 0.017831 -0.730290 -2.497204 -0.017040 0.999819 0.008477 0.002296 0.730309 0.006655 0.683085 1.848024
0.674437 0.018027 -0.738113 -2.665961 -0.017074 0.999815 0.008818 0.003458 0.738135 0.006655 0.674620 1.926207
0.665835 0.018225 -0.745876 -2.842929 -0.017104 0.999812 0.009161 0.004741 0.745903 0.006658 0.666021 2.005253
0.657111 0.018425 -0.753569 -3.028354 -0.017132 0.999808 0.009507 0.006150 0.753599 0.006663 0.657300 2.085093
0.648275 0.018627 -0.761178 -3.222478 -0.017158 0.999804 0.009854 0.007692 0.761213 0.006672 0.648468 2.165658
0.639339 0.018830 -0.768695 -3.425546 -0.017180 0.999800 0.010201 0.009371 0.768733 0.006684 0.639535 2.246881
0.630313 0.019033 -0.776108 -3.637799 -0.017201 0.999796 0.010550 0.011194 0.776151 0.006700 0.630512 2.328690
0.621207 0.019238 -0.783411 -3.859480 -0.017219 0.999792 0.010897 0.013166 0.783458 0.006720 0.621409 2.411017
0.612031 0.019442 -0.790595 -4.090830 -0.017235 0.999788 0.011245 0.015292 0.790646 0.006743 0.612237 2.493792
0.602796 0.019647 -0.797654 -4.332089 -0.017248 0.999784 0.011592 0.017579 0.797709 0.006770 0.603004 2.576943
0.593509 0.019853 -0.804582 -4.583494 -0.017259 0.999780 0.011938 0.020032 0.804642 0.006801 0.593721 2.660402
0.584181 0.020058 -0.811376 -4.845281 -0.017267 0.999775 0.012283 0.022655 0.811440 0.006835 0.584396 2.744099
0.574818 0.020264 -0.818030 -5.117685 -0.017274 0.999771 0.012628 0.025455 0.818099 0.006872 0.575037 2.827964
0.565430 0.020470 -0.824542 -5.400937 -0.017278 0.999767 0.012972 0.028436 0.824615 0.006912 0.565652 2.911928
0.552087 0.020753 -0.833528 -5.682182 -0.017274 0.999760 0.013450 0.031821 0.833608 0.006973 0.552313 2.975328
0.538517 0.021038 -0.842352 -5.973392 -0.017264 0.999754 0.013932 0.035405 0.842438 0.007040 0.538748 3.037320
0.524743 0.021327 -0.850993 -6.274692 -0.017249 0.999747 0.014419 0.039193 0.851086 0.007113 0.524978 3.097793
0.510785 0.021618 -0.859436 -6.586193 -0.017228 0.999740 0.014908 0.043187 0.859536 0.007191 0.511025 3.156644
0.496665 0.021911 -0.867666 -6.908003 -0.017201 0.999733 0.015400 0.047394 0.867772 0.007276 0.496910 3.213769
0.482403 0.022206 -0.875668 -7.240216 -0.017169 0.999726 0.015894 0.051816 0.875781 0.007367 0.482652 3.269066
0.468018 0.022502 -0.883432 -7.582919 -0.017130 0.999719 0.016389 0.056458 0.883553 0.007463 0.468272 3.322438
0.453531 0.022799 -0.890949 -7.936188 -0.017086 0.999711 0.016885 0.061322 0.891077 0.007565 0.453790 3.373790
0.438962 0.023097 -0.898209 -8.300089 -0.017036 0.999704 0.017382 0.066412 0.898344 0.007672 0.439225 3.423029
0.424328 0.023395 -0.905206 -8.674678 -0.016980 0.999696 0.017878 0.071730 0.905349 0.007784 0.424596 3.470068
0.409648 0.023693 -0.911936 -9.059997 -0.016918 0.999688 0.018374 0.077280 0.912087 0.007902 0.409921 3.514819
0.394939 0.023991 -0.918394 -9.456081 -0.016851 0.999680 0.018868 0.083063 0.918553 0.008024 0.395217 3.557203
0.380218 0.024288 -0.924578 -9.862949 -0.016778 0.999672 0.019361 0.089081 0.924745 0.008151 0.380500 3.597141
0.365500 0.024584 -0.930487 -10.280612 -0.016700 0.999663 0.019852 0.095336 0.930661 0.008283 0.365788 3.634559
0.350802 0.024878 -0.936119 -10.709066 -0.016615 0.999655 0.020340 0.101827 0.936302 0.008419 0.351094 3.669386
0.336136 0.025170 -0.941477 -11.148295 -0.016526 0.999647 0.020825 0.108555 0.941668 0.008559 0.336433 3.701558
0.321518 0.025461 -0.946561 -11.598273 -0.016432 0.999638 0.021307 0.115521 0.946761 0.008703 0.321820 3.731010
0.306958 0.025749 -0.951375 -12.058956 -0.016333 0.999629 0.021785 0.122722 0.951583 0.008852 0.307265 3.757687
0.292471 0.026035 -0.955920 -12.530294 -0.016231 0.999620 0.022259 0.130158 0.956137 0.009005 0.292782 3.781533
0.278066 0.026319 -0.960201 -13.012217 -0.016125 0.999612 0.022729 0.137827 0.960427 0.009163 0.278382 3.802499
0.263754 0.026601 -0.964223 -13.504648 -0.016017 0.999603 0.023196 0.145729 0.964457 0.009326 0.264075 3.820542
0.249544 0.026882 -0.967990 -14.007492 -0.015907 0.999594 0.023659 0.153860 0.968233 0.009494 0.249870 3.835619
0.235446 0.027161 -0.971508 -14.520643 -0.015796 0.999584 0.024118 0.162220 0.971759 0.009667 0.235777 3.847696
0.221469 0.027438 -0.974781 -15.043980 -0.015684 0.999575 0.024573 0.170805 0.975041 0.009847 0.221805 3.856743
0.207618 0.027714 -0.977817 -15.577369 -0.015573 0.999566 0.025024 0.179613 0.978086 0.010032 0.207960 3.862732
0.193903 0.027987 -0.980621 -16.120662 -0.015462 0.999556 0.025470 0.188641 0.980899 0.010223 0.194250 3.865645
0.180532 0.028255 -0.983163 -16.673801 -0.015354 0.999546 0.025906 0.197879 0.983449 0.010419 0.180884 3.865815
0.167517 0.028518 -0.985457 -17.236627 -0.015251 0.999537 0.026332 0.207324 0.985751 0.010618 0.167874 3.863265
0.154870 0.028775 -0.987516 -17.808972 -0.015154 0.999527 0.026749 0.216969 0.987819 0.010822 0.155233 3.858024
0.142601 0.029027 -0.989355 -18.390653 -0.015062 0.999518 0.027155 0.226811 0.989666 0.011030 0.142969 3.850129
0.130718 0.029274 -0.990987 -18.981480 -0.014977 0.999508 0.027550 0.236842 0.991306 0.011241 0.131092 3.839623
0.119230 0.029516 -0.992428 -19.581251 -0.014899 0.999499 0.027936 0.247058 0.992755 0.011455 0.119610 3.826556
0.108145 0.029753 -0.993690 -20.189752 -0.014827 0.999489 0.028313 0.257451 0.994025 0.011672 0.108531 3.810984
0.097468 0.029984 -0.994787 -20.806762 -0.014763 0.999480 0.028679 0.268016 0.995129 0.011890 0.097860 3.792970
0.087205 0.030210 -0.995732 -21.432048 -0.014705 0.999470 0.029036 0.278746 0.996082 0.012110 0.087603 3.772584
0.077360 0.030431 -0.996539 -22.065370 -0.014655 0.999461 0.029383 0.289634 0.996896 0.012331 0.077764 3.749901
0.067937 0.030646 -0.997219 -22.706477 -0.014612 0.999451 0.029720 0.300673 0.997583 0.012552 0.068347 3.725003
0.058938 0.030856 -0.997785 -23.355111 -0.014575 0.999442 0.030046 0.311856 0.998155 0.012772 0.059355 3.697976
0.050367 0.031060 -0.998248 -24.011003 -0.014545 0.999433 0.030363 0.323175 0.998625 0.012991 0.050790 3.668913
0.042224 0.031258 -0.998619 -24.673880 -0.014522 0.999424 0.030669 0.334622 0.999003 0.013207 0.042654 3.637912
0.034510 0.031451 -0.998909 -25.343458 -0.014504 0.999415 0.030965 0.346188 0.999299 0.013420 0.034946 3.605076
0.027227 0.031638 -0.999128 -26.019446 -0.014492 0.999406 0.031252 0.357866 0.999524 0.013629 0.027670 3.570511
0.020375 0.031820 -0.999286 -26.701548 -0.014486 0.999398 0.031528 0.369646 0.999687 0.013833 0.020823 3.534331
0.013953 0.031997 -0.999391 -27.389460 -0.014485 0.999389 0.031795 0.381520 0.999798 0.014032 0.014408 3.496652
0.007964 0.032169 -0.999451 -28.082869 -0.014489 0.999381 0.032051 0.393480 0.999863 0.014226 0.008425 3.457596
0.002406 0.032336 -0.999474 -28.781460 -0.014500 0.999373 0.032298 0.405516 0.999892 0.014414 0.002873 3.417288
-0.002720 0.032497 -0.999468 -29.484909 -0.014516 0.999365 0.032533 0.417619 0.999891 0.014596 -0.002246 3.375859
-0.007412 0.032653 -0.999439 -30.192887 -0.014538 0.999358 0.032758 0.429782 0.999867 0.014772 -0.006932 3.333445
-0.011669 0.032803 -0.999394 -30.905059 -0.014566 0.999350 0.032972 0.441994 0.999826 0.014942 -0.011184 3.290184
-0.015490 0.032947 -0.999337 -31.621089 -0.014600 0.999343 0.033173 0.454246 0.999773 0.015105 -0.014998 3.246223
-0.018872 0.033084 -0.999274 -32.340631 -0.014642 0.999336 0.033363 0.466530 0.999715 0.015261 -0.018375 3.201712
-0.021813 0.033215 -0.999210 -33.063341 -0.014689 0.999329 0.033540 0.478834 0.999654 0.015410 -0.021311 3.156805
-0.024318 0.033341 -0.999148 -33.788866 -0.014744 0.999323 0.033705 0.491151 0.999596 0.015551 -0.023810 3.111664
-0.026392 0.033460 -0.999092 -34.516855 -0.014804 0.999317 0.033858 0.503469 0.999542 0.015685 -0.025878 3.066454
-0.028036 0.033573 -0.999043 -35.246950 -0.014871 0.999311 0.033999 0.515779 0.999496 0.015810 -0.027518 3.021345
-0.029256 0.033680 -0.999004 -35.978794 -0.014944 0.999306 0.034128 0.528072 0.999460 0.015927 -0.028732 2.976513
-0.030051 0.033782 -0.998977 -36.712026 -0.015022 0.999301 0.034245 0.540337 0.999435 0.016036 -0.029522 2.932138
-0.030424 0.033879 -0.998963 -37.446284 -0.015106 0.999296 0.034350 0.552566 0.999423 0.016135 -0.029891 2.888404
-0.030375 0.033969 -0.998961 -38.181204 -0.015195 0.999291 0.034443 0.564747 0.999423 0.016226 -0.029838 2.845501
-0.029905 0.034054 -0.998972 -38.916423 -0.015290 0.999287 0.034523 0.576872 0.999436 0.016307 -0.029363 2.803624
-0.029012 0.034133 -0.998996 -39.651577 -0.015390 0.999283 0.034590 0.588931 0.999461 0.016378 -0.028465 2.762972
-0.027694 0.034206 -0.999031 -40.386302 -0.015495 0.999280 0.034644 0.600915 0.999496 0.016439 -0.027144 2.723750
-0.025951 0.034273 -0.999076 -41.120235 -0.015605 0.999276 0.034686 0.612813 0.999541 0.016491 -0.025397 2.686166
-0.023778 0.034335 -0.999127 -41.853012 -0.015721 0.999274 0.034714 0.624616 0.999594 0.016533 -0.023221 2.650436
-0.021173 0.034390 -0.999184 -42.584275 -0.015842 0.999271 0.034729 0.636316 0.999650 0.016564 -0.020613 2.616779
-0.018131 0.034440 -0.999242 -43.313665 -0.015968 0.999269 0.034731 0.647904 0.999708 0.016585 -0.017568 2.585418
-0.014648 0.034484 -0.999298 -44.040827 -0.016098 0.999267 0.034719 0.659371 0.999763 0.016596 -0.014082 2.556584
-0.010717 0.034523 -0.999346 -44.765410 -0.016233 0.999266 0.034695 0.670710 0.999811 0.016594 -0.010149 2.530509
-0.006334 0.034557 -0.999383 -45.487064 -0.016372 0.999265 0.034657 0.681911 0.999846 0.016581 -0.005764 2.507431
-0.001492 0.034585 -0.999401 -46.205445 -0.016514 0.999265 0.034605 0.692967 0.999863 0.016556 -0.000920 2.487591
0.003816 0.034606 -0.999394 -46.920213 -0.016659 0.999265 0.034538 0.703871 0.999854 0.016517 0.004390 2.471237
0.009598 0.034620 -0.999354 -47.631033 -0.016806 0.999265 0.034456 0.714614 0.999813 0.016464 0.010172 2.458616
0.015859 0.034628 -0.999274 -48.337576 -0.016954 0.999266 0.034358 0.725189 0.999730 0.016397 0.016435 2.449982
0.022609 0.034628 -0.999145 -49.039520 -0.017103 0.999267 0.034245 0.735587 0.999598 0.016314 0.023184 2.445590
0.029854 0.034620 -0.998955 -49.736547 -0.017252 0.999269 0.034115 0.745802 0.999405 0.016215 0.030429 2.445697
0.037602 0.034605 -0.998693 -50.428349 -0.017400 0.999271 0.033970 0.755826 0.999141 0.016100 0.038177 2.450561
0.045861 0.034581 -0.998349 -51.114622 -0.017546 0.999274 0.033807 0.765652 0.998794 0.015967 0.046434 2.460442
0.054638 0.034548 -0.997908 -51.795074 -0.017691 0.999278 0.033627 0.775272 0.998350 0.015817 0.055209 2.475602
0.063939 0.034506 -0.997357 -52.469417 -0.017833 0.999282 0.033430 0.784681 0.997794 0.015649 0.064509 2.496302
0.073772 0.034455 -0.996680 -53.137373 -0.017973 0.999287 0.033215 0.793871 0.997113 0.015463 0.074339 2.522803
0.084143 0.034393 -0.995860 -53.798672 -0.018108 0.999292 0.032981 0.802837 0.996289 0.015258 0.084706 2.555364
0.095056 0.034319 -0.994880 -54.453053 -0.018240 0.999298 0.032729 0.811573 0.995305 0.015036 0.095615 2.594247
0.106515 0.034234 -0.993722 -55.100262 -0.018368 0.999304 0.032458 0.820072 0.994141 0.014796 0.107070 2.639706
0.118525 0.034137 -0.992364 -55.740057 -0.018492 0.999311 0.032167 0.828328 0.992779 0.014538 0.119074 2.692000
0.131087 0.034027 -0.990787 -56.372202 -0.018612 0.999319 0.031857 0.836336 0.991196 0.014264 0.131631 2.751379
0.144202 0.033904 -0.988967 -56.996474 -0.018727 0.999327 0.031528 0.844090 0.989371 0.013974 0.144740 2.818096
0.157872 0.033767 -0.986882 -57.612656 -0.018838 0.999336 0.031180 0.851583 0.987280 0.013669 0.158403 2.892399
0.172093 0.033617 -0.984507 -58.220544 -0.018946 0.999346 0.030812 0.858810 0.984898 0.013350 0.172618 2.974531
0.186864 0.033453 -0.981816 -58.819942 -0.019050 0.999356 0.030425 0.865766 0.982201 0.013019 0.187381 3.064736
0.202178 0.033275 -0.978783 -59.410666 -0.019152 0.999366 0.030019 0.872446 0.979161 0.012676 0.202688 3.163250
0.218030 0.033083 -0.975381 -59.992543 -0.019250 0.999377 0.029594 0.878845 0.975752 0.012324 0.218531 3.270309
0.234408 0.032877 -0.971582 -60.565409 -0.019346 0.999388 0.029151 0.884958 0.971946 0.011963 0.234901 3.386144
0.251301 0.032658 -0.967358 -61.129113 -0.019439 0.999399 0.028690 0.890780 0.967714 0.011595 0.251785 3.510981
0.268693 0.032424 -0.962680 -61.683513 -0.019529 0.999411 0.028211 0.896308 0.963028 0.011220 0.269168 3.645042
0.286566 0.032178 -0.957520 -62.228479 -0.019616 0.999423 0.027715 0.901536 0.957860 0.010841 0.287032 3.788542
0.304896 0.031917 -0.951851 -62.763893 -0.019699 0.999436 0.027203 0.906461 0.952182 0.010457 0.305353 3.941693
0.323659 0.031644 -0.945644 -63.289649 -0.019778 0.999448 0.026675 0.911079 0.945967 0.010070 0.324107 4.104697
0.342825 0.031359 -0.938876 -63.805651 -0.019852 0.999461 0.026133 0.915385 0.939190 0.009680 0.343262 4.277752
0.362359 0.031061 -0.931521 -64.311816 -0.019921 0.999474 0.025578 0.919377 0.931826 0.009288 0.362787 4.461047
0.382226 0.030752 -0.923557 -64.808072 -0.019982 0.999487 0.025011 0.923051 0.923853 0.008895 0.382644 4.654766
0.402384 0.030432 -0.914965 -65.294360 -0.020037 0.999501 0.024432 0.926404 0.915252 0.008502 0.402792 4.859080
0.422788 0.030101 -0.905729 -65.770630 -0.020084 0.999514 0.023843 0.929435 0.906006 0.008110 0.423187 5.074155
0.443391 0.029760 -0.895834 -66.236846 -0.020123 0.999527 0.023244 0.932140 0.896102 0.007721 0.443781 5.300146
0.464143 0.029408 -0.885272 -66.692981 -0.020155 0.999541 0.022637 0.934518 0.885531 0.007335 0.464522 5.537198
0.484989 0.029048 -0.874038 -67.139022 -0.020178 0.999554 0.022023 0.936566 0.874287 0.006955 0.485359 5.785447
0.505874 0.028679 -0.862131 -67.574964 -0.020192 0.999567 0.021402 0.938284 0.862371 0.006581 0.506234 6.045019
0.526739 0.028301 -0.849556 -68.000816 -0.020197 0.999580 0.020776 0.939668 0.849787 0.006215 0.527090 6.316028
0.547527 0.027916 -0.836322 -68.416596 -0.020193 0.999593 0.020146 0.940719 0.836545 0.005857 0.547868 6.598578
0.568176 0.027525 -0.822446 -68.822336 -0.020180 0.999606 0.019514 0.941434 0.822659 0.005510 0.568508 6.892762
0.588628 0.027130 -0.807948 -69.218076 -0.020158 0.999619 0.018880 0.941812 0.808152 0.005173 0.588951 7.198660
0.608824 0.026730 -0.792855 -69.603869 -0.020127 0.999631 0.018246 0.941853 0.793050 0.004849 0.609138 7.516340
0.628707 0.026328 -0.777197 -69.979778 -0.020088 0.999643 0.017614 0.941555 0.777383 0.004538 0.629011 7.845857
0.648220 0.025926 -0.761011 -70.345877 -0.020040 0.999655 0.016986 0.940919 0.761189 0.004240 0.648516 8.187256
0.667313 0.025524 -0.744340 -70.702248 -0.019984 0.999666 0.016363 0.939943 0.744509 0.003956 0.667601 8.540565
0.685937 0.025124 -0.727227 -71.048984 -0.019921 0.999678 0.015746 0.938628 0.727388 0.003686 0.686216 8.905802
0.704047 0.024726 -0.709723 -71.386189 -0.019851 0.999688 0.015136 0.936974 0.709876 0.003432 0.704318 9.282971
0.721603 0.024332 -0.691879 -71.713973 -0.019774 0.999699 0.014535 0.934980 0.692024 0.003193 0.721867 9.672062
0.738572 0.023944 -0.673750 -72.032455 -0.019691 0.999709 0.013942 0.932647 0.673887 0.002969 0.738828 10.073053
0.754923 0.023561 -0.655391 -72.341764 -0.019603 0.999719 0.013359 0.929975 0.655521 0.002762 0.755172 10.485910
0.770632 0.023186 -0.636859 -72.642036 -0.019511 0.999728 0.012787 0.926964 0.636982 0.002572 0.770875 10.910585
0.785681 0.022820 -0.618210 -72.933414 -0.019417 0.999737 0.012226 0.923613 0.618326 0.002398 0.785918 11.347018
0.800058 0.022463 -0.599502 -73.216050 -0.019321 0.999745 0.011676 0.919925 0.599612 0.002241 0.800288 11.795139
0.813753 0.022119 -0.580789 -73.490101 -0.019225 0.999753 0.011139 0.915898 0.580892 0.002101 0.813978 12.254862
0.826765 0.021787 -0.562125 -73.755731 -0.019129 0.999761 0.010614 0.911534 0.562222 0.001978 0.826984 12.726095
0.839095 0.021469 -0.543561 -74.013109 -0.019036 0.999768 0.010102 0.906833 0.543651 0.001871 0.839309 13.208732
0.850750 0.021166 -0.525145 -74.262410 -0.018946 0.999774 0.009603 0.901797 0.525229 0.001780 0.850959 13.702657
0.861738 0.020879 -0.506923 -74.503813 -0.018860 0.999781 0.009118 0.896427 0.507002 0.001703 0.861943 14.207747
0.872075 0.020609 -0.488938 -74.737500 -0.018779 0.999786 0.008647 0.890724 0.489012 0.001641 0.872276 14.723866
0.881776 0.020355 -0.471229 -74.963657 -0.018703 0.999792 0.008190 0.884691 0.471298 0.001591 0.881973 15.250872
0.890860 0.020119 -0.453832 -75.182476 -0.018633 0.999796 0.007747 0.878328 0.453895 0.001555 0.891054 15.788613
0.899349 0.019901 -0.436778 -75.394149 -0.018570 0.999801 0.007318 0.871640 0.436837 0.001529 0.899539 16.336931
0.907265 0.019701 -0.420097 -75.598874 -0.018514 0.999805 0.006903 0.864627 0.420151 0.001515 0.907453 16.895660
0.914633 0.019520 -0.403813 -75.796850 -0.018467 0.999808 0.006502 0.857293 0.403863 0.001510 0.914818 17.464627
0.921478 0.019357 -0.387949 -75.988279 -0.018428 0.999811 0.006116 0.849640 0.387994 0.001513 0.921661 18.043654
0.927825 0.019212 -0.372522 -76.173365 -0.018396 0.999814 0.005743 0.841672 0.372563 0.001525 0.928006 18.632556
0.933700 0.019084 -0.357548 -76.352313 -0.018374 0.999817 0.005384 0.833393 0.357585 0.001542 0.933879 19.231142
0.939129 0.018974 -0.343039 -76.525330 -0.018359 0.999819 0.005040 0.824807 0.343073 0.001565 0.939308 19.839217
0.944139 0.018880 -0.329006 -76.692623 -0.018352 0.999820 0.004709 0.815917 0.329036 0.001592 0.944316 20.456578
0.948754 0.018801 -0.315456 -76.854400 -0.018353 0.999822 0.004393 0.806729 0.315482 0.001622 0.948930 21.083020
0.952999 0.018737 -0.302393 -77.010869 -0.018360 0.999823 0.004091 0.797245 0.302416 0.001654 0.953175 21.718331
0.956899 0.018686 -0.289820 -77.162236 -0.018373 0.999824 0.003802 0.787472 0.289840 0.001687 0.957074 22.362296
0.960476 0.018648 -0.277738 -77.308708 -0.018392 0.999825 0.003527 0.777415 0.277755 0.001720 0.960650 23.014693
0.963753 0.018620 -0.266145 -77.450492 -0.018415 0.999825 0.003266 0.767077 0.266159 0.001754 0.963927 23.675299
0.966752 0.018602 -0.255039 -77.587791 -0.018442 0.999825 0.003017 0.756464 0.255050 0.001786 0.966926 24.343887
0.969493 0.018593 -0.244414 -77.720809 -0.018473 0.999825 0.002782 0.745583 0.244423 0.001818 0.969667 25.020225
0.971995 0.018592 -0.234265 -77.849748 -0.018508 0.999825 0.002558 0.734437 0.234272 0.001849 0.972169 25.704080
0.974277 0.018598 -0.224584 -77.974808 -0.018545 0.999825 0.002346 0.723033 0.224589 0.001879 0.974452 26.395217
0.976357 0.018610 -0.215364 -78.096187 -0.018584 0.999825 0.002145 0.711376 0.215366 0.001908 0.976532 27.093397
0.978249 0.018628 -0.206594 -78.214080 -0.018626 0.999825 0.001954 0.699472 0.206594 0.001937 0.978425 27.798382
0.979971 0.018651 -0.198266 -78.328680 -0.018671 0.999824 0.001773 0.687327 0.198265 0.001965 0.980147 28.509931
0.981534 0.018679 -0.190371 -78.440178 -0.018717 0.999824 0.001601 0.674946 0.190367 0.001992 0.981711 29.227805
0.982954 0.018711 -0.182899 -78.548761 -0.018765 0.999823 0.001437 0.662335 0.182893 0.002019 0.983131 29.951761
0.984240 0.018746 -0.175840 -78.654616 -0.018814 0.999822 0.001283 0.649500 0.175832 0.002046 0.984418 30.681559
0.985405 0.018785 -0.169184 -78.757925 -0.018865 0.999821 0.001136 0.636446 0.169175 0.002072 0.985584 31.416959
0.986459 0.018826 -0.162924 -78.858869 -0.018917 0.999821 0.000998 0.623180 0.162913 0.002097 0.986638 32.157721
0.987411 0.018871 -0.157048 -78.957627 -0.018970 0.999820 0.000868 0.609707 0.157036 0.002123 0.987591 32.903606
0.988269 0.018919 -0.151549 -79.054374 -0.019025 0.999819 0.000745 0.596033 0.151536 0.002147 0.988449 33.654376
0.989041 0.018969 -0.146418 -79.149282 -0.019083 0.999818 0.000629 0.582165 0.146404 0.002172 0.989223 34.409796
0.989735 0.019022 -0.141646 -79.242521 -0.019141 0.999817 0.000521 0.568109 0.141630 0.002196 0.989917 35.169634
0.990356 0.019078 -0.137225 -79.334259 -0.019202 0.999816 0.000420 0.553872 0.137207 0.002219 0.990540 35.933659
0.990912 0.019136 -0.133145 -79.424657 -0.019264 0.999814 0.000328 0.539462 0.133127 0.002240 0.991096 36.701645
0.991407 0.019197 -0.129400 -79.513878 -0.019328 0.999813 0.000242 0.524884 0.129381 0.002261 0.991592 37.473369
0.991846 0.019259 -0.125981 -79.602078 -0.019393 0.999812 0.000165 0.510148 0.125961 0.002280 0.992033 38.248612
0.992233 0.019324 -0.122881 -79.689412 -0.019460 0.999811 0.000094 0.495262 0.122860 0.002298 0.992421 39.027157
0.992573 0.019391 -0.120092 -79.776032 -0.019529 0.999809 0.000031 0.480232 0.120070 0.002315 0.992763 39.808795
0.992869 0.019460 -0.117608 -79.862087 -0.019599 0.999808 -0.000026 0.465068 0.117584 0.002331 0.993060 40.593320
0.993125 0.019533 -0.115420 -79.947725 -0.019673 0.999806 -0.000075 0.449778 0.115396 0.002345 0.993317 41.380529
0.993342 0.019608 -0.113522 -80.033088 -0.019749 0.999805 -0.000118 0.434370 0.113498 0.002359 0.993535 42.170226
0.993524 0.019686 -0.111908 -80.118320 -0.019827 0.999803 -0.000153 0.418852 0.111883 0.002371 0.993719 42.962218
0.993672 0.019767 -0.110572 -80.203557 -0.019909 0.999802 -0.000181 0.403234 0.110546 0.002381 0.993868 43.756318
0.993788 0.019852 -0.109506 -80.288937 -0.019994 0.999800 -0.000201 0.387525 0.109480 0.002389 0.993986 44.552342
0.993874 0.019940 -0.108704 -80.374593 -0.020083 0.999798 -0.000213 0.371733 0.108677 0.002395 0.994074 45.350113
0.993932 0.020032 -0.108160 -80.460655 -0.020174 0.999796 -0.000217 0.355870 0.108133 0.002398 0.994133 46.149457
0.993961 0.020126 -0.107868 -80.547252 -0.020268 0.999795 -0.000213 0.339943 0.107841 0.002398 0.994165 46.950204
0.993965 0.020224 -0.107822 -80.634511 -0.020364 0.999793 -0.000200 0.323963 0.107795 0.002395 0.994170 47.752188
0.993941 0.020324 -0.108015 -80.722556 -0.020463 0.999791 -0.000179 0.307941 0.107989 0.002389 0.994149 48.555248
0.993893 0.020427 -0.108443 -80.811510 -0.020565 0.999789 -0.000151 0.291886 0.108417 0.002380 0.994103 49.359227
0.993819 0.020532 -0.109098 -80.901495 -0.020668 0.999786 -0.000116 0.275807 0.109073 0.002370 0.994031 50.163969
0.993720 0.020641 -0.109975 -80.992628 -0.020775 0.999784 -0.000073 0.259714 0.109950 0.002357 0.993934 50.969326
0.993596 0.020751 -0.111067 -81.085028 -0.020883 0.999782 -0.000024 0.243617 0.111043 0.002343 0.993813 51.775150
0.993447 0.020864 -0.112370 -81.178810 -0.020994 0.999780 0.000032 0.227523 0.112345 0.002327 0.993666 52.581298
0.993274 0.020980 -0.113875 -81.274086 -0.021106 0.999777 0.000094 0.211442 0.113852 0.002310 0.993495 53.387629
0.993074 0.021097 -0.115579 -81.370966 -0.021220 0.999775 0.000162 0.195383 0.115556 0.002291 0.993298 54.194006
0.992849 0.021216 -0.117474 -81.469561 -0.021336 0.999772 0.000236 0.179354 0.117452 0.002272 0.993076 55.000296
0.992598 0.021337 -0.119556 -81.569976 -0.021453 0.999770 0.000316 0.163363 0.119535 0.002251 0.992827 55.806369
0.992320 0.021459 -0.121819 -81.672315 -0.021571 0.999767 0.000401 0.147419 0.121799 0.002229 0.992552 56.612097
0.992015 0.021582 -0.124257 -81.776682 -0.021689 0.999765 0.000492 0.131530 0.124238 0.002207 0.992250 57.417355
0.991682 0.021707 -0.126866 -81.883176 -0.021809 0.999762 0.000587 0.115704 0.126848 0.002185 0.991920 58.222023
0.991321 0.021833 -0.129640 -81.991896 -0.021929 0.999759 0.000686 0.099949 0.129623 0.002163 0.991561 59.025982
0.990930 0.021960 -0.132574 -82.102940 -0.022050 0.999757 0.000790 0.084273 0.132559 0.002141 0.991173 59.829117
0.990509 0.022089 -0.135664 -82.216402 -0.022172 0.999754 0.000898 0.068684 0.135651 0.002119 0.990754 60.631317
0.990056 0.022219 -0.138906 -82.332374 -0.022295 0.999751 0.001010 0.053189 0.138894 0.002097 0.990305 61.432472
0.989572 0.022352 -0.142295 -82.450947 -0.022420 0.999748 0.001126 0.037796 0.142284 0.002076 0.989824 62.232476
0.989055 0.022486 -0.145827 -82.572209 -0.022546 0.999745 0.001245 0.022512 0.145818 0.002057 0.989309 63.031224
0.988503 0.022623 -0.149497 -82.696244 -0.022673 0.999742 0.001366 0.007346 0.149490 0.002039 0.988761 63.828614
0.987917 0.022761 -0.153304 -82.823135 -0.022802 0.999739 0.001490 -0.007696 0.153297 0.002023 0.988178 64.624548
0.987295 0.022902 -0.157241 -82.952961 -0.022933 0.999736 0.001617 -0.022608 0.157237 0.002010 0.987559 65.418930
0.986635 0.023045 -0.161307 -83.085800 -0.023065 0.999732 0.001746 -0.037381 0.161304 0.001997 0.986903 66.211665
0.985938 0.023189 -0.165497 -83.221724 -0.023198 0.999729 0.001878 -0.052011 0.165495 0.001987 0.986209 67.002662
0.985201 0.023335 -0.169808 -83.360803 -0.023332 0.999726 0.002013 -0.066490 0.169808 0.001979 0.985475 67.791829
0.984424 0.023483 -0.174235 -83.503105 -0.023468 0.999722 0.002150 -0.080814 0.174237 0.001973 0.984702 68.579077
0.983606 0.023633 -0.178776 -83.648693 -0.023604 0.999719 0.002288 -0.094974 0.178780 0.001969 0.983887 69.364321
0.982746 0.023784 -0.183426 -83.797624 -0.023742 0.999715 0.002429 -0.108967 0.183432 0.001967 0.983030 70.147472
0.981843 0.023938 -0.188181 -83.949954 -0.023880 0.999712 0.002573 -0.122787 0.188189 0.001968 0.982131 70.928448
0.980896 0.024093 -0.193037 -84.105733 -0.024020 0.999708 0.002719 -0.136427 0.193047 0.001970 0.981188 71.707164
0.979904 0.024250 -0.197990 -84.265006 -0.024161 0.999704 0.002867 -0.149883 0.198001 0.001974 0.980200 72.483537
0.978867 0.024409 -0.203036 -84.427812 -0.024302 0.999700 0.003020 -0.163150 0.203049 0.001978 0.979167 73.257487
0.977784 0.024568 -0.208170 -84.594187 -0.024443 0.999696 0.003175 -0.176222 0.208184 0.001984 0.978088 74.028930
0.976655 0.024729 -0.213388 -84.764161 -0.024584 0.999692 0.003334 -0.189095 0.213405 0.001990 0.976962 74.797785
0.975478 0.024890 -0.218686 -84.937758 -0.024725 0.999688 0.003495 -0.201766 0.218705 0.001998 0.975789 75.563969
0.974253 0.025052 -0.224061 -85.114999 -0.024864 0.999684 0.003659 -0.214232 0.224082 0.002007 0.974568 76.327397
0.972980 0.025213 -0.229508 -85.295896 -0.025003 0.999680 0.003824 -0.226490 0.229531 0.002018 0.973299 77.087987
0.971658 0.025374 -0.235023 -85.480457 -0.025141 0.999676 0.003990 -0.238538 0.235048 0.002032 0.971982 77.845652
0.970288 0.025534 -0.240603 -85.668686 -0.025276 0.999672 0.004158 -0.250376 0.240631 0.002047 0.970615 78.600306
0.968867 0.025693 -0.246244 -85.860579 -0.025410 0.999668 0.004328 -0.262003 0.246274 0.002064 0.969198 79.351861
0.967397 0.025850 -0.251943 -86.056127 -0.025541 0.999664 0.004499 -0.273418 0.251974 0.002082 0.967732 80.100227
0.965876 0.026005 -0.257695 -86.255316 -0.025668 0.999660 0.004672 -0.284620 0.257729 0.002102 0.966215 80.845311
0.964305 0.026157 -0.263499 -86.458125 -0.025792 0.999656 0.004845 -0.295609 0.263535 0.002124 0.964647 81.587021
0.962683 0.026305 -0.269350 -86.664529 -0.025911 0.999652 0.005020 -0.306386 0.269389 0.002146 0.963029 82.325259
0.961010 0.026449 -0.275247 -86.874496 -0.026024 0.999648 0.005196 -0.316950 0.275287 0.002170 0.961360 83.059928
0.959285 0.026589 -0.281186 -87.087989 -0.026133 0.999644 0.005373 -0.327302 0.281228 0.002194 0.959638 83.790927
0.957509 0.026724 -0.287164 -87.304965 -0.026235 0.999640 0.005551 -0.337443 0.287209 0.002219 0.957865 84.518154
0.955680 0.026854 -0.293180 -87.525376 -0.026331 0.999637 0.005729 -0.347374 0.293228 0.002245 0.956040 85.241502
0.953799 0.026978 -0.299232 -87.749168 -0.026421 0.999633 0.005907 -0.357095 0.299281 0.002272 0.954162 85.960863
0.951865 0.027098 -0.305317 -87.976282 -0.026505 0.999630 0.006086 -0.366610 0.305369 0.002299 0.952231 86.676128
0.949878 0.027212 -0.311434 -88.206654 -0.026583 0.999627 0.006266 -0.375920 0.311488 0.002327 0.950247 87.387182
0.947837 0.027321 -0.317581 -88.440214 -0.026654 0.999624 0.006446 -0.385027 0.317638 0.002355 0.948209 88.093912
0.945742 0.027424 -0.323758 -88.676887 -0.026718 0.999621 0.006627 -0.393932 0.323817 0.002382 0.946117 88.796200
0.943592 0.027522 -0.329964 -88.916593 -0.026775 0.999618 0.006810 -0.402639 0.330025 0.002409 0.943969 89.493924
0.941387 0.027615 -0.336197 -89.159249 -0.026825 0.999616 0.006994 -0.411148 0.336261 0.002435 0.941766 90.186964
0.939124 0.027702 -0.342459 -89.404767 -0.026868 0.999613 0.007180 -0.419461 0.342525 0.002459 0.939505 90.875194
0.936804 0.027784 -0.348748 -89.653057 -0.026904 0.999611 0.007368 -0.427579 0.348817 0.002480 0.937187 91.558486
0.934426 0.027861 -0.355066 -89.904021 -0.026932 0.999609 0.007559 -0.435505 0.355138 0.002499 0.934811 92.236709
0.931987 0.027932 -0.361414 -90.157563 -0.026953 0.999607 0.007752 -0.443238 0.361488 0.002516 0.932373 92.909730
0.929487 0.027999 -0.367791 -90.413581 -0.026967 0.999605 0.007947 -0.450781 0.367868 0.002531 0.929875 93.577411
0.926923 0.028062 -0.374200 -90.671970 -0.026974 0.999603 0.008145 -0.458135 0.374280 0.002544 0.927312 94.239613
0.924295 0.028119 -0.380642 -90.932625 -0.026974 0.999601 0.008344 -0.465302 0.380724 0.002555 0.924685 94.896193
0.921599 0.028173 -0.387118 -91.195437 -0.026968 0.999600 0.008546 -0.472284 0.387204 0.002564 0.921990 95.547006
0.918835 0.028223 -0.393632 -91.460296 -0.026955 0.999598 0.008751 -0.479081 0.393721 0.002570 0.919226 96.191903
0.915998 0.028269 -0.400186 -91.727090 -0.026936 0.999597 0.008958 -0.485698 0.400278 0.002574 0.916390 96.830735
0.913087 0.028312 -0.406782 -91.995707 -0.026910 0.999596 0.009167 -0.492134 0.406877 0.002576 0.913479 97.463347
0.910097 0.028351 -0.413423 -92.266034 -0.026879 0.999595 0.009379 -0.498394 0.413522 0.002577 0.910491 98.089585
0.907027 0.028388 -0.420114 -92.537959 -0.026841 0.999594 0.009594 -0.504478 0.420215 0.002574 0.907421 98.709290
0.903872 0.028422 -0.426857 -92.811369 -0.026797 0.999593 0.009813 -0.510390 0.426962 0.002569 0.904266 99.322304
0.900629 0.028453 -0.433657 -93.086155 -0.026747 0.999592 0.010037 -0.516130 0.433766 0.002560 0.901022 99.928465
0.897292 0.028483 -0.440518 -93.362206 -0.026691 0.999591 0.010264 -0.521701 0.440631 0.002548 0.897685 100.527609
0.893856 0.028512 -0.447446 -93.639416 -0.026630 0.999590 0.010497 -0.527104 0.447562 0.002533 0.894249 101.119570
0.890318 0.028539 -0.454444 -93.917680 -0.026563 0.999590 0.010735 -0.532341 0.454564 0.002514 0.890710 101.704182
0.886670 0.028567 -0.461519 -94.196897 -0.026491 0.999589 0.010978 -0.537411 0.461643 0.002492 0.887062 102.281277
0.882907 0.028595 -0.468676 -94.476967 -0.026413 0.999588 0.011228 -0.542317 0.468804 0.002466 0.883299 102.850686
0.879022 0.028623 -0.475921 -94.757797 -0.026331 0.999587 0.011485 -0.547058 0.476053 0.002436 0.879413 103.412239
0.875008 0.028653 -0.483260 -95.039296 -0.026243 0.999587 0.011749 -0.551635 0.483396 0.002402 0.875398 103.965765
0.870857 0.028684 -0.490698 -95.321378 -0.026151 0.999586 0.012021 -0.556048 0.490840 0.002363 0.871247 104.511096
0.866561 0.028717 -0.498244 -95.603964 -0.026052 0.999585 0.012301 -0.560297 0.498390 0.002321 0.866950 105.048058
0.862111 0.028750 -0.505903 -95.886979 -0.025948 0.999584 0.012587 -0.564382 0.506054 0.002276 0.862499 105.576483
0.857498 0.028786 -0.513681 -96.170355 -0.025839 0.999583 0.012881 -0.568304 0.513838 0.002228 0.857884 106.096198
0.852712 0.028823 -0.521586 -96.454032 -0.025724 0.999582 0.013181 -0.572061 0.521748 0.002178 0.853097 106.607036
0.847742 0.028862 -0.529623 -96.737954 -0.025605 0.999581 0.013489 -0.575654 0.529790 0.002126 0.848126 107.108827
0.842578 0.028904 -0.537799 -97.022077 -0.025479 0.999580 0.013803 -0.579080 0.537972 0.002073 0.842960 107.601404
0.837207 0.028948 -0.546119 -97.306360 -0.025349 0.999579 0.014124 -0.582339 0.546298 0.002019 0.837589 108.084602
0.831619 0.028997 -0.554589 -97.590773 -0.025214 0.999578 0.014454 -0.585428 0.554774 0.001963 0.831999 108.558259
0.825799 0.029050 -0.563215 -97.875294 -0.025074 0.999576 0.014792 -0.588344 0.563406 0.001907 0.826178 109.022213
0.819736 0.029108 -0.572002 -98.159910 -0.024929 0.999575 0.015140 -0.591084 0.572199 0.001849 0.820113 109.476305
0.813414 0.029171 -0.580953 -98.444614 -0.024779 0.999573 0.015497 -0.593644 0.581157 0.001790 0.813790 109.920377
0.806821 0.029241 -0.590072 -98.729410 -0.024624 0.999571 0.015864 -0.596019 0.590283 0.001730 0.807195 110.354278
0.799940 0.029318 -0.599364 -99.014309 -0.024465 0.999569 0.016243 -0.598207 0.599582 0.001670 0.800312 110.777853
0.792756 0.029403 -0.608830 -99.299332 -0.024299 0.999566 0.016633 -0.600201 0.609055 0.001609 0.793126 111.190956
0.785252 0.029496 -0.618473 -99.584508 -0.024129 0.999564 0.017035 -0.601999 0.618706 0.001547 0.785621 111.593439
0.777412 0.029597 -0.628294 -99.869875 -0.023953 0.999561 0.017449 -0.603594 0.628535 0.001485 0.777780 111.985158
0.769219 0.029708 -0.638294 -100.155479 -0.023771 0.999558 0.017876 -0.604983 0.638543 0.001423 0.769585 112.365974
0.760654 0.029829 -0.648472 -100.441377 -0.023583 0.999554 0.018315 -0.606161 0.648729 0.001362 0.761019 112.735747
0.751699 0.029959 -0.658825 -100.727633 -0.023388 0.999550 0.018768 -0.607122 0.659091 0.001301 0.752062 113.094344
0.742335 0.030099 -0.669353 -101.014322 -0.023186 0.999546 0.019233 -0.607862 0.669628 0.001242 0.742696 113.441633
0.732542 0.030249 -0.680049 -101.301526 -0.022975 0.999542 0.019712 -0.608375 0.680334 0.001184 0.732901 113.777485
0.722300 0.030410 -0.690911 -101.589336 -0.022755 0.999537 0.020205 -0.608655 0.691205 0.001128 0.722658 114.101776
0.711590 0.030579 -0.701930 -101.877855 -0.022524 0.999532 0.020710 -0.608699 0.702234 0.001073 0.711945 114.414382
0.700389 0.030759 -0.713098 -102.167190 -0.022282 0.999526 0.021229 -0.608499 0.713413 0.001020 0.700743 114.715186
0.688679 0.030949 -0.724405 -102.457460 -0.022027 0.999521 0.021762 -0.608052 0.724731 0.000970 0.689031 115.004071
0.676439 0.031148 -0.735840 -102.748788 -0.021759 0.999514 0.022307 -0.607350 0.736177 0.000921 0.676788 115.280923
0.663648 0.031358 -0.747388 -103.041306 -0.021476 0.999508 0.022866 -0.606390 0.747737 0.000876 0.663995 115.545633
0.650287 0.031578 -0.759032 -103.335153 -0.021178 0.999501 0.023438 -0.605167 0.759393 0.000833 0.650631 115.798096
0.636337 0.031807 -0.770755 -103.630473 -0.020863 0.999494 0.024022 -0.603676 0.771129 0.000794 0.636679 116.038207
0.621781 0.032047 -0.782535 -103.927415 -0.020530 0.999486 0.024619 -0.601913 0.782922 0.000758 0.622120 116.265868
0.606602 0.032298 -0.794349 -104.226135 -0.020179 0.999478 0.025229 -0.599873 0.794749 0.000725 0.606937 116.480986
0.590786 0.032559 -0.806171 -104.526795 -0.019807 0.999470 0.025851 -0.597552 0.806585 0.000695 0.591118 116.683470
0.574319 0.032831 -0.817973 -104.829558 -0.019413 0.999461 0.026485 -0.594945 0.818401 0.000669 0.574647 116.873236
0.557193 0.033114 -0.829723 -105.134595 -0.018996 0.999451 0.027131 -0.592049 0.830166 0.000645 0.557516 117.050203
0.539397 0.033407 -0.841388 -105.442077 -0.018555 0.999442 0.027787 -0.588858 0.841847 0.000624 0.539716 117.214295
0.520930 0.033710 -0.852934 -105.752181 -0.018088 0.999431 0.028453 -0.585367 0.853408 0.000606 0.521243 117.365441
0.501789 0.034024 -0.864321 -106.065086 -0.017595 0.999421 0.029127 -0.581573 0.864811 0.000592 0.502097 117.503576
0.481977 0.034348 -0.875511 -106.380974 -0.017073 0.999410 0.029809 -0.577470 0.876018 0.000581 0.482279 117.628640
0.461501 0.034681 -0.886461 -106.700027 -0.016524 0.999398 0.030497 -0.573054 0.886986 0.000573 0.461797 117.740578
0.440374 0.035023 -0.897131 -107.022429 -0.015945 0.999386 0.031188 -0.568320 0.897673 0.000570 0.440662 117.839341
0.418611 0.035374 -0.907476 -107.348365 -0.015337 0.999374 0.031881 -0.563265 0.908036 0.000572 0.418892 117.924886
0.396235 0.035733 -0.917453 -107.678020 -0.014699 0.999361 0.032574 -0.557884 0.918031 0.000579 0.396507 117.997176
0.373273 0.036099 -0.927019 -108.011579 -0.014032 0.999348 0.033265 -0.552175 0.927616 0.000591 0.373536 118.056180
0.349756 0.036471 -0.936131 -108.349225 -0.013335 0.999335 0.033951 -0.546133 0.936746 0.000609 0.350010 118.101875
0.325724 0.036849 -0.944747 -108.691142 -0.012609 0.999321 0.034630 -0.539757 0.945381 0.000633 0.325967 118.134244
0.301217 0.037231 -0.952828 -109.037512 -0.011855 0.999306 0.035300 -0.533044 0.953482 0.000663 0.301450 118.153274
0.276285 0.037617 -0.960339 -109.388513 -0.011074 0.999292 0.035957 -0.525992 0.961012 0.000700 0.276506 118.158963
0.250978 0.038006 -0.967246 -109.744322 -0.010265 0.999277 0.036601 -0.518599 0.967938 0.000743 0.251187 118.151312
0.225353 0.038396 -0.973520 -110.105114 -0.009432 0.999262 0.037228 -0.510862 0.974231 0.000792 0.225549 118.130329
0.199470 0.038788 -0.979136 -110.471057 -0.008574 0.999247 0.037838 -0.502780 0.979866 0.000848 0.199652 118.096031
0.173390 0.039180 -0.984074 -110.842318 -0.007695 0.999232 0.038428 -0.494353 0.984823 0.000909 0.173558 118.048438
0.147177 0.039572 -0.988318 -111.219057 -0.006795 0.999216 0.038997 -0.485578 0.989087 0.000976 0.147330 117.987578
0.120897 0.039964 -0.991860 -111.601430 -0.005876 0.999201 0.039544 -0.476455 0.992648 0.001047 0.121035 117.913485
0.094616 0.040355 -0.994696 -111.989587 -0.004939 0.999185 0.040067 -0.466984 0.995502 0.001122 0.094738 117.826199
0.068399 0.040744 -0.996826 -112.383671 -0.003988 0.999169 0.040566 -0.457163 0.997650 0.001201 0.068505 117.725767
0.042311 0.041131 -0.998257 -112.783819 -0.003024 0.999153 0.041040 -0.446994 0.999100 0.001282 0.042400 117.612239
0.016415 0.041516 -0.999003 -113.190161 -0.002048 0.999137 0.041488 -0.436477 0.999863 0.001365 0.016486 117.485673
-0.009230 0.041898 -0.999079 -113.602819 -0.001064 0.999121 0.041909 -0.425614 0.999957 0.001449 -0.009177 117.346133
-0.034567 0.042275 -0.998508 -114.021907 -0.000073 0.999105 0.042303 -0.414405 0.999402 0.001535 -0.034533 117.193686
-0.059542 0.042648 -0.997314 -114.447531 0.000922 0.999089 0.042669 -0.402853 0.998225 0.001621 -0.059527 117.028407
-0.084106 0.043017 -0.995528 -114.879789 0.001919 0.999073 0.043008 -0.390961 0.996455 0.001706 -0.084111 116.850376
-0.108214 0.043380 -0.993181 -115.318771 0.002916 0.999057 0.043319 -0.378732 0.994123 0.001792 -0.108239 116.659679
-0.131826 0.043737 -0.990308 -115.764557 0.003910 0.999041 0.043602 -0.366168 0.991265 0.001876 -0.131870 116.456409
-0.154905 0.044087 -0.986945 -116.217219 0.004898 0.999026 0.043858 -0.353274 0.987917 0.001960 -0.154970 116.240664
-0.177419 0.044430 -0.983132 -116.676820 0.005880 0.999010 0.044087 -0.340053 0.984118 0.002041 -0.177505 116.012548
-0.199343 0.044767 -0.978907 -117.143415 0.006853 0.998995 0.044290 -0.326510 0.979906 0.002121 -0.199450 115.772174
-0.220654 0.045096 -0.974309 -117.617046 0.007814 0.998980 0.044468 -0.312649 0.975321 0.002198 -0.220781 115.519658
-0.241333 0.045419 -0.969379 -118.097749 0.008764 0.998965 0.044623 -0.298476 0.970403 0.002274 -0.241482 115.255124
-0.261368 0.045734 -0.964155 -118.585549 0.009699 0.998951 0.044756 -0.283995 0.965191 0.002347 -0.261537 114.978703
-0.280747 0.046043 -0.958677 -119.080460 0.010617 0.998937 0.044867 -0.269212 0.959723 0.002418 -0.280937 114.690532
-0.299464 0.046346 -0.952981 -119.582488 0.011519 0.998922 0.044961 -0.254132 0.954038 0.002487 -0.299675 114.390754
-0.317516 0.046644 -0.947105 -120.091628 0.012402 0.998908 0.045037 -0.238761 0.948172 0.002554 -0.317748 114.079521
-0.334903 0.046937 -0.941083 -120.607864 0.013266 0.998894 0.045099 -0.223104 0.942159 0.002620 -0.335156 113.756989
