0.999963 0.004977 0.007053 0.009211 -0.004979 0.999988 0.000300 -1.369568 -0.007052 -0.000335 0.999975 3.104646
0.999975 0.005043 0.004982 0.007493 -0.005044 0.999987 0.000263 -1.463648 -0.004981 -0.000288 0.999988 3.297393
0.999983 0.005112 0.002790 0.005289 -0.005112 0.999987 0.000228 -1.560958 -0.002789 -0.000242 0.999996 3.494410
0.999986 0.005184 0.000473 0.002534 -0.005184 0.999987 0.000196 -1.661530 -0.000471 -0.000198 1.000000 3.695650
0.999984 0.005261 -0.001973 -0.000839 -0.005260 0.999986 0.000167 -1.765394 0.001974 -0.000157 0.999998 3.901064
0.999975 0.005340 -0.004550 -0.004905 -0.005339 0.999986 0.000142 -1.872581 0.004550 -0.000118 0.999990 4.110601
0.999959 0.005423 -0.007260 -0.009742 -0.005422 0.999985 0.000122 -1.983116 0.007261 -0.000083 0.999974 4.324211
0.999934 0.005509 -0.010108 -0.015435 -0.005508 0.999985 0.000106 -2.097026 0.010109 -0.000050 0.999949 4.541843
0.999899 0.005598 -0.013095 -0.022074 -0.005597 0.999984 0.000094 -2.214334 0.013095 -0.000021 0.999914 4.763445
0.999852 0.005690 -0.016224 -0.029756 -0.005689 0.999984 0.000088 -2.335059 0.016224 0.000004 0.999868 4.988965
0.999793 0.005785 -0.019497 -0.038585 -0.005785 0.999983 0.000087 -2.459223 0.019497 0.000026 0.999810 5.218348
0.999720 0.005885 -0.022916 -0.048669 -0.005884 0.999983 0.000091 -2.586841 0.022916 0.000044 0.999737 5.451540
0.999631 0.005987 -0.026485 -0.060124 -0.005986 0.999982 0.000101 -2.717930 0.026485 0.000057 0.999649 5.688486
0.999525 0.006093 -0.030205 -0.073073 -0.006092 0.999981 0.000118 -2.852502 0.030205 0.000066 0.999544 5.929129
0.999400 0.006202 -0.034080 -0.087646 -0.006201 0.999981 0.000142 -2.990568 0.034080 0.000070 0.999419 6.173413
0.999254 0.006315 -0.038111 -0.103981 -0.006313 0.999980 0.000173 -3.132138 0.038111 0.000068 0.999274 6.421279
0.999084 0.006432 -0.042302 -0.122220 -0.006429 0.999979 0.000212 -3.277219 0.042302 0.000060 0.999105 6.672669
0.998890 0.006552 -0.046654 -0.142516 -0.006547 0.999979 0.000260 -3.425815 0.046655 0.000045 0.998911 6.927522
0.998668 0.006675 -0.051172 -0.165027 -0.006668 0.999978 0.000317 -3.577931 0.051173 0.000025 0.998690 7.185777
0.998416 0.006802 -0.055857 -0.189919 -0.006791 0.999977 0.000383 -3.733567 0.055859 -0.000003 0.998439 7.447374
0.998131 0.006931 -0.060713 -0.217367 -0.006916 0.999976 0.000458 -3.892723 0.060714 -0.000037 0.998155 7.712248
0.997812 0.007065 -0.065741 -0.247551 -0.007044 0.999975 0.000543 -4.055397 0.065743 -0.000079 0.997837 7.980335
0.997454 0.007201 -0.070945 -0.280662 -0.007174 0.999974 0.000638 -4.221584 0.070948 -0.000127 0.997480 8.251571
0.997056 0.007342 -0.076328 -0.316896 -0.007307 0.999973 0.000743 -4.391278 0.076331 -0.000183 0.997083 8.525888
0.996613 0.007487 -0.081891 -0.356460 -0.007442 0.999972 0.000859 -4.564471 0.081896 -0.000247 0.996641 8.803217
0.996123 0.007637 -0.087639 -0.399567 -0.007580 0.999971 0.000986 -4.741152 0.087644 -0.000318 0.996152 9.083489
0.995469 0.007823 -0.094762 -0.446991 -0.007753 0.999969 0.001112 -4.895416 0.094768 -0.000372 0.995499 9.298973
0.994729 0.008019 -0.102229 -0.498445 -0.007932 0.999968 0.001256 -5.051305 0.102235 -0.000439 0.994760 9.513200
0.993892 0.008226 -0.110051 -0.554163 -0.008119 0.999966 0.001420 -5.208726 0.110058 -0.000517 0.993925 9.725982
0.992949 0.008444 -0.118240 -0.614392 -0.008312 0.999964 0.001603 -5.367582 0.118249 -0.000609 0.992984 9.937143
0.991889 0.008673 -0.126809 -0.679383 -0.008512 0.999962 0.001809 -5.527772 0.126820 -0.000715 0.991925 10.146512
0.990700 0.008914 -0.135771 -0.749395 -0.008718 0.999960 0.002036 -5.689194 0.135784 -0.000834 0.990738 10.353928
0.989369 0.009168 -0.145136 -0.824690 -0.008931 0.999958 0.002287 -5.851740 0.145151 -0.000967 0.989409 10.559235
0.987882 0.009436 -0.154917 -0.905540 -0.009150 0.999955 0.002562 -6.015302 0.154934 -0.001114 0.987924 10.762282
0.986225 0.009719 -0.165125 -0.992221 -0.009375 0.999952 0.002863 -6.179768 0.165145 -0.001275 0.986268 10.962927
0.984380 0.010017 -0.175771 -1.085013 -0.009606 0.999949 0.003189 -6.345023 0.175794 -0.001451 0.984426 11.161029
0.982331 0.010330 -0.186867 -1.184202 -0.009842 0.999945 0.003543 -6.510950 0.186893 -0.001641 0.982379 11.356452
0.980059 0.010661 -0.198422 -1.290076 -0.010083 0.999941 0.003924 -6.677428 0.198452 -0.001845 0.980109 11.549063
0.977543 0.011009 -0.210447 -1.402929 -0.010329 0.999937 0.004333 -6.844336 0.210482 -0.002062 0.977596 11.738735
0.974763 0.011376 -0.222952 -1.523056 -0.010578 0.999933 0.004773 -7.011550 0.222991 -0.002294 0.974818 11.925340
0.971695 0.011762 -0.235944 -1.650756 -0.010831 0.999928 0.005242 -7.178941 0.235989 -0.002538 0.971752 12.108757
0.968316 0.012168 -0.249433 -1.786330 -0.011086 0.999922 0.005743 -7.346383 0.249483 -0.002796 0.968375 12.288863
0.964598 0.012594 -0.263425 -1.930079 -0.011342 0.999916 0.006275 -7.513744 0.263482 -0.003066 0.964660 12.465537
0.960514 0.013042 -0.277926 -2.082308 -0.011598 0.999909 0.006841 -7.680892 0.277990 -0.003347 0.960578 12.638661
0.956035 0.013512 -0.292942 -2.243319 -0.011853 0.999902 0.007440 -7.847693 0.293014 -0.003641 0.956101 12.808114
0.951129 0.014006 -0.308475 -2.413418 -0.012105 0.999894 0.008073 -8.014012 0.308556 -0.003944 0.951198 12.973777
0.945764 0.014523 -0.324528 -2.592904 -0.012355 0.999885 0.008741 -8.179711 0.324618 -0.004257 0.945836 13.135529
0.939906 0.015066 -0.341100 -2.782080 -0.012600 0.999876 0.009444 -8.344652 0.341200 -0.004579 0.939979 13.293249
0.933518 0.015636 -0.358189 -2.981243 -0.012840 0.999866 0.010183 -8.508694 0.358301 -0.004907 0.933593 13.446816
0.926562 0.016234 -0.375790 -3.190689 -0.013073 0.999854 0.010960 -8.671697 0.375914 -0.005242 0.926640 13.596107
0.919001 0.016861 -0.393895 -3.410708 -0.013298 0.999842 0.011774 -8.833517 0.394032 -0.005582 0.919080 13.740998
0.910792 0.017519 -0.412493 -3.641588 -0.013514 0.999829 0.012625 -8.994011 0.412643 -0.005925 0.910873 13.881362
0.901944 0.018205 -0.431468 -3.883600 -0.013716 0.999815 0.013513 -9.153479 0.431634 -0.006270 0.902027 14.018574
0.892431 0.018920 -0.450787 -4.137019 -0.013905 0.999799 0.014436 -9.311813 0.450970 -0.006615 0.892515 14.152599
0.882228 0.019665 -0.470411 -4.402116 -0.014077 0.999782 0.015394 -9.468903 0.470612 -0.006959 0.882313 14.283406
0.871315 0.020439 -0.490298 -4.679151 -0.014232 0.999764 0.016384 -9.624642 0.490517 -0.007298 0.871401 14.410964
0.859676 0.021242 -0.510399 -4.968379 -0.014369 0.999745 0.017406 -9.778922 0.510638 -0.007630 0.859762 14.535240
0.847296 0.022074 -0.530663 -5.270049 -0.014485 0.999725 0.018458 -9.931636 0.530924 -0.007953 0.847382 14.656202
0.834168 0.022936 -0.551034 -5.584400 -0.014581 0.999703 0.019538 -10.082678 0.551318 -0.008264 0.834254 14.773819
0.820289 0.023825 -0.571453 -5.911662 -0.014653 0.999679 0.020645 -10.231941 0.571762 -0.008561 0.820375 14.888062
0.805662 0.024741 -0.591858 -6.252055 -0.014702 0.999655 0.021775 -10.379322 0.592193 -0.008842 0.805748 14.998903
0.790297 0.025682 -0.612186 -6.605791 -0.014726 0.999629 0.022925 -10.524715 0.612547 -0.009103 0.790382 15.106313
0.774209 0.026646 -0.632369 -6.973069 -0.014724 0.999601 0.024093 -10.668017 0.632759 -0.009342 0.774293 15.210268
0.757421 0.027632 -0.652342 -7.354081 -0.014697 0.999572 0.025275 -10.809125 0.652761 -0.009556 0.757504 15.310743
0.739963 0.028636 -0.672038 -7.749005 -0.014644 0.999542 0.026467 -10.947938 0.672489 -0.009743 0.740043 15.407714
0.721869 0.029657 -0.691394 -8.158008 -0.014567 0.999511 0.027665 -11.084355 0.691876 -0.009899 0.721948 15.501160
0.703184 0.030693 -0.710345 -8.581247 -0.014465 0.999479 0.028866 -11.218275 0.710861 -0.010023 0.703261 15.591058
0.683954 0.031739 -0.728834 -9.018866 -0.014341 0.999445 0.030066 -11.349600 0.729384 -0.010111 0.684030 15.677390
0.664235 0.032795 -0.746804 -9.470996 -0.014197 0.999410 0.031260 -11.478231 0.747389 -0.010162 0.664309 15.760137
0.644085 0.033857 -0.764204 -9.937755 -0.014035 0.999375 0.032447 -11.604071 0.764825 -0.010173 0.644158 15.839285
0.623567 0.034923 -0.780989 -10.419249 -0.013857 0.999339 0.033623 -11.727023 0.781647 -0.010144 0.623639 15.914819
0.602748 0.035989 -0.797119 -10.915570 -0.013664 0.999301 0.034785 -11.846991 0.797814 -0.010074 0.602819 15.986728
0.581697 0.037053 -0.812561 -11.426795 -0.013461 0.999264 0.035930 -11.963879 0.813294 -0.009963 0.581767 16.055002
0.560484 0.038110 -0.827288 -11.952987 -0.013247 0.999225 0.037056 -12.077594 0.828059 -0.009810 0.560555 16.119636
0.539181 0.039159 -0.841279 -12.494192 -0.013027 0.999187 0.038160 -12.188041 0.842089 -0.009615 0.539253 16.180624
0.517859 0.040195 -0.854521 -13.050442 -0.012803 0.999148 0.039239 -12.295129 0.855370 -0.009380 0.517933 16.237967
0.496588 0.041214 -0.867008 -13.621756 -0.012577 0.999109 0.040290 -12.398767 0.867895 -0.009103 0.496663 16.291669
0.475435 0.042213 -0.878738 -14.208135 -0.012353 0.999070 0.041311 -12.498866 0.879664 -0.008786 0.475514 16.341735
0.454457 0.043191 -0.889721 -14.809568 -0.012132 0.999031 0.042300 -12.595344 0.890686 -0.008430 0.454541 16.388179
0.433710 0.044144 -0.899971 -15.426025 -0.011918 0.998993 0.043257 -12.688130 0.900974 -0.008035 0.433799 16.431011
0.413241 0.045071 -0.909505 -16.057462 -0.011714 0.998955 0.044181 -12.777158 0.910546 -0.007604 0.413337 16.470240
0.393098 0.045971 -0.918347 -16.703820 -0.011522 0.998917 0.045072 -12.862370 0.919424 -0.007136 0.393202 16.505876
0.373321 0.046843 -0.926519 -17.365028 -0.011345 0.998880 0.045930 -12.943714 0.927633 -0.006635 0.373434 16.537928
0.353947 0.047685 -0.934049 -18.040998 -0.011185 0.998844 0.046754 -13.021147 0.935199 -0.006101 0.354071 16.566409
0.335009 0.048496 -0.940966 -18.731627 -0.011045 0.998808 0.047545 -13.094630 0.942150 -0.005535 0.335145 16.591331
0.316535 0.049277 -0.947300 -19.436801 -0.010925 0.998773 0.048304 -13.164133 0.948518 -0.004941 0.316685 16.612710
0.298551 0.050025 -0.953082 -20.156391 -0.010827 0.998739 0.049030 -13.229630 0.954332 -0.004319 0.298716 16.630564
0.281076 0.050743 -0.958343 -20.890257 -0.010754 0.998705 0.049726 -13.291104 0.959625 -0.003671 0.281257 16.644915
0.264127 0.051429 -0.963116 -21.638245 -0.010705 0.998672 0.050391 -13.348541 0.964428 -0.002999 0.264327 16.655787
0.247719 0.052083 -0.967431 -22.400190 -0.010683 0.998640 0.051028 -13.401933 0.968773 -0.002305 0.247938 16.663207
0.231860 0.052707 -0.971320 -23.175918 -0.010688 0.998609 0.051636 -13.451279 0.972690 -0.001591 0.232101 16.667205
0.216560 0.053301 -0.974813 -23.965242 -0.010722 0.998578 0.052218 -13.496579 0.976210 -0.000857 0.216823 16.667815
0.201822 0.053865 -0.977940 -24.767966 -0.010784 0.998548 0.052774 -13.537841 0.979363 -0.000105 0.202109 16.665076
0.187647 0.054400 -0.980729 -25.583886 -0.010876 0.998519 0.053306 -13.575078 0.982176 0.000664 0.187961 16.659031
0.174038 0.054908 -0.983207 -26.412788 -0.010998 0.998490 0.053815 -13.608304 0.984678 0.001447 0.174379 16.649729
0.160990 0.055390 -0.985401 -27.254450 -0.011149 0.998462 0.054302 -13.637540 0.986893 0.002244 0.161360 16.637224
0.148500 0.055846 -0.987334 -28.108642 -0.011331 0.998435 0.054769 -13.662811 0.988847 0.003054 0.148900 16.621575
0.136563 0.056277 -0.989032 -28.975130 -0.011541 0.998408 0.055217 -13.684144 0.990564 0.003874 0.136995 16.602845
0.125170 0.056684 -0.990515 -29.853671 -0.011781 0.998381 0.055645 -13.701571 0.992065 0.004704 0.125635 16.581103
0.114314 0.057068 -0.991804 -30.744017 -0.012050 0.998355 0.056057 -13.715130 0.993372 0.005543 0.114814 16.556424
0.103984 0.057431 -0.992919 -31.645917 -0.012347 0.998329 0.056451 -13.724860 0.994502 0.006390 0.104520 16.528886
0.094169 0.057772 -0.993879 -32.559115 -0.012672 0.998304 0.056828 -13.730805 0.995476 0.007243 0.094742 16.498575
0.084857 0.058092 -0.994698 -33.483351 -0.013023 0.998278 0.057190 -13.733013 0.996308 0.008101 0.085467 16.465580
0.076033 0.058393 -0.995394 -34.418363 -0.013400 0.998253 0.057537 -13.731536 0.997015 0.008963 0.076683 16.429995
0.067684 0.058675 -0.995980 -35.363888 -0.013801 0.998229 0.057869 -13.726429 0.997611 0.009828 0.068374 16.391918
0.059794 0.058939 -0.996469 -36.319658 -0.014225 0.998204 0.058189 -13.717750 0.998109 0.010695 0.060525 16.351448
0.052349 0.059187 -0.996873 -37.285408 -0.014671 0.998180 0.058494 -13.705563 0.998521 0.011563 0.053122 16.308688
0.045332 0.059419 -0.997203 -38.260869 -0.015137 0.998156 0.058788 -13.689932 0.998857 0.012430 0.046148 16.263742
0.038727 0.059635 -0.997469 -39.245772 -0.015623 0.998132 0.059068 -13.670926 0.999128 0.013296 0.039586 16.216713
0.032519 0.059836 -0.997678 -40.239850 -0.016128 0.998108 0.059336 -13.648618 0.999341 0.014161 0.033422 16.167706
0.026690 0.060024 -0.997840 -41.242838 -0.016650 0.998084 0.059593 -13.623083 0.999505 0.015024 0.027639 16.116825
0.021227 0.060199 -0.997961 -42.254470 -0.017189 0.998060 0.059839 -13.594399 0.999627 0.015884 0.022221 16.064175
0.016114 0.060362 -0.998046 -43.274482 -0.017744 0.998036 0.060075 -13.562649 0.999713 0.016741 0.017154 16.009860
0.011337 0.060514 -0.998103 -44.302612 -0.018313 0.998012 0.060301 -13.527916 0.999768 0.017595 0.012423 15.953984
0.006881 0.060657 -0.998135 -45.338598 -0.018896 0.997988 0.060518 -13.490288 0.999798 0.018444 0.008014 15.896652
0.002735 0.060790 -0.998147 -46.382182 -0.019491 0.997964 0.060726 -13.449856 0.999806 0.019289 0.003914 15.837970
-0.001116 0.060915 -0.998142 -47.433106 -0.020096 0.997940 0.060925 -13.406713 0.999797 0.020126 0.000111 15.778042
-0.004682 0.061031 -0.998125 -48.491117 -0.020709 0.997916 0.061116 -13.360955 0.999775 0.020957 -0.003409 15.716973
-0.007976 0.061140 -0.998097 -49.555965 -0.021330 0.997892 0.061298 -13.312679 0.999741 0.021779 -0.006655 15.654865
-0.011008 0.061241 -0.998062 -50.627400 -0.021958 0.997867 0.061472 -13.261987 0.999698 0.022592 -0.009639 15.591822
-0.013789 0.061335 -0.998022 -51.705182 -0.022590 0.997843 0.061636 -13.208981 0.999650 0.023395 -0.012373 15.527942
-0.016329 0.061421 -0.997978 -52.789072 -0.023226 0.997819 0.061792 -13.153768 0.999597 0.024188 -0.014867 15.463324
-0.018640 0.061501 -0.997933 -53.878836 -0.023866 0.997795 0.061938 -13.096456 0.999541 0.024971 -0.017131 15.398067
-0.020730 0.061573 -0.997887 -54.974248 -0.024508 0.997771 0.062075 -13.037156 0.999485 0.025743 -0.019175 15.332267
-0.022611 0.061638 -0.997842 -56.075089 -0.025152 0.997747 0.062202 -12.975981 0.999428 0.026504 -0.021009 15.266017
-0.024291 0.061699 -0.997799 -57.181143 -0.025797 0.997723 0.062322 -12.913047 0.999372 0.027254 -0.022644 15.199412
-0.025780 0.061755 -0.997758 -58.292203 -0.026442 0.997699 0.062434 -12.848469 0.999318 0.027992 -0.024088 15.132542
-0.027087 0.061807 -0.997720 -59.408067 -0.027086 0.997675 0.062540 -12.782367 0.999266 0.028718 -0.025350 15.065497
-0.028222 0.061856 -0.997686 -60.528540 -0.027729 0.997651 0.062639 -12.714856 0.999217 0.029433 -0.026441 14.998362
-0.029194 0.061903 -0.997655 -61.653433 -0.028369 0.997627 0.062731 -12.646041 0.999171 0.030134 -0.027368 14.931224
-0.030011 0.061947 -0.997628 -62.782567 -0.029007 0.997603 0.062818 -12.576025 0.999129 0.030823 -0.028143 14.864164
-0.030684 0.061988 -0.997605 -63.915768 -0.029640 0.997580 0.062898 -12.504905 0.999090 0.031499 -0.028773 14.797261
-0.031221 0.062027 -0.997586 -65.052868 -0.030268 0.997556 0.062972 -12.432773 0.999054 0.032161 -0.029267 14.730591
-0.031631 0.062064 -0.997571 -66.193710 -0.030890 0.997533 0.063041 -12.359716 0.999022 0.032809 -0.029636 14.664228
-0.031924 0.062099 -0.997559 -67.338140 -0.031505 0.997510 0.063104 -12.285814 0.998994 0.033443 -0.029888 14.598240
-0.032108 0.062133 -0.997551 -68.486016 -0.032114 0.997486 0.063163 -12.211145 0.998968 0.034063 -0.030032 14.532693
-0.032193 0.062166 -0.997547 -69.637199 -0.032715 0.997463 0.063217 -12.135782 0.998946 0.034669 -0.030077 14.467648
-0.032187 0.062198 -0.997545 -70.791561 -0.033307 0.997441 0.063266 -12.059791 0.998927 0.035262 -0.030033 14.403163
-0.032099 0.062228 -0.997546 -71.948980 -0.033892 0.997418 0.063311 -11.983239 0.998910 0.035841 -0.029907 14.339291
-0.031938 0.062258 -0.997549 -73.109338 -0.034467 0.997396 0.063352 -11.906185 0.998895 0.036406 -0.029709 14.276082
-0.031712 0.062287 -0.997554 -74.272525 -0.035033 0.997374 0.063390 -11.828687 0.998883 0.036958 -0.029447 14.213583
-0.031429 0.062316 -0.997561 -75.438436 -0.035590 0.997352 0.063424 -11.750800 0.998872 0.037496 -0.029128 14.151836
-0.031096 0.062344 -0.997570 -76.606974 -0.036136 0.997330 0.063456 -11.672575 0.998863 0.038021 -0.028761 14.090879
-0.030722 0.062372 -0.997580 -77.778045 -0.036672 0.997309 0.063484 -11.594062 0.998855 0.038534 -0.028352 14.030743
-0.030312 0.062399 -0.997591 -78.951560 -0.037199 0.997288 0.063510 -11.515304 0.998848 0.039034 -0.027909 13.971456
-0.029875 0.062425 -0.997602 -80.127438 -0.037715 0.997267 0.063534 -11.436347 0.998842 0.039523 -0.027439 13.913042
-0.029416 0.062450 -0.997614 -81.305600 -0.038222 0.997246 0.063554 -11.357232 0.998836 0.040000 -0.026948 13.855520
-0.028941 0.062475 -0.997627 -82.485973 -0.038718 0.997226 0.063573 -11.277997 0.998831 0.040466 -0.026442 13.798903
-0.028456 0.062498 -0.997639 -83.668486 -0.039203 0.997206 0.063589 -11.198678 0.998826 0.040920 -0.025926 13.743204
-0.027966 0.062520 -0.997652 -84.853073 -0.039678 0.997186 0.063603 -11.119311 0.998821 0.041364 -0.025407 13.688427
-0.027475 0.062542 -0.997664 -86.039674 -0.040143 0.997167 0.063617 -11.039927 0.998816 0.041797 -0.024887 13.634575
-0.026987 0.062564 -0.997676 -87.228230 -0.040597 0.997148 0.063629 -10.960554 0.998811 0.042220 -0.024371 13.581644
-0.026506 0.062586 -0.997688 -88.418683 -0.041042 0.997129 0.063641 -10.881220 0.998806 0.042634 -0.023861 13.529629
-0.026034 0.062607 -0.997699 -89.610981 -0.041478 0.997110 0.063653 -10.801948 0.998800 0.043040 -0.023362 13.478518
-0.025574 0.062629 -0.997709 -90.805070 -0.041905 0.997091 0.063664 -10.722760 0.998794 0.043438 -0.022875 13.428298
-0.025127 0.062650 -0.997719 -92.000902 -0.042325 0.997073 0.063676 -10.643677 0.998788 0.043829 -0.022401 13.378955
-0.024694 0.062672 -0.997729 -93.198425 -0.042738 0.997054 0.063688 -10.564716 0.998781 0.044213 -0.021943 13.330470
-0.024276 0.062695 -0.997737 -94.397593 -0.043144 0.997036 0.063701 -10.485893 0.998774 0.044592 -0.021499 13.282825
-0.023874 0.062719 -0.997746 -95.598356 -0.043543 0.997018 0.063715 -10.407221 0.998766 0.044966 -0.021072 13.236000
-0.023488 0.062745 -0.997753 -96.800665 -0.043938 0.996999 0.063732 -10.328712 0.998758 0.045336 -0.020661 13.189974
-0.023118 0.062771 -0.997760 -98.004469 -0.044326 0.996981 0.063749 -10.250376 0.998750 0.045701 -0.020266 13.144725
-0.022763 0.062799 -0.997767 -99.209716 -0.044710 0.996963 0.063769 -10.172219 0.998741 0.046062 -0.019887 13.100234
-0.022424 0.062828 -0.997772 -100.416354 -0.045088 0.996944 0.063789 -10.094249 0.998731 0.046418 -0.019523 13.056479
-0.022099 0.062858 -0.997778 -101.624330 -0.045461 0.996926 0.063811 -10.016468 0.998722 0.046770 -0.019174 13.013438
-0.021789 0.062889 -0.997783 -102.833591 -0.045829 0.996908 0.063835 -9.938879 0.998712 0.047118 -0.018840 12.971088
-0.021493 0.062922 -0.997787 -104.044081 -0.046192 0.996889 0.063860 -9.861483 0.998701 0.047462 -0.018520 12.929406
-0.021211 0.062955 -0.997791 -105.255745 -0.046550 0.996871 0.063887 -9.784278 0.998691 0.047802 -0.018214 12.888368
-0.020943 0.062990 -0.997794 -106.468526 -0.046904 0.996853 0.063915 -9.707262 0.998680 0.048139 -0.017923 12.847951
-0.020689 0.063025 -0.997797 -107.682365 -0.047253 0.996834 0.063944 -9.630430 0.998669 0.048472 -0.017645 12.808132
-0.020448 0.063061 -0.997800 -108.897204 -0.047599 0.996816 0.063974 -9.553780 0.998657 0.048802 -0.017381 12.768891
-0.020220 0.063098 -0.997802 -110.112979 -0.047941 0.996797 0.064006 -9.477304 0.998646 0.049129 -0.017130 12.730208
-0.020005 0.063136 -0.997804 -111.329627 -0.048278 0.996779 0.064039 -9.400998 0.998634 0.049453 -0.016893 12.692062
-0.019804 0.063175 -0.997806 -112.547081 -0.048611 0.996761 0.064073 -9.324855 0.998621 0.049773 -0.016669 12.654436
-0.019615 0.063214 -0.997807 -113.765272 -0.048940 0.996742 0.064109 -9.248864 0.998609 0.050090 -0.016457 12.617311
-0.019438 0.063255 -0.997808 -114.984127 -0.049264 0.996724 0.064146 -9.173017 0.998597 0.050403 -0.016258 12.580669
-0.019274 0.063295 -0.997809 -116.203572 -0.049585 0.996706 0.064183 -9.097304 0.998584 0.050713 -0.016072 12.544491
-0.019122 0.063336 -0.997809 -117.423529 -0.049901 0.996687 0.064221 -9.021714 0.998571 0.051020 -0.015898 12.508760
-0.018982 0.063376 -0.997809 -118.643920 -0.050213 0.996669 0.064259 -8.946235 0.998558 0.051322 -0.015736 12.473459
-0.018853 0.063415 -0.997809 -119.864665 -0.050520 0.996651 0.064296 -8.870857 0.998545 0.051621 -0.015586 12.438571
-0.018736 0.063454 -0.997809 -121.085678 -0.050822 0.996633 0.064334 -8.795572 0.998532 0.051916 -0.015448 12.404081
-0.018629 0.063493 -0.997808 -122.306874 -0.051120 0.996616 0.064371 -8.720372 0.998519 0.052208 -0.015321 12.369972
-0.018534 0.063531 -0.997808 -123.528165 -0.051414 0.996598 0.064409 -8.645252 0.998505 0.052495 -0.015204 12.336227
-0.018448 0.063568 -0.997807 -124.749460 -0.051703 0.996581 0.064446 -8.570207 0.998492 0.052779 -0.015099 12.302831
-0.018372 0.063605 -0.997806 -125.970665 -0.051988 0.996564 0.064483 -8.495235 0.998479 0.053058 -0.015003 12.269769
-0.018306 0.063640 -0.997805 -127.191683 -0.052268 0.996547 0.064519 -8.420335 0.998465 0.053334 -0.014916 12.237027
-0.018247 0.063675 -0.997804 -128.412416 -0.052544 0.996530 0.064555 -8.345505 0.998452 0.053606 -0.014838 12.204590
-0.018196 0.063709 -0.997803 -129.632761 -0.052815 0.996513 0.064590 -8.270747 0.998439 0.053874 -0.014768 12.172445
-0.018152 0.063742 -0.997801 -130.852615 -0.053082 0.996497 0.064624 -8.196062 0.998425 0.054138 -0.014705 12.140581
-0.018114 0.063774 -0.997800 -132.071870 -0.053344 0.996481 0.064658 -8.121452 0.998412 0.054398 -0.014648 12.108986
-0.018081 0.063804 -0.997799 -133.290417 -0.053602 0.996465 0.064690 -8.046921 0.998399 0.054654 -0.014597 12.077649
-0.018053 0.063833 -0.997797 -134.508146 -0.053855 0.996449 0.064721 -7.972473 0.998386 0.054905 -0.014551 12.046562
-0.018029 0.063861 -0.997796 -135.724944 -0.054103 0.996434 0.064751 -7.898112 0.998373 0.055151 -0.014510 12.015717
-0.018008 0.063886 -0.997795 -136.940698 -0.054345 0.996419 0.064779 -7.823843 0.998360 0.055392 -0.014471 11.985106
-0.017989 0.063911 -0.997793 -138.155291 -0.054582 0.996404 0.064806 -7.749672 0.998347 0.055627 -0.014436 11.954725
-0.017971 0.063934 -0.997792 -139.368606 -0.054813 0.996390 0.064831 -7.675605 0.998335 0.055857 -0.014402 11.924571
-0.017954 0.063955 -0.997791 -140.580523 -0.055038 0.996376 0.064855 -7.601648 0.998323 0.056080 -0.014369 11.894641
-0.017937 0.063976 -0.997790 -141.790922 -0.055256 0.996362 0.064878 -7.527807 0.998311 0.056298 -0.014337 11.864932
-0.017919 0.063996 -0.997789 -142.999683 -0.055470 0.996349 0.064900 -7.454087 0.998300 0.056510 -0.014304 11.835443
-0.017899 0.064016 -0.997788 -144.206685 -0.055678 0.996336 0.064921 -7.380496 0.998288 0.056717 -0.014269 11.806174
-0.017877 0.064034 -0.997788 -145.411803 -0.055881 0.996323 0.064941 -7.307039 0.998277 0.056918 -0.014233 11.777124
-0.017851 0.064051 -0.997787 -146.614916 -0.056078 0.996311 0.064959 -7.233725 0.998267 0.057114 -0.014194 11.748295
-0.017822 0.064066 -0.997787 -147.815900 -0.056270 0.996299 0.064976 -7.160560 0.998256 0.057304 -0.014151 11.719690
-0.017790 0.064080 -0.997786 -149.014632 -0.056457 0.996288 0.064990 -7.087553 0.998247 0.057488 -0.014106 11.691311
-0.017753 0.064092 -0.997786 -150.210991 -0.056638 0.996277 0.065002 -7.014714 0.998237 0.057666 -0.014057 11.663162
-0.017711 0.064102 -0.997786 -151.404856 -0.056812 0.996266 0.065013 -6.942051 0.998228 0.057838 -0.014003 11.635247
-0.017665 0.064110 -0.997786 -152.596110 -0.056981 0.996256 0.065020 -6.869573 0.998219 0.058003 -0.013946 11.607573
-0.017614 0.064116 -0.997787 -153.784639 -0.057143 0.996246 0.065026 -6.797290 0.998211 0.058162 -0.013885 11.580145
-0.017559 0.064119 -0.997788 -154.970333 -0.057298 0.996237 0.065028 -6.725212 0.998203 0.058313 -0.013819 11.552968
-0.017499 0.064120 -0.997789 -156.153087 -0.057446 0.996229 0.065027 -6.653348 0.998195 0.058457 -0.013749 11.526049
-0.017434 0.064117 -0.997790 -157.332802 -0.057588 0.996221 0.065022 -6.581708 0.998188 0.058594 -0.013676 11.499393
-0.017366 0.064110 -0.997792 -158.509387 -0.057723 0.996214 0.065013 -6.510303 0.998182 0.058724 -0.013599 11.473007
-0.017293 0.064100 -0.997794 -159.682757 -0.057850 0.996207 0.065001 -6.439142 0.998175 0.058847 -0.013519 11.446896
-0.017217 0.064086 -0.997796 -160.852837 -0.057972 0.996201 0.064983 -6.368236 0.998170 0.058963 -0.013437 11.421065
-0.017138 0.064067 -0.997798 -162.019558 -0.058087 0.996196 0.064962 -6.297594 0.998164 0.059073 -0.013351 11.395518
-0.017056 0.064044 -0.997801 -163.182859 -0.058196 0.996191 0.064935 -6.227226 0.998159 0.059176 -0.013263 11.370260
-0.016971 0.064017 -0.997805 -164.342689 -0.058300 0.996187 0.064905 -6.157142 0.998155 0.059273 -0.013174 11.345296
-0.016883 0.063985 -0.997808 -165.499002 -0.058398 0.996184 0.064869 -6.087351 0.998151 0.059365 -0.013082 11.320630
-0.016792 0.063949 -0.997812 -166.651765 -0.058490 0.996181 0.064829 -6.017862 0.998147 0.059451 -0.012988 11.296266
-0.016699 0.063909 -0.997816 -167.800948 -0.058577 0.996179 0.064785 -5.948685 0.998143 0.059530 -0.012891 11.272209
-0.016603 0.063866 -0.997820 -168.946536 -0.058658 0.996177 0.064736 -5.879827 0.998140 0.059605 -0.012793 11.248460
-0.016504 0.063818 -0.997825 -170.088517 -0.058734 0.996176 0.064684 -5.811293 0.998137 0.059674 -0.012693 11.225021
-0.016403 0.063767 -0.997830 -171.226892 -0.058805 0.996175 0.064628 -5.743092 0.998135 0.059738 -0.012590 11.201893
-0.016299 0.063712 -0.997835 -172.361669 -0.058871 0.996175 0.064567 -5.675228 0.998133 0.059796 -0.012486 11.179077
-0.016192 0.063653 -0.997841 -173.492867 -0.058933 0.996176 0.064503 -5.607707 0.998131 0.059850 -0.012379 11.156574
-0.016083 0.063591 -0.997846 -174.620513 -0.058990 0.996177 0.064435 -5.540533 0.998129 0.059899 -0.012270 11.134382
-0.015970 0.063526 -0.997852 -175.744642 -0.059042 0.996178 0.064364 -5.473711 0.998128 0.059944 -0.012159 11.112503
-0.015855 0.063459 -0.997859 -176.865299 -0.059090 0.996180 0.064291 -5.407242 0.998127 0.059983 -0.012045 11.090936
-0.015737 0.063389 -0.997865 -177.982535 -0.059134 0.996183 0.064215 -5.341129 0.998126 0.060018 -0.011929 11.069680
-0.015617 0.063317 -0.997871 -179.096413 -0.059173 0.996185 0.064136 -5.275374 0.998126 0.060049 -0.011810 11.048733
-0.015493 0.063244 -0.997878 -180.206999 -0.059208 0.996188 0.064056 -5.209978 0.998125 0.060075 -0.011689 11.028095
-0.015367 0.063168 -0.997885 -181.314371 -0.059240 0.996192 0.063973 -5.144942 0.998126 0.060097 -0.011566 11.007763
-0.015238 0.063091 -0.997891 -182.418613 -0.059267 0.996196 0.063889 -5.080265 0.998126 0.060115 -0.011441 10.987736
-0.015106 0.063013 -0.997898 -183.519817 -0.059290 0.996200 0.063804 -5.015949 0.998126 0.060130 -0.011313 10.968013
-0.014972 0.062934 -0.997905 -184.618081 -0.059310 0.996204 0.063717 -4.951991 0.998127 0.060140 -0.011183 10.948590
-0.014836 0.062855 -0.997912 -185.713513 -0.059326 0.996209 0.063630 -4.888392 0.998128 0.060146 -0.011051 10.929466
-0.014697 0.062775 -0.997919 -186.806224 -0.059338 0.996214 0.063542 -4.825150 0.998130 0.060148 -0.010917 10.910636
-0.014557 0.062695 -0.997927 -187.896335 -0.059345 0.996219 0.063453 -4.762264 0.998131 0.060146 -0.010782 10.892095
-0.014415 0.062614 -0.997934 -188.983971 -0.059348 0.996224 0.063365 -4.699734 0.998133 0.060139 -0.010645 10.873838
-0.014273 0.062534 -0.997941 -190.069264 -0.059347 0.996230 0.063276 -4.637557 0.998135 0.060128 -0.010508 10.855857
-0.014129 0.062454 -0.997948 -191.152350 -0.059342 0.996236 0.063187 -4.575733 0.998138 0.060113 -0.010369 10.838144
-0.013985 0.062375 -0.997955 -192.233372 -0.059332 0.996242 0.063099 -4.514258 0.998140 0.060093 -0.010231 10.820688
-0.013841 0.062296 -0.997962 -193.312476 -0.059319 0.996248 0.063012 -4.453129 0.998143 0.060070 -0.010093 10.803478
-0.013697 0.062218 -0.997969 -194.389813 -0.059302 0.996255 0.062925 -4.392344 0.998146 0.060043 -0.009956 10.786500
-0.013555 0.062141 -0.997975 -195.465541 -0.059281 0.996261 0.062840 -4.331897 0.998149 0.060013 -0.009820 10.769741
-0.013414 0.062065 -0.997982 -196.539823 -0.059257 0.996268 0.062754 -4.271785 0.998153 0.059979 -0.009686 10.753185
-0.013276 0.061988 -0.997989 -197.612824 -0.059229 0.996275 0.062670 -4.212002 0.998156 0.059942 -0.009555 10.736817
-0.013140 0.061913 -0.997995 -198.684716 -0.059197 0.996282 0.062586 -4.152545 0.998160 0.059900 -0.009427 10.720622
-0.013009 0.061837 -0.998001 -199.755673 -0.059160 0.996290 0.062502 -4.093408 0.998164 0.059855 -0.009302 10.704584
-0.012882 0.061762 -0.998008 -200.825874 -0.059118 0.996298 0.062419 -4.034585 0.998168 0.059804 -0.009183 10.688688
-0.012760 0.061687 -0.998014 -201.895501 -0.059071 0.996306 0.062336 -3.976070 0.998172 0.059749 -0.009068 10.672917
-0.012643 0.061612 -0.998020 -202.964741 -0.059019 0.996314 0.062255 -3.917855 0.998177 0.059689 -0.008960 10.657257
-0.012533 0.061539 -0.998026 -204.033783 -0.058962 0.996322 0.062175 -3.859931 0.998182 0.059625 -0.008858 10.641691
-0.012429 0.061467 -0.998032 -205.102818 -0.058899 0.996331 0.062096 -3.802290 0.998187 0.059555 -0.008763 10.626204
-0.012332 0.061396 -0.998037 -206.172039 -0.058830 0.996340 0.062018 -3.744920 0.998192 0.059479 -0.008675 10.610779
-0.012243 0.061326 -0.998043 -207.241638 -0.058756 0.996349 0.061943 -3.687812 0.998197 0.059399 -0.008595 10.595400
-0.012162 0.061258 -0.998048 -208.311810 -0.058676 0.996358 0.061869 -3.630952 0.998203 0.059313 -0.008523 10.580051
-0.012089 0.061192 -0.998053 -209.382747 -0.058589 0.996368 0.061798 -3.574328 0.998209 0.059222 -0.008460 10.564714
-0.012025 0.061127 -0.998058 -210.454637 -0.058497 0.996377 0.061729 -3.517928 0.998215 0.059126 -0.008406 10.549371
-0.011969 0.061064 -0.998062 -211.527668 -0.058398 0.996387 0.061662 -3.461738 0.998222 0.059023 -0.008360 10.534005
-0.011923 0.061004 -0.998066 -212.602024 -0.058293 0.996397 0.061598 -3.405744 0.998228 0.058915 -0.008324 10.518598
-0.011886 0.060946 -0.998070 -213.677883 -0.058181 0.996408 0.061538 -3.349931 0.998235 0.058800 -0.008297 10.503132
-0.011857 0.060892 -0.998074 -214.755419 -0.058061 0.996418 0.061481 -3.294285 0.998243 0.058678 -0.008280 10.487588
-0.011838 0.060841 -0.998077 -215.834798 -0.057935 0.996429 0.061428 -3.238789 0.998250 0.058551 -0.008271 10.471949
-0.011829 0.060795 -0.998080 -216.916180 -0.057801 0.996439 0.061380 -3.183430 0.998258 0.058416 -0.008273 10.456196
-0.011829 0.060752 -0.998083 -217.999718 -0.057661 0.996450 0.061336 -3.128190 0.998266 0.058276 -0.008284 10.440312
-0.011838 0.060714 -0.998085 -219.085561 -0.057514 0.996461 0.061297 -3.073055 0.998275 0.058129 -0.008304 10.424277
-0.011857 0.060679 -0.998087 -220.173847 -0.057361 0.996472 0.061263 -3.018008 0.998283 0.057977 -0.008334 10.408073
-0.011886 0.060649 -0.998088 -221.264708 -0.057201 0.996483 0.061233 -2.963034 0.998292 0.057820 -0.008375 10.391682
-0.011926 0.060624 -0.998089 -222.358271 -0.057036 0.996494 0.061208 -2.908118 0.998301 0.057657 -0.008426 10.375084
-0.011976 0.060602 -0.998090 -223.454651 -0.056866 0.996505 0.061188 -2.853246 0.998310 0.057490 -0.008488 10.358262
-0.012037 0.060585 -0.998090 -224.553959 -0.056690 0.996516 0.061173 -2.798403 0.998319 0.057318 -0.008561 10.341197
-0.012109 0.060572 -0.998090 -225.656295 -0.056509 0.996527 0.061163 -2.743575 0.998329 0.057142 -0.008644 10.323871
-0.012193 0.060564 -0.998090 -226.761753 -0.056323 0.996538 0.061158 -2.688751 0.998338 0.056961 -0.008739 10.306266
-0.012287 0.060560 -0.998089 -227.870416 -0.056132 0.996548 0.061158 -2.633916 0.998348 0.056777 -0.008845 10.288366
-0.012393 0.060561 -0.998088 -228.982361 -0.055938 0.996559 0.061163 -2.579059 0.998357 0.056589 -0.008963 10.270152
-0.012510 0.060566 -0.998086 -230.097656 -0.055739 0.996570 0.061173 -2.524170 0.998367 0.056397 -0.009091 10.251609
-0.012639 0.060575 -0.998084 -231.216362 -0.055536 0.996580 0.061187 -2.469237 0.998377 0.056202 -0.009231 10.232722
-0.012778 0.060587 -0.998081 -232.338529 -0.055329 0.996591 0.061205 -2.414251 0.998386 0.056005 -0.009382 10.213476
-0.012929 0.060603 -0.998078 -233.464203 -0.055118 0.996601 0.061227 -2.359203 0.998396 0.055804 -0.009545 10.193856
-0.013091 0.060622 -0.998075 -234.593419 -0.054904 0.996611 0.061253 -2.304083 0.998406 0.055600 -0.009718 10.173850
-0.013264 0.060644 -0.998071 -235.726208 -0.054685 0.996621 0.061283 -2.248884 0.998416 0.055393 -0.009902 10.153443
-0.013447 0.060669 -0.998067 -236.862590 -0.054464 0.996631 0.061316 -2.193598 0.998425 0.055183 -0.010098 10.132623
-0.013641 0.060697 -0.998063 -238.002580 -0.054239 0.996641 0.061352 -2.138216 0.998435 0.054971 -0.010303 10.111378
-0.013846 0.060728 -0.998058 -239.146183 -0.054011 0.996651 0.061392 -2.082730 0.998444 0.054756 -0.010519 10.089695
-0.014060 0.060761 -0.998053 -240.293402 -0.053780 0.996661 0.061434 -2.027133 0.998454 0.054539 -0.010746 10.067565
-0.014285 0.060797 -0.998048 -241.444231 -0.053547 0.996671 0.061479 -1.971416 0.998463 0.054321 -0.010981 10.044976
-0.014518 0.060834 -0.998042 -242.598657 -0.053312 0.996681 0.061527 -1.915570 0.998472 0.054101 -0.011227 10.021922
-0.014761 0.060874 -0.998036 -243.756664 -0.053076 0.996690 0.061577 -1.859587 0.998481 0.053881 -0.011481 9.998394
-0.015012 0.060916 -0.998030 -244.918228 -0.052839 0.996699 0.061629 -1.803458 0.998490 0.053661 -0.011744 9.974387
-0.015271 0.060960 -0.998023 -246.083323 -0.052603 0.996709 0.061684 -1.747174 0.998499 0.053441 -0.012014 9.949897
-0.015538 0.061006 -0.998016 -247.251917 -0.052366 0.996717 0.061741 -1.690728 0.998507 0.053222 -0.012292 9.924922
-0.015811 0.061053 -0.998009 -248.423972 -0.052131 0.996726 0.061801 -1.634110 0.998515 0.053004 -0.012577 9.899462
-0.016091 0.061102 -0.998002 -249.599446 -0.051896 0.996735 0.061862 -1.577315 0.998523 0.052788 -0.012867 9.873518
-0.016376 0.061153 -0.997994 -250.778295 -0.051663 0.996743 0.061924 -1.520335 0.998530 0.052574 -0.013163 9.847094
-0.016666 0.061205 -0.997986 -251.960465 -0.051432 0.996751 0.061989 -1.463163 0.998537 0.052361 -0.013464 9.820193
-0.016959 0.061259 -0.997978 -253.145903 -0.051203 0.996758 0.062055 -1.405795 0.998544 0.052152 -0.013768 9.792821
-0.017256 0.061315 -0.997969 -254.334548 -0.050978 0.996766 0.062123 -1.348224 0.998551 0.051946 -0.014074 9.764983
-0.017554 0.061373 -0.997961 -255.526338 -0.050756 0.996773 0.062192 -1.290446 0.998557 0.051744 -0.014382 9.736685
-0.017854 0.061432 -0.997952 -256.721204 -0.050539 0.996779 0.062264 -1.232458 0.998562 0.051547 -0.014691 9.707932
-0.018154 0.061494 -0.997942 -257.919074 -0.050328 0.996785 0.062338 -1.174257 0.998568 0.051356 -0.015001 9.678731
-0.018454 0.061557 -0.997933 -259.119870 -0.050122 0.996791 0.062413 -1.115842 0.998573 0.051170 -0.015309 9.649090
-0.018752 0.061621 -0.997923 -260.323515 -0.049923 0.996796 0.062489 -1.057213 0.998577 0.050991 -0.015616 9.619014
-0.019049 0.061687 -0.997914 -261.529923 -0.049731 0.996801 0.062567 -0.998371 0.998581 0.050820 -0.015920 9.588511
-0.019343 0.061753 -0.997904 -262.739010 -0.049547 0.996805 0.062646 -0.939316 0.998584 0.050655 -0.016222 9.557589
-0.019635 0.061821 -0.997894 -263.950686 -0.049372 0.996809 0.062726 -0.880052 0.998587 0.050499 -0.016520 9.526256
-0.019922 0.061891 -0.997884 -265.164862 -0.049205 0.996812 0.062806 -0.820584 0.998590 0.050352 -0.016813 9.494521
-0.020204 0.061961 -0.997874 -266.381444 -0.049047 0.996815 0.062888 -0.760915 0.998592 0.050214 -0.017101 9.462394
-0.020482 0.062033 -0.997864 -267.600337 -0.048900 0.996817 0.062971 -0.701051 0.998594 0.050085 -0.017384 9.429887
-0.020754 0.062106 -0.997854 -268.821444 -0.048764 0.996818 0.063055 -0.640999 0.998595 0.049968 -0.017660 9.397009
-0.021020 0.062180 -0.997844 -270.044668 -0.048639 0.996819 0.063140 -0.580766 0.998595 0.049861 -0.017929 9.363773
-0.021280 0.062254 -0.997833 -271.269908 -0.048526 0.996819 0.063226 -0.520360 0.998595 0.049767 -0.018191 9.330192
-0.021532 0.062329 -0.997823 -272.497066 -0.048427 0.996818 0.063312 -0.459792 0.998595 0.049685 -0.018445 9.296277
-0.021777 0.062405 -0.997813 -273.726041 -0.048340 0.996817 0.063397 -0.399073 0.998594 0.049615 -0.018691 9.262043
-0.022014 0.062480 -0.997803 -274.956734 -0.048266 0.996815 0.063483 -0.338214 0.998592 0.049558 -0.018929 9.227505
-0.022244 0.062555 -0.997794 -276.189043 -0.048206 0.996813 0.063568 -0.277229 0.998590 0.049513 -0.019157 9.192676
-0.022465 0.062631 -0.997784 -277.422869 -0.048158 0.996809 0.063654 -0.216130 0.998587 0.049481 -0.019377 9.157572
-0.022677 0.062706 -0.997774 -278.658109 -0.048123 0.996806 0.063739 -0.154930 0.998584 0.049462 -0.019587 9.122209
-0.022880 0.062781 -0.997765 -279.894662 -0.048101 0.996801 0.063823 -0.093644 0.998580 0.049454 -0.019787 9.086603
-0.023073 0.062857 -0.997756 -281.132425 -0.048092 0.996796 0.063908 -0.032282 0.998576 0.049459 -0.019976 9.050769
-0.023256 0.062932 -0.997747 -282.371293 -0.048096 0.996791 0.063993 0.029141 0.998572 0.049476 -0.020155 9.014725
-0.023429 0.063008 -0.997738 -283.611163 -0.048113 0.996784 0.064078 0.090615 0.998567 0.049506 -0.020323 8.978486
-0.023592 0.063084 -0.997729 -284.851927 -0.048143 0.996778 0.064162 0.152127 0.998562 0.049548 -0.020479 8.942071
-0.023743 0.063160 -0.997721 -286.093481 -0.048187 0.996770 0.064247 0.213669 0.998556 0.049602 -0.020623 8.905495
-0.023883 0.063236 -0.997713 -287.335718 -0.048244 0.996762 0.064330 0.275228 0.998550 0.049670 -0.020755 8.868778
-0.024010 0.063312 -0.997705 -288.578527 -0.048314 0.996753 0.064414 0.336797 0.998544 0.049750 -0.020874 8.831937
-0.024125 0.063387 -0.997697 -289.821799 -0.048399 0.996744 0.064497 0.398367 0.998537 0.049843 -0.020978 8.794989
-0.024225 0.063463 -0.997690 -291.065420 -0.048498 0.996733 0.064580 0.459930 0.998529 0.049950 -0.021068 8.757952
-0.024310 0.063540 -0.997683 -292.309277 -0.048611 0.996722 0.064663 0.521479 0.998522 0.050070 -0.021142 8.720846
-0.024379 0.063616 -0.997677 -293.553252 -0.048739 0.996711 0.064746 0.583006 0.998514 0.050204 -0.021198 8.683690
-0.024429 0.063693 -0.997670 -294.797223 -0.048882 0.996698 0.064828 0.644504 0.998506 0.050352 -0.021235 8.646503
-0.024458 0.063771 -0.997665 -296.041070 -0.049041 0.996685 0.064911 0.705967 0.998497 0.050514 -0.021250 8.609308
-0.024466 0.063850 -0.997660 -297.284667 -0.049216 0.996671 0.064994 0.767389 0.998488 0.050690 -0.021242 8.572129
-0.024448 0.063930 -0.997655 -298.527884 -0.049406 0.996656 0.065076 0.828762 0.998480 0.050881 -0.021207 8.534992
-0.024401 0.064010 -0.997651 -299.770590 -0.049611 0.996641 0.065159 0.890079 0.998470 0.051085 -0.021144 8.497923
-0.024324 0.064092 -0.997648 -301.012647 -0.049832 0.996624 0.065241 0.951333 0.998461 0.051302 -0.021048 8.460952
-0.024212 0.064175 -0.997645 -302.253915 -0.050069 0.996607 0.065323 1.012515 0.998452 0.051533 -0.020917 8.424110
-0.024062 0.064259 -0.997643 -303.494248 -0.050320 0.996589 0.065404 1.073617 0.998443 0.051775 -0.020746 8.387432
-0.023869 0.064343 -0.997642 -304.733497 -0.050586 0.996571 0.065485 1.134628 0.998434 0.052029 -0.020532 8.350954
-0.023628 0.064429 -0.997643 -305.971507 -0.050865 0.996551 0.065563 1.195540 0.998426 0.052294 -0.020269 8.314714
-0.023335 0.064515 -0.997644 -307.208118 -0.051156 0.996531 0.065640 1.256341 0.998418 0.052568 -0.019954 8.278755
-0.022986 0.064602 -0.997646 -308.443163 -0.051461 0.996511 0.065714 1.317020 0.998410 0.052850 -0.019581 8.243120
-0.022573 0.064690 -0.997650 -309.676473 -0.051776 0.996490 0.065786 1.377567 0.998404 0.053140 -0.019145 8.207856
-0.022093 0.064780 -0.997655 -310.907870 -0.052103 0.996468 0.065856 1.437969 0.998397 0.053436 -0.018640 8.173012
-0.021539 0.064871 -0.997661 -312.137173 -0.052441 0.996446 0.065924 1.498215 0.998392 0.053738 -0.018061 8.138639
-0.020905 0.064963 -0.997669 -313.364193 -0.052788 0.996423 0.065988 1.558293 0.998387 0.054045 -0.017401 8.104794
