0.976951 -0.008944 -0.213276 -0.658493 0.001201 0.999336 -0.036404 -0.138710 0.213460 0.035309 0.976314 3.317733
0.976471 -0.008879 -0.215464 -0.714858 0.000967 0.999322 -0.036798 -0.150483 0.215644 0.035723 0.975818 3.560319
0.975971 -0.008816 -0.217720 -0.774575 0.000727 0.999307 -0.037203 -0.162922 0.217897 0.036151 0.975302 3.813070
0.975452 -0.008753 -0.220037 -0.837780 0.000481 0.999292 -0.037619 -0.176049 0.220211 0.036589 0.974766 4.076214
0.974915 -0.008691 -0.222409 -0.904612 0.000230 0.999276 -0.038043 -0.189889 0.222578 0.037037 0.974211 4.349977
0.974360 -0.008630 -0.224830 -0.975213 -0.000027 0.999260 -0.038473 -0.204465 0.224995 0.037493 0.973638 4.634584
0.973788 -0.008569 -0.227295 -1.049728 -0.000289 0.999243 -0.038909 -0.219801 0.227457 0.037955 0.973048 4.930258
0.973200 -0.008508 -0.229802 -1.128304 -0.000556 0.999225 -0.039350 -0.235919 0.229959 0.038423 0.972442 5.237218
0.972597 -0.008447 -0.232346 -1.211088 -0.000829 0.999208 -0.039794 -0.252845 0.232498 0.038896 0.971819 5.555681
0.971978 -0.008385 -0.234924 -1.298233 -0.001106 0.999189 -0.040240 -0.270602 0.235071 0.039372 0.971180 5.885862
0.971343 -0.008323 -0.237535 -1.389891 -0.001389 0.999171 -0.040688 -0.289213 0.237677 0.039852 0.970526 6.227973
0.970694 -0.008260 -0.240176 -1.486218 -0.001676 0.999152 -0.041135 -0.308701 0.240312 0.040332 0.969857 6.582222
0.970030 -0.008197 -0.242845 -1.587370 -0.001967 0.999133 -0.041581 -0.329091 0.242976 0.040813 0.969173 6.948815
0.969352 -0.008133 -0.245542 -1.693507 -0.002262 0.999114 -0.042024 -0.350405 0.245666 0.041291 0.968475 7.327952
0.968659 -0.008067 -0.248265 -1.804789 -0.002562 0.999095 -0.042462 -0.372666 0.248383 0.041767 0.967761 7.719832
0.967951 -0.008002 -0.251013 -1.921379 -0.002865 0.999076 -0.042894 -0.395894 0.251124 0.042238 0.967033 8.124649
0.967228 -0.007935 -0.253785 -2.043440 -0.003170 0.999056 -0.043319 -0.420111 0.253890 0.042704 0.966290 8.542592
0.966490 -0.007868 -0.256582 -2.171138 -0.003478 0.999037 -0.043737 -0.445338 0.256679 0.043163 0.965532 8.973848
0.965738 -0.007801 -0.259402 -2.304638 -0.003788 0.999018 -0.044144 -0.471593 0.259492 0.043615 0.964760 9.418597
0.964970 -0.007734 -0.262246 -2.444109 -0.004099 0.998999 -0.044542 -0.498895 0.262328 0.044057 0.963972 9.877016
0.964187 -0.007666 -0.265113 -2.589721 -0.004411 0.998980 -0.044929 -0.527262 0.265187 0.044490 0.963170 10.349276
0.963388 -0.007600 -0.268003 -2.741644 -0.004723 0.998962 -0.045305 -0.556711 0.268069 0.044912 0.962352 10.835544
0.962574 -0.007533 -0.270916 -2.900049 -0.005036 0.998944 -0.045670 -0.587257 0.270974 0.045325 0.961519 11.335981
0.961743 -0.007467 -0.273852 -3.065110 -0.005349 0.998926 -0.046022 -0.618916 0.273901 0.045726 0.960670 11.850742
0.960896 -0.007402 -0.276810 -3.237001 -0.005661 0.998909 -0.046363 -0.651702 0.276851 0.046117 0.959806 12.379978
0.960033 -0.007339 -0.279791 -3.415895 -0.005972 0.998892 -0.046691 -0.685628 0.279824 0.046496 0.958925 12.923834
0.958840 -0.007258 -0.283854 -3.593295 -0.006411 0.998865 -0.047196 -0.718917 0.283874 0.047073 0.957705 13.424953
0.957605 -0.007180 -0.287994 -3.777189 -0.006854 0.998839 -0.047691 -0.753188 0.288002 0.047643 0.956444 13.936526
0.956328 -0.007103 -0.292210 -3.967693 -0.007301 0.998812 -0.048174 -0.788438 0.292205 0.048204 0.955140 14.458464
0.955007 -0.007029 -0.296499 -4.164920 -0.007752 0.998786 -0.048646 -0.824662 0.296481 0.048756 0.953793 14.990667
0.953644 -0.006957 -0.300857 -4.368979 -0.008206 0.998760 -0.049105 -0.861855 0.300826 0.049297 0.952404 15.533031
0.952237 -0.006887 -0.305283 -4.579976 -0.008662 0.998734 -0.049550 -0.900012 0.305238 0.049828 0.950972 16.085441
0.950786 -0.006820 -0.309773 -4.798015 -0.009120 0.998708 -0.049982 -0.939124 0.309714 0.050347 0.949496 16.647776
0.949291 -0.006757 -0.314325 -5.023196 -0.009580 0.998683 -0.050400 -0.979183 0.314252 0.050856 0.947977 17.219907
0.947752 -0.006697 -0.318938 -5.255614 -0.010040 0.998658 -0.050805 -1.020180 0.318850 0.051352 0.946413 17.801694
0.946168 -0.006641 -0.323609 -5.495363 -0.010501 0.998633 -0.051195 -1.062106 0.323506 0.051837 0.944805 18.392992
0.944538 -0.006589 -0.328337 -5.742532 -0.010961 0.998609 -0.051572 -1.104949 0.328220 0.052310 0.943152 18.993647
0.942861 -0.006541 -0.333122 -5.997207 -0.011421 0.998585 -0.051934 -1.148698 0.332991 0.052771 0.941452 19.603497
0.941137 -0.006498 -0.337964 -6.259471 -0.011881 0.998562 -0.052282 -1.193340 0.337817 0.053220 0.939706 20.222370
0.939364 -0.006459 -0.342862 -6.529402 -0.012339 0.998539 -0.052616 -1.238864 0.342701 0.053657 0.937911 20.850090
0.937540 -0.006425 -0.347817 -6.807075 -0.012796 0.998516 -0.052936 -1.285255 0.347641 0.054080 0.936067 21.486467
0.935666 -0.006396 -0.352830 -7.092561 -0.013251 0.998494 -0.053241 -1.332499 0.352639 0.054491 0.934171 22.131306
0.933737 -0.006372 -0.357902 -7.385928 -0.013705 0.998472 -0.053531 -1.380579 0.357697 0.054889 0.932223 22.784402
0.931754 -0.006353 -0.363035 -7.687240 -0.014156 0.998451 -0.053806 -1.429480 0.362815 0.055273 0.930221 23.445540
0.929713 -0.006340 -0.368231 -7.996558 -0.014605 0.998431 -0.054065 -1.479185 0.367996 0.055643 0.928161 24.114497
0.927612 -0.006332 -0.373493 -8.313939 -0.015051 0.998411 -0.054309 -1.529675 0.373243 0.055999 0.926042 24.791039
0.925448 -0.006331 -0.378821 -8.639437 -0.015494 0.998392 -0.054537 -1.580932 0.378557 0.056341 0.923862 25.474927
0.923220 -0.006336 -0.384220 -8.973101 -0.015933 0.998373 -0.054750 -1.632937 0.383942 0.056668 0.921617 26.165908
0.920923 -0.006348 -0.389692 -9.314978 -0.016369 0.998355 -0.054946 -1.685669 0.389400 0.056980 0.919305 26.863726
0.918556 -0.006367 -0.395240 -9.665110 -0.016800 0.998338 -0.055127 -1.739107 0.394934 0.057277 0.916922 27.568111
0.916114 -0.006393 -0.400867 -10.023538 -0.017227 0.998322 -0.055291 -1.793230 0.400547 0.057559 0.914466 28.278790
0.913595 -0.006427 -0.406575 -10.390296 -0.017649 0.998306 -0.055440 -1.848016 0.406243 0.057825 0.911934 28.995478
0.911021 -0.006468 -0.412309 -10.765484 -0.018060 0.998292 -0.055564 -1.903461 0.411964 0.058066 0.909348 29.718753
0.908392 -0.006516 -0.418069 -11.149141 -0.018458 0.998279 -0.055664 -1.959544 0.417712 0.058281 0.906708 30.448396
0.905707 -0.006571 -0.423853 -11.541304 -0.018842 0.998268 -0.055739 -2.016245 0.423485 0.058469 0.904014 31.184191
0.902966 -0.006635 -0.429660 -11.942006 -0.019212 0.998258 -0.055790 -2.073543 0.429282 0.058631 0.901266 31.925915
0.900169 -0.006707 -0.435490 -12.351278 -0.019566 0.998249 -0.055817 -2.131417 0.435102 0.058765 0.898461 32.673346
0.897313 -0.006788 -0.441342 -12.769150 -0.019903 0.998242 -0.055820 -2.189848 0.440945 0.058872 0.895601 33.426260
0.894400 -0.006878 -0.447215 -13.195648 -0.020223 0.998237 -0.055798 -2.248815 0.446811 0.058950 0.892684 34.184430
0.891428 -0.006978 -0.453109 -13.630796 -0.020525 0.998234 -0.055753 -2.308296 0.452698 0.059000 0.889710 34.947631
0.888397 -0.007088 -0.459022 -14.074619 -0.020808 0.998232 -0.055685 -2.368272 0.458604 0.059022 0.886678 35.715632
0.885306 -0.007208 -0.464952 -14.527135 -0.021070 0.998231 -0.055594 -2.428721 0.464530 0.059015 0.883589 36.488206
0.882156 -0.007340 -0.470900 -14.988366 -0.021312 0.998232 -0.055483 -2.489623 0.470474 0.058980 0.880440 37.265122
0.878946 -0.007483 -0.476863 -15.458328 -0.021532 0.998235 -0.055351 -2.550960 0.476435 0.058918 0.877233 38.046150
0.875676 -0.007639 -0.482839 -15.937039 -0.021729 0.998239 -0.055201 -2.612713 0.482411 0.058830 0.873967 38.831061
0.872345 -0.007808 -0.488829 -16.424513 -0.021905 0.998244 -0.055034 -2.674866 0.488400 0.058716 0.870642 39.619623
0.868954 -0.007990 -0.494828 -16.920765 -0.022057 0.998251 -0.054851 -2.737402 0.494401 0.058578 0.867258 40.411608
0.865503 -0.008186 -0.500836 -17.425806 -0.022186 0.998259 -0.054655 -2.800307 0.500411 0.058415 0.863815 41.206788
0.861993 -0.008396 -0.506850 -17.939649 -0.022291 0.998268 -0.054446 -2.863567 0.506429 0.058230 0.860313 42.004934
0.858424 -0.008621 -0.512868 -18.462303 -0.022373 0.998278 -0.054227 -2.927171 0.512453 0.058024 0.856753 42.805821
0.854796 -0.008861 -0.518888 -18.993777 -0.022430 0.998289 -0.053999 -2.991107 0.518479 0.057797 0.853135 43.609225
0.851111 -0.009116 -0.524906 -19.534078 -0.022464 0.998301 -0.053762 -3.055366 0.524505 0.057549 0.849460 44.414923
0.847370 -0.009387 -0.530921 -20.083209 -0.022473 0.998314 -0.053520 -3.119940 0.530528 0.057283 0.845730 45.222694
0.843573 -0.009674 -0.536928 -20.641176 -0.022458 0.998327 -0.053272 -3.184821 0.536545 0.056997 0.841944 46.032322
0.839722 -0.009977 -0.542925 -21.207980 -0.022419 0.998342 -0.053020 -3.250004 0.542554 0.056694 0.838106 46.843591
0.835818 -0.010296 -0.548910 -21.783623 -0.022355 0.998357 -0.052766 -3.315484 0.548551 0.056373 0.834215 47.656288
0.831864 -0.010631 -0.554877 -22.368102 -0.022266 0.998372 -0.052509 -3.381257 0.554532 0.056035 0.830273 48.470204
0.827861 -0.010982 -0.560826 -22.961416 -0.022153 0.998388 -0.052250 -3.447321 0.560496 0.055680 0.826283 49.285132
0.823808 -0.011348 -0.566755 -23.563558 -0.022016 0.998405 -0.051992 -3.513672 0.566441 0.055309 0.822244 50.100869
0.819705 -0.011731 -0.572665 -24.174522 -0.021854 0.998422 -0.051735 -3.580311 0.572368 0.054923 0.818155 50.917212
0.815552 -0.012130 -0.578557 -24.794298 -0.021670 0.998439 -0.051480 -3.647235 0.578278 0.054522 0.814016 51.733962
0.811346 -0.012546 -0.584431 -25.422875 -0.021462 0.998456 -0.051229 -3.714443 0.584172 0.054107 0.809825 52.550917
0.807088 -0.012978 -0.590288 -26.060241 -0.021232 0.998474 -0.050981 -3.781937 0.590049 0.053679 0.805581 53.367881
0.802778 -0.013426 -0.596128 -26.706380 -0.020979 0.998492 -0.050738 -3.849715 0.595910 0.053237 0.801285 54.184655
0.798413 -0.013890 -0.601950 -27.361276 -0.020703 0.998509 -0.050501 -3.917779 0.601755 0.052783 0.796935 55.001045
0.793993 -0.014370 -0.607757 -28.024909 -0.020406 0.998527 -0.050269 -3.986128 0.607584 0.052315 0.792531 55.816859
0.789519 -0.014866 -0.613546 -28.697257 -0.020088 0.998545 -0.050043 -4.054765 0.613397 0.051835 0.788072 56.631907
0.784989 -0.015378 -0.619318 -29.378297 -0.019748 0.998563 -0.049825 -4.123689 0.619194 0.051342 0.783558 57.446000
0.780404 -0.015905 -0.625073 -30.068003 -0.019386 0.998580 -0.049613 -4.192901 0.624975 0.050836 0.778988 58.258954
0.775764 -0.016448 -0.630809 -30.766345 -0.019005 0.998598 -0.049410 -4.262403 0.630737 0.050318 0.774363 59.070587
0.771068 -0.017006 -0.636526 -31.473293 -0.018603 0.998615 -0.049214 -4.332196 0.636481 0.049789 0.769684 59.880720
0.766318 -0.017579 -0.642221 -32.188813 -0.018181 0.998632 -0.049028 -4.402281 0.642205 0.049247 0.764950 60.689178
0.761513 -0.018167 -0.647895 -32.912866 -0.017739 0.998649 -0.048851 -4.472662 0.647907 0.048694 0.760162 61.495791
0.756656 -0.018768 -0.653544 -33.645414 -0.017279 0.998665 -0.048684 -4.543339 0.653585 0.048130 0.755321 62.300395
0.751746 -0.019384 -0.659167 -34.386411 -0.016800 0.998681 -0.048528 -4.614314 0.659238 0.047555 0.750429 63.102828
0.746787 -0.020012 -0.664762 -35.135812 -0.016305 0.998696 -0.048382 -4.685589 0.664863 0.046969 0.745487 63.902935
0.741780 -0.020653 -0.670326 -35.893565 -0.015792 0.998711 -0.048246 -4.757166 0.670458 0.046374 0.740497 64.700566
0.736726 -0.021305 -0.675855 -36.659616 -0.015264 0.998725 -0.048122 -4.829046 0.676019 0.045770 0.735462 65.495577
0.731630 -0.021969 -0.681348 -37.433905 -0.014721 0.998738 -0.048010 -4.901231 0.681543 0.045156 0.730384 66.287828
0.726493 -0.022642 -0.686800 -38.216368 -0.014164 0.998751 -0.047909 -4.973721 0.687027 0.044533 0.725266 67.077187
0.721320 -0.023326 -0.692209 -39.006936 -0.013593 0.998763 -0.047820 -5.046517 0.692469 0.043902 0.720111 67.863525
0.716112 -0.024018 -0.697572 -39.805534 -0.013008 0.998775 -0.047742 -5.119621 0.697864 0.043263 0.714922 68.646722
0.710874 -0.024718 -0.702885 -40.612082 -0.012411 0.998786 -0.047676 -5.193033 0.703210 0.042616 0.709704 69.426661
0.705610 -0.025426 -0.708144 -41.426497 -0.011802 0.998796 -0.047622 -5.266752 0.708502 0.041960 0.704460 70.203232
0.700324 -0.026140 -0.713346 -42.248689 -0.011182 0.998805 -0.047579 -5.340779 0.713738 0.041298 0.699195 70.976330
0.695020 -0.026860 -0.718489 -43.078562 -0.010552 0.998813 -0.047547 -5.415111 0.718913 0.040628 0.693912 71.745857
0.689703 -0.027585 -0.723567 -43.916014 -0.009913 0.998821 -0.047527 -5.489746 0.724024 0.039952 0.688617 72.511720
0.684379 -0.028313 -0.728577 -44.760938 -0.009264 0.998827 -0.047517 -5.564683 0.729068 0.039269 0.683314 73.273831
0.679052 -0.029043 -0.733515 -45.613218 -0.008608 0.998833 -0.047517 -5.639917 0.734039 0.038581 0.678010 74.032109
0.673729 -0.029776 -0.738378 -46.472733 -0.007945 0.998838 -0.047528 -5.715447 0.738935 0.037887 0.672710 74.786479
0.668416 -0.030510 -0.743161 -47.339353 -0.007275 0.998842 -0.047549 -5.791266 0.743752 0.037189 0.667421 75.536873
0.663119 -0.031243 -0.747861 -48.212942 -0.006599 0.998846 -0.047579 -5.867372 0.748485 0.036486 0.662148 76.283229
0.657845 -0.031975 -0.752474 -49.093353 -0.005918 0.998848 -0.047618 -5.943759 0.753130 0.035778 0.656898 77.025491
0.652600 -0.032704 -0.756996 -49.980436 -0.005232 0.998850 -0.047664 -6.020419 0.757684 0.035066 0.651679 77.763609
0.647392 -0.033430 -0.761423 -50.874029 -0.004542 0.998851 -0.047716 -6.097344 0.762143 0.034350 0.646496 78.497541
0.642228 -0.034151 -0.765752 -51.773963 -0.003849 0.998851 -0.047775 -6.174526 0.766504 0.033630 0.641358 79.227251
0.637115 -0.034865 -0.769980 -52.680060 -0.003154 0.998850 -0.047838 -6.251953 0.770762 0.032907 0.636272 79.952708
0.632061 -0.035572 -0.774102 -53.592135 -0.002456 0.998849 -0.047905 -6.329614 0.774915 0.032180 0.631246 80.673889
0.627073 -0.036270 -0.778116 -54.509994 -0.001757 0.998847 -0.047975 -6.407496 0.778959 0.031451 0.626286 81.390776
0.622159 -0.036957 -0.782018 -55.433434 -0.001058 0.998845 -0.048046 -6.485584 0.782890 0.030719 0.621401 82.103357
0.617328 -0.037633 -0.785805 -56.362245 -0.000359 0.998842 -0.048118 -6.563863 0.786706 0.029986 0.616599 82.811630
0.612586 -0.038297 -0.789475 -57.296210 0.000340 0.998838 -0.048190 -6.642316 0.790404 0.029252 0.611888 83.515595
0.607943 -0.038948 -0.793025 -58.235102 0.001036 0.998834 -0.048262 -6.720927 0.793980 0.028518 0.607274 84.215262
0.603405 -0.039585 -0.796452 -59.178690 0.001731 0.998830 -0.048332 -6.799676 0.797433 0.027785 0.602767 84.910646
0.598981 -0.040206 -0.799753 -60.126733 0.002422 0.998825 -0.048400 -6.878545 0.800759 0.027054 0.598375 85.601768
0.594680 -0.040812 -0.802926 -61.078983 0.003108 0.998820 -0.048466 -6.957513 0.803957 0.026326 0.594105 86.288659
0.590508 -0.041400 -0.805969 -62.035187 0.003790 0.998815 -0.048529 -7.036559 0.807023 0.025602 0.589965 86.971354
0.586475 -0.041971 -0.808879 -62.995085 0.004467 0.998809 -0.048588 -7.115663 0.809955 0.024883 0.585964 87.649895
0.582589 -0.042524 -0.811654 -63.958413 0.005136 0.998803 -0.048643 -7.194802 0.812751 0.024170 0.582110 88.324333
0.578857 -0.043058 -0.814292 -64.924898 0.005798 0.998797 -0.048692 -7.273954 0.815409 0.023464 0.578410 88.994725
0.575287 -0.043572 -0.816790 -65.894264 0.006452 0.998791 -0.048736 -7.353097 0.817926 0.022768 0.574873 89.661137
0.571888 -0.044065 -0.819147 -66.866230 0.007096 0.998785 -0.048774 -7.432208 0.820301 0.022081 0.571506 90.323641
0.568667 -0.044536 -0.821361 -67.840510 0.007729 0.998778 -0.048805 -7.511263 0.822531 0.021405 0.568317 90.982318
0.565632 -0.044986 -0.823430 -68.816812 0.008352 0.998772 -0.048828 -7.590238 0.824615 0.020741 0.565314 91.637256
0.562791 -0.045413 -0.825351 -69.794841 0.008963 0.998766 -0.048843 -7.669110 0.826551 0.020091 0.562503 92.288549
0.560149 -0.045817 -0.827124 -70.774299 0.009560 0.998760 -0.048849 -7.747855 0.828336 0.019455 0.559893 92.936300
0.557715 -0.046197 -0.828746 -71.754882 0.010145 0.998755 -0.048847 -7.826447 0.829970 0.018835 0.557490 93.580617
0.555495 -0.046554 -0.830216 -72.736285 0.010715 0.998749 -0.048834 -7.904862 0.831451 0.018231 0.555299 94.221615
0.553495 -0.046885 -0.831532 -73.718198 0.011271 0.998744 -0.048812 -7.983076 0.832776 0.017645 0.553328 94.859415
0.551720 -0.047192 -0.832693 -74.700310 0.011810 0.998740 -0.048778 -8.061063 0.833946 0.017077 0.551582 95.494145
0.550177 -0.047474 -0.833698 -75.682308 0.012334 0.998736 -0.048732 -8.138797 0.834957 0.016529 0.550067 96.125938
0.548869 -0.047729 -0.834544 -76.663875 0.012840 0.998732 -0.048674 -8.216253 0.835810 0.016000 0.548786 96.754932
0.547803 -0.047958 -0.835232 -77.644695 0.013330 0.998729 -0.048603 -8.293405 0.836501 0.015491 0.547746 97.381270
0.546981 -0.048160 -0.835758 -78.624449 0.013802 0.998727 -0.048518 -8.370226 0.837031 0.015003 0.546950 98.005101
0.546408 -0.048336 -0.836123 -79.602819 0.014257 0.998725 -0.048419 -8.446690 0.837398 0.014536 0.546401 98.626575
0.546087 -0.048485 -0.836324 -80.579484 0.014694 0.998725 -0.048305 -8.522773 0.837600 0.014090 0.546103 99.245849
0.546020 -0.048607 -0.836361 -81.554125 0.015114 0.998725 -0.048176 -8.598449 0.837636 0.013664 0.546058 99.863083
0.546210 -0.048702 -0.836231 -82.526423 0.015516 0.998725 -0.048031 -8.673693 0.837505 0.013260 0.546269 100.478440
0.546658 -0.048770 -0.835935 -83.496061 0.015900 0.998727 -0.047870 -8.748480 0.837205 0.012877 0.546737 101.092086
0.547365 -0.048811 -0.835470 -84.462724 0.016267 0.998730 -0.047692 -8.822787 0.836736 0.012515 0.547463 101.704191
0.548332 -0.048825 -0.834834 -85.426098 0.016615 0.998733 -0.047498 -8.896589 0.836096 0.012174 0.548448 102.314927
0.549559 -0.048811 -0.834028 -86.385872 0.016944 0.998738 -0.047286 -8.969863 0.835283 0.011854 0.549692 102.924469
0.551047 -0.048770 -0.833048 -87.341739 0.017255 0.998743 -0.047056 -9.042583 0.834296 0.011556 0.551196 103.532994
0.552794 -0.048700 -0.831894 -88.293394 0.017547 0.998750 -0.046808 -9.114728 0.833133 0.011278 0.552957 104.140683
0.554800 -0.048603 -0.830563 -89.240536 0.017820 0.998757 -0.046543 -9.186275 0.831793 0.011022 0.554976 104.747718
0.557063 -0.048478 -0.829054 -90.182868 0.018073 0.998766 -0.046258 -9.257201 0.830274 0.010785 0.557251 105.354285
0.559581 -0.048325 -0.827365 -91.120097 0.018307 0.998776 -0.045955 -9.327485 0.828573 0.010569 0.559781 105.960569
0.562353 -0.048144 -0.825495 -92.051936 0.018522 0.998787 -0.045633 -9.397104 0.826690 0.010372 0.562562 106.566761
0.565374 -0.047935 -0.823440 -92.978101 0.018717 0.998798 -0.045292 -9.466037 0.824622 0.010195 0.565592 107.173051
0.568643 -0.047697 -0.821200 -93.898316 0.018892 0.998811 -0.044931 -9.534263 0.822367 0.010036 0.568869 107.779631
0.572156 -0.047430 -0.818772 -94.812307 0.019046 0.998826 -0.044551 -9.601761 0.819924 0.009896 0.572387 108.386696
0.575908 -0.047135 -0.816154 -95.719811 0.019180 0.998841 -0.044151 -9.668511 0.817289 0.009773 0.576145 108.994442
0.579896 -0.046811 -0.813344 -96.620568 0.019294 0.998857 -0.043731 -9.734494 0.814462 0.009667 0.580137 109.603066
0.584115 -0.046458 -0.810340 -97.514324 0.019386 0.998874 -0.043292 -9.799690 0.811439 0.009578 0.584358 110.212766
0.588559 -0.046076 -0.807140 -98.400836 0.019458 0.998893 -0.042834 -9.864081 0.808220 0.009505 0.588804 110.823745
0.593224 -0.045667 -0.803741 -99.279864 0.019509 0.998912 -0.042357 -9.927649 0.804801 0.009447 0.593470 111.436204
0.598104 -0.045229 -0.800141 -100.151177 0.019538 0.998932 -0.041861 -9.990379 0.801180 0.009404 0.598350 112.050347
0.603193 -0.044764 -0.796338 -101.014552 0.019548 0.998954 -0.041347 -10.052253 0.797356 0.009373 0.603437 112.666380
0.608484 -0.044271 -0.792330 -101.869773 0.019536 0.998976 -0.040814 -10.113258 0.793325 0.009356 0.608726 113.284510
0.613971 -0.043752 -0.788115 -102.716632 0.019505 0.998999 -0.040264 -10.173380 0.789088 0.009349 0.614209 113.904943
0.619646 -0.043206 -0.783691 -103.554928 0.019453 0.999022 -0.039697 -10.232606 0.784640 0.009352 0.619881 114.527890
0.625502 -0.042634 -0.779057 -104.384468 0.019382 0.999047 -0.039111 -10.290923 0.779982 0.009365 0.625732 115.153558
0.631532 -0.042036 -0.774210 -105.205066 0.019291 0.999072 -0.038509 -10.348320 0.775110 0.009384 0.631757 115.782157
0.637727 -0.041413 -0.769149 -106.016543 0.019181 0.999098 -0.037890 -10.404787 0.770024 0.009410 0.637946 116.413898
0.644078 -0.040764 -0.763873 -106.818727 0.019053 0.999124 -0.037254 -10.460314 0.764722 0.009440 0.644291 117.048989
0.650578 -0.040091 -0.758381 -107.611455 0.018905 0.999151 -0.036601 -10.514894 0.759204 0.009475 0.650783 117.687641
0.657216 -0.039395 -0.752672 -108.394566 0.018740 0.999178 -0.035933 -10.568517 0.753469 0.009511 0.657414 118.330062
0.663984 -0.038675 -0.746746 -109.167910 0.018557 0.999206 -0.035250 -10.621177 0.747516 0.009548 0.664175 118.976459
0.670872 -0.037932 -0.740602 -109.931340 0.018356 0.999234 -0.034552 -10.672869 0.741346 0.009585 0.671055 119.627039
0.677872 -0.037168 -0.734240 -110.684717 0.018138 0.999263 -0.033839 -10.723585 0.734956 0.009621 0.678046 120.282007
0.684972 -0.036384 -0.727660 -111.427905 0.017904 0.999291 -0.033112 -10.773324 0.728350 0.009653 0.685138 120.941564
0.692163 -0.035579 -0.720863 -112.160776 0.017653 0.999320 -0.032372 -10.822080 0.721525 0.009681 0.692321 121.605913
0.699436 -0.034755 -0.713849 -112.883204 0.017386 0.999349 -0.031620 -10.869852 0.714483 0.009705 0.699585 122.275249
0.706781 -0.033913 -0.706619 -113.595071 0.017104 0.999378 -0.030855 -10.916638 0.707226 0.009722 0.706921 122.949770
0.714188 -0.033053 -0.699173 -114.296261 0.016806 0.999406 -0.030079 -10.962440 0.699752 0.009732 0.714319 123.629668
0.721647 -0.032177 -0.691513 -114.986662 0.016493 0.999435 -0.029293 -11.007258 0.692064 0.009734 0.721770 124.315134
0.729150 -0.031284 -0.683639 -115.666165 0.016164 0.999463 -0.028497 -11.051095 0.684163 0.009728 0.729264 125.006356
0.736687 -0.030377 -0.675552 -116.334664 0.015821 0.999491 -0.027691 -11.093954 0.676049 0.009712 0.736793 125.703519
0.744249 -0.029456 -0.667253 -116.992054 0.015462 0.999519 -0.026878 -11.135842 0.667723 0.009687 0.744346 126.406806
0.751828 -0.028522 -0.658742 -117.638232 0.015089 0.999547 -0.026057 -11.176765 0.659187 0.009651 0.751917 127.116396
0.759415 -0.027577 -0.650022 -118.273097 0.014701 0.999574 -0.025231 -11.216732 0.650441 0.009605 0.759496 127.832467
0.767002 -0.026620 -0.641092 -118.896547 0.014298 0.999600 -0.024400 -11.255755 0.641485 0.009549 0.767076 128.555193
0.774582 -0.025654 -0.631953 -119.508480 0.013881 0.999626 -0.023566 -11.293843 0.632321 0.009482 0.774649 129.284743
0.782147 -0.024680 -0.622605 -120.108793 0.013449 0.999651 -0.022731 -11.331013 0.622949 0.009405 0.782206 130.021285
0.789690 -0.023697 -0.613049 -120.697382 0.013002 0.999676 -0.021894 -11.367278 0.613369 0.009319 0.789742 130.764983
0.797203 -0.022708 -0.603284 -121.274141 0.012539 0.999700 -0.021059 -11.402656 0.603581 0.009223 0.797248 131.515997
0.804680 -0.021711 -0.593312 -121.838962 0.012061 0.999723 -0.020225 -11.437166 0.593586 0.009118 0.804719 132.274482
0.812114 -0.020709 -0.583131 -122.391733 0.011567 0.999745 -0.019395 -11.470826 0.583384 0.009005 0.812147 133.040590
0.819500 -0.019702 -0.572741 -122.932338 0.011057 0.999766 -0.018569 -11.503658 0.572973 0.008885 0.819526 133.814468
0.826830 -0.018689 -0.562142 -123.460659 0.010531 0.999787 -0.017750 -11.535686 0.562354 0.008756 0.826850 134.596257
0.834098 -0.017674 -0.551333 -123.976571 0.009989 0.999807 -0.016938 -11.566933 0.551525 0.008621 0.834114 135.386093
0.841299 -0.016655 -0.540314 -124.479947 0.009430 0.999825 -0.016135 -11.597427 0.540488 0.008479 0.841309 136.184106
0.848426 -0.015633 -0.529084 -124.970655 0.008855 0.999843 -0.015343 -11.627196 0.529241 0.008332 0.848431 136.990420
0.855472 -0.014611 -0.517643 -125.448556 0.008265 0.999860 -0.014563 -11.656268 0.517783 0.008180 0.855473 137.805152
0.862432 -0.013587 -0.505991 -125.913508 0.007658 0.999876 -0.013796 -11.684676 0.506116 0.008024 0.862428 138.628410
0.869298 -0.012563 -0.494128 -126.365365 0.007035 0.999890 -0.013045 -11.712454 0.494237 0.007864 0.869291 139.460296
0.876066 -0.011540 -0.482053 -126.803974 0.006396 0.999904 -0.012312 -11.739636 0.482148 0.007703 0.876056 140.300903
0.882728 -0.010518 -0.469766 -127.229178 0.005741 0.999916 -0.011599 -11.766261 0.469849 0.007541 0.882715 141.150316
0.889279 -0.009498 -0.457267 -127.640815 0.005071 0.999928 -0.010906 -11.792369 0.457338 0.007380 0.889262 142.008610
0.895710 -0.008480 -0.444557 -128.038717 0.004385 0.999938 -0.010237 -11.818000 0.444616 0.007220 0.895692 142.875850
0.902017 -0.007465 -0.431636 -128.422715 0.003685 0.999947 -0.009593 -11.843199 0.431685 0.007063 0.901997 143.752092
0.908192 -0.006453 -0.418503 -128.792631 0.002969 0.999955 -0.008977 -11.868014 0.418543 0.006910 0.908171 144.637379
0.914229 -0.005445 -0.405161 -129.148284 0.002238 0.999962 -0.008388 -11.892490 0.405191 0.006762 0.914207 145.531744
0.920122 -0.004440 -0.391608 -129.489489 0.001493 0.999968 -0.007831 -11.916680 0.391630 0.006621 0.920099 146.435207
0.925862 -0.003440 -0.377846 -129.816057 0.000733 0.999973 -0.007306 -11.940636 0.377861 0.006487 0.925840 147.347773
0.931444 -0.002442 -0.363876 -130.127793 -0.000041 0.999977 -0.006815 -11.964410 0.363884 0.006363 0.931423 148.269437
0.936861 -0.001448 -0.349698 -130.424498 -0.000828 0.999979 -0.006361 -11.988061 0.349700 0.006249 0.936841 149.200178
0.942106 -0.000458 -0.335314 -130.705968 -0.001630 0.999981 -0.005944 -12.011644 0.335311 0.006147 0.942088 150.139960
0.947172 0.000530 -0.320725 -130.971998 -0.002444 0.999982 -0.005568 -12.035220 0.320716 0.006058 0.947156 151.088735
0.952052 0.001514 -0.305932 -131.222377 -0.003272 0.999981 -0.005232 -12.058847 0.305918 0.005983 0.952039 152.046439
0.956739 0.002497 -0.290936 -131.456890 -0.004112 0.999979 -0.004940 -12.082590 0.290917 0.005923 0.956730 153.012990
0.961227 0.003477 -0.275738 -131.675320 -0.004964 0.999977 -0.004694 -12.106509 0.275715 0.005880 0.961221 153.988295
0.965507 0.004456 -0.260339 -131.877449 -0.005827 0.999973 -0.004494 -12.130671 0.260312 0.005856 0.965507 154.972242
0.969573 0.005434 -0.244742 -132.063053 -0.006701 0.999968 -0.004342 -12.155139 0.244711 0.005850 0.969579 155.964703
0.973418 0.006412 -0.228947 -132.231910 -0.007584 0.999962 -0.004240 -12.179979 0.228911 0.005863 0.973430 156.965536
0.977034 0.007390 -0.212955 -132.383794 -0.008476 0.999955 -0.004189 -12.205259 0.212915 0.005897 0.977053 157.974580
0.980414 0.008369 -0.196769 -132.518480 -0.009377 0.999947 -0.004190 -12.231045 0.196723 0.005953 0.980441 158.991660
0.983551 0.009350 -0.180389 -132.635741 -0.010285 0.999938 -0.004244 -12.257406 0.180338 0.006029 0.983586 160.016583
0.986436 0.010335 -0.163819 -132.735351 -0.011199 0.999928 -0.004353 -12.284411 0.163762 0.006128 0.986481 161.049138
0.989063 0.011323 -0.147059 -132.817085 -0.012119 0.999916 -0.004517 -12.312127 0.146996 0.006249 0.989117 162.089100
0.991423 0.012316 -0.130113 -132.880717 -0.013043 0.999904 -0.004737 -12.340625 0.130042 0.006393 0.991488 163.136225
0.993508 0.013315 -0.112982 -132.926024 -0.013971 0.999890 -0.005014 -12.369974 0.112903 0.006560 0.993584 164.190253
0.995310 0.014321 -0.095670 -132.952787 -0.014901 0.999875 -0.005349 -12.400242 0.095581 0.006750 0.995399 165.250907
0.996821 0.015335 -0.078180 -132.960785 -0.015832 0.999858 -0.005743 -12.431500 0.078081 0.006962 0.996923 166.317893
0.998033 0.016358 -0.060516 -132.949805 -0.016763 0.999840 -0.006196 -12.463816 0.060405 0.007198 0.998148 167.390899
0.998937 0.017391 -0.042682 -132.919635 -0.017693 0.999821 -0.006708 -12.497259 0.042557 0.007456 0.999066 168.469596
0.999525 0.018434 -0.024682 -132.870071 -0.018619 0.999800 -0.007280 -12.531898 0.024543 0.007736 0.999669 169.553641
0.999789 0.019490 -0.006522 -132.800912 -0.019541 0.999778 -0.007912 -12.567799 0.006366 0.008038 0.999947 170.642669
0.999719 0.020558 0.011793 -132.711966 -0.020457 0.999754 -0.008604 -12.605030 -0.011967 0.008361 0.999893 171.736304
0.999308 0.021640 0.030255 -132.603050 -0.021366 0.999728 -0.009356 -12.643654 -0.030449 0.008703 0.999498 172.834149
0.998547 0.022737 0.048857 -132.473987 -0.022266 0.999700 -0.010166 -12.683736 -0.049073 0.009064 0.998754 173.935793
0.997428 0.023849 0.067591 -132.324612 -0.023155 0.999671 -0.011035 -12.725336 -0.067832 0.009442 0.997652 175.040809
0.995943 0.024978 0.086448 -132.154772 -0.024032 0.999640 -0.011962 -12.768517 -0.086716 0.009836 0.996185 176.148756
0.994085 0.026123 0.105418 -131.964325 -0.024895 0.999606 -0.012945 -12.813334 -0.105714 0.010244 0.994344 177.259177
0.991846 0.027285 0.124490 -131.753143 -0.025742 0.999571 -0.013984 -12.859845 -0.124818 0.010665 0.992122 178.371602
0.989219 0.028464 0.143652 -131.521112 -0.026572 0.999533 -0.015077 -12.908103 -0.144014 0.011098 0.989513 179.485549
0.986198 0.029662 0.162893 -131.268133 -0.027382 0.999493 -0.016224 -12.958161 -0.163292 0.011540 0.986510 180.600523
0.982777 0.030877 0.182200 -130.994122 -0.028171 0.999451 -0.017423 -13.010068 -0.182638 0.011990 0.983107 181.716017
0.978950 0.032110 0.201559 -130.699015 -0.028937 0.999407 -0.018672 -13.063871 -0.202039 0.012446 0.979298 182.831516
0.974713 0.033362 0.220956 -130.382762 -0.029679 0.999360 -0.019969 -13.119613 -0.221480 0.012907 0.975079 183.946492
0.970062 0.034631 0.240376 -130.045333 -0.030394 0.999311 -0.021313 -13.177336 -0.240949 0.013369 0.970446 185.060412
0.964993 0.035919 0.259806 -129.686716 -0.031083 0.999259 -0.022701 -13.237079 -0.260429 0.013831 0.965394 186.172733
0.959502 0.037226 0.279230 -129.306916 -0.031744 0.999205 -0.024132 -13.298878 -0.279906 0.014291 0.959921 187.282905
0.953589 0.038551 0.298633 -128.905959 -0.032375 0.999148 -0.025602 -13.362764 -0.299365 0.014746 0.954025 188.390376
0.947251 0.039894 0.317999 -128.483889 -0.032976 0.999088 -0.027110 -13.428769 -0.318791 0.015194 0.947703 189.494584
0.940488 0.041256 0.337314 -128.040769 -0.033547 0.999026 -0.028652 -13.496917 -0.338167 0.015631 0.940956 190.594967
0.933299 0.042635 0.356561 -127.576681 -0.034087 0.998962 -0.030226 -13.567231 -0.357479 0.016056 0.933783 191.690960
0.925685 0.044031 0.375724 -127.091728 -0.034595 0.998894 -0.031829 -13.639730 -0.376710 0.016465 0.926185 192.781994
0.917648 0.045444 0.394788 -126.586030 -0.035070 0.998825 -0.033457 -13.714429 -0.395844 0.016856 0.918163 193.867501
0.909190 0.046873 0.413735 -126.059726 -0.035514 0.998752 -0.035108 -13.791340 -0.414865 0.017227 0.909720 194.946914
0.900314 0.048316 0.432551 -125.512976 -0.035925 0.998677 -0.036780 -13.870471 -0.433756 0.017574 0.900859 196.019668
0.891025 0.049773 0.451217 -124.945957 -0.036302 0.998600 -0.038468 -13.951825 -0.452500 0.017896 0.891585 197.085199
0.881328 0.051243 0.469719 -124.358862 -0.036647 0.998521 -0.040171 -14.035402 -0.471082 0.018190 0.881902 198.142952
0.871228 0.052722 0.488038 -123.751907 -0.036958 0.998439 -0.041884 -14.121199 -0.489484 0.018454 0.871817 199.192374
0.860735 0.054211 0.506159 -123.125322 -0.037236 0.998355 -0.043606 -14.209209 -0.507690 0.018686 0.861337 200.232921
0.849854 0.055707 0.524065 -122.479357 -0.037481 0.998269 -0.045332 -14.299421 -0.525683 0.018884 0.850471 201.264056
0.838597 0.057208 0.541740 -121.814278 -0.037693 0.998181 -0.047061 -14.391819 -0.543446 0.019046 0.839228 202.285255
0.826974 0.058713 0.559166 -121.130370 -0.037872 0.998091 -0.048789 -14.486387 -0.560963 0.019171 0.827619 203.296000
0.814996 0.060220 0.576329 -120.427933 -0.038021 0.997999 -0.050514 -14.583104 -0.578218 0.019256 0.815655 204.295788
0.802676 0.061727 0.593212 -119.707285 -0.038139 0.997906 -0.052233 -14.681946 -0.595195 0.019302 0.803350 205.284128
0.790028 0.063233 0.609801 -118.968756 -0.038227 0.997812 -0.053943 -14.782885 -0.611878 0.019306 0.790717 206.260544
0.777067 0.064735 0.626080 -118.212697 -0.038287 0.997716 -0.055642 -14.885893 -0.628252 0.019267 0.777771 207.224573
0.763810 0.066233 0.642034 -117.439469 -0.038320 0.997620 -0.057327 -14.990937 -0.644303 0.019184 0.764530 208.175770
0.750272 0.067723 0.657652 -116.649449 -0.038328 0.997522 -0.058996 -15.097982 -0.660018 0.019057 0.751008 209.113707
0.736472 0.069203 0.672918 -115.843028 -0.038311 0.997424 -0.060647 -15.206990 -0.675382 0.018884 0.737226 210.037971
0.722430 0.070673 0.687822 -115.020608 -0.038271 0.997325 -0.062277 -15.317922 -0.690384 0.018667 0.723202 210.948172
0.708165 0.072129 0.702352 -114.182604 -0.038210 0.997225 -0.063885 -15.430735 -0.705012 0.018404 0.708957 211.843936
0.693699 0.073570 0.716498 -113.329443 -0.038129 0.997126 -0.065469 -15.545384 -0.719255 0.018097 0.694510 212.724912
0.679052 0.074993 0.730250 -112.461562 -0.038029 0.997026 -0.067026 -15.661822 -0.733105 0.017744 0.679884 213.590769
0.664247 0.076395 0.743599 -111.579409 -0.037912 0.996927 -0.068556 -15.779998 -0.746551 0.017347 0.665102 214.441197
0.649307 0.077776 0.756539 -110.683441 -0.037778 0.996828 -0.070055 -15.899862 -0.759588 0.016907 0.650185 215.275911
0.634255 0.079131 0.769064 -109.774124 -0.037630 0.996729 -0.071523 -16.021359 -0.772208 0.016424 0.635158 216.094647
0.619115 0.080461 0.781167 -108.851933 -0.037469 0.996631 -0.072958 -16.144434 -0.784406 0.015900 0.620044 216.897167
0.603912 0.081763 0.792846 -107.917349 -0.037296 0.996534 -0.074360 -16.269028 -0.796178 0.015337 0.604868 217.683256
0.588669 0.083035 0.804098 -106.970861 -0.037113 0.996438 -0.075726 -16.395083 -0.807522 0.014735 0.589654 218.452724
0.573412 0.084275 0.814921 -106.012961 -0.036922 0.996343 -0.077057 -16.522537 -0.818435 0.014097 0.574426 219.205407
0.558164 0.085482 0.825316 -105.044149 -0.036724 0.996249 -0.078350 -16.651328 -0.828918 0.013424 0.559210 219.941167
0.542951 0.086656 0.835282 -104.064927 -0.036520 0.996157 -0.079607 -16.781392 -0.838970 0.012718 0.544029 220.659892
0.527796 0.087794 0.844822 -103.075799 -0.036312 0.996067 -0.080826 -16.912666 -0.848595 0.011982 0.528908 221.361497
0.512723 0.088897 0.853939 -102.077271 -0.036102 0.995978 -0.082007 -17.045083 -0.857795 0.011218 0.513870 222.045922
0.497755 0.089964 0.862639 -101.069850 -0.035891 0.995890 -0.083151 -17.178581 -0.866575 0.010428 0.498939 222.713136
0.482916 0.090994 0.870926 -100.054040 -0.035681 0.995805 -0.084257 -17.313093 -0.874940 0.009614 0.484137 223.363132
0.468225 0.091988 0.878808 -99.030343 -0.035472 0.995721 -0.085326 -17.448554 -0.882897 0.008779 0.469485 223.995931
0.453706 0.092944 0.886291 -97.999260 -0.035267 0.995640 -0.086358 -17.584900 -0.890454 0.007924 0.455005 224.611578
0.439376 0.093863 0.893386 -96.961282 -0.035066 0.995560 -0.087352 -17.722065 -0.897618 0.007053 0.440717 225.210144
0.425257 0.094744 0.900100 -95.916900 -0.034871 0.995483 -0.088309 -17.859985 -0.904401 0.006166 0.426639 225.791727
0.411365 0.095588 0.906445 -94.866595 -0.034683 0.995407 -0.089230 -17.998595 -0.910811 0.005268 0.412791 226.356445
0.397719 0.096396 0.912429 -93.810841 -0.034503 0.995334 -0.090115 -18.137832 -0.916858 0.004359 0.399189 226.904445
0.384334 0.097167 0.918066 -92.750104 -0.034331 0.995262 -0.090965 -18.277634 -0.922555 0.003443 0.385849 227.435893
0.371227 0.097903 0.923366 -91.684841 -0.034169 0.995193 -0.091782 -18.417942 -0.927913 0.002521 0.372788 227.950981
0.358412 0.098605 0.928342 -90.615498 -0.034018 0.995125 -0.092565 -18.558695 -0.932944 0.001596 0.360019 228.449923
0.345902 0.099273 0.933004 -89.542510 -0.033877 0.995060 -0.093316 -18.699835 -0.937659 0.000671 0.347556 228.932951
0.333710 0.099908 0.937367 -88.466301 -0.033747 0.994997 -0.094036 -18.841306 -0.942072 -0.000253 0.335412 229.400322
0.321848 0.100510 0.941441 -87.387284 -0.033629 0.994935 -0.094725 -18.983053 -0.946194 -0.001173 0.323598 229.852312
0.310326 0.101082 0.945241 -86.305858 -0.033523 0.994876 -0.095384 -19.125022 -0.950039 -0.002087 0.312124 230.289214
0.299155 0.101623 0.948778 -85.222411 -0.033427 0.994819 -0.096014 -19.267163 -0.953619 -0.002992 0.301002 230.711343
0.288343 0.102134 0.952064 -84.137317 -0.033343 0.994763 -0.096617 -19.409426 -0.956946 -0.003886 0.290239 231.119029
0.277899 0.102618 0.955113 -83.050937 -0.033270 0.994709 -0.097192 -19.551764 -0.960034 -0.004767 0.279843 231.512623
0.267829 0.103075 0.957937 -81.963617 -0.033209 0.994658 -0.097741 -19.694132 -0.962894 -0.005634 0.269821 231.892488
0.258140 0.103506 0.960547 -80.875691 -0.033159 0.994608 -0.098265 -19.836485 -0.965538 -0.006484 0.260180 232.259005
0.248836 0.103913 0.962955 -79.787478 -0.033120 0.994560 -0.098764 -19.978783 -0.967979 -0.007317 0.250924 232.612568
0.239923 0.104296 0.965173 -78.699287 -0.033093 0.994513 -0.099240 -20.120986 -0.970228 -0.008131 0.242058 232.953582
0.231404 0.104657 0.967212 -77.611408 -0.033078 0.994468 -0.099692 -20.263058 -0.972295 -0.008924 0.233586 233.282468
0.223283 0.104998 0.969082 -76.524121 -0.033075 0.994425 -0.100123 -20.404962 -0.974192 -0.009696 0.225511 233.599654
0.215561 0.105319 0.970794 -75.437690 -0.033083 0.994384 -0.100532 -20.546666 -0.975930 -0.010446 0.217834 233.905578
0.208240 0.105622 0.972358 -74.352366 -0.033102 0.994344 -0.100921 -20.688139 -0.977518 -0.011172 0.210558 234.200689
0.201321 0.105907 0.973783 -73.268387 -0.033134 0.994305 -0.101289 -20.829350 -0.978965 -0.011874 0.203683 234.485442
0.194804 0.106175 0.975079 -72.185975 -0.033177 0.994268 -0.101637 -20.970271 -0.980281 -0.012551 0.197210 234.760296
0.188689 0.106427 0.976253 -71.105340 -0.033231 0.994233 -0.101965 -21.110877 -0.981474 -0.013203 0.191138 235.025720
0.182976 0.106664 0.977314 -70.026678 -0.033297 0.994199 -0.102273 -21.251141 -0.982553 -0.013828 0.185466 235.282183
0.177662 0.106886 0.978270 -68.950173 -0.033373 0.994167 -0.102563 -21.391040 -0.983525 -0.014426 0.180193 235.530160
0.172747 0.107095 0.979127 -67.875995 -0.033459 0.994136 -0.102833 -21.530552 -0.984398 -0.014996 0.175317 235.770126
0.168228 0.107289 0.979892 -66.804301 -0.033554 0.994106 -0.103085 -21.669655 -0.985177 -0.015538 0.170837 236.002557
0.164103 0.107471 0.980571 -65.735235 -0.033659 0.994079 -0.103318 -21.808331 -0.985869 -0.016051 0.166748 236.227933
0.160368 0.107640 0.981171 -64.668930 -0.033773 0.994052 -0.103533 -21.946560 -0.986479 -0.016534 0.163049 236.446730
0.157020 0.107798 0.981695 -63.605508 -0.033895 0.994028 -0.103730 -22.084327 -0.987014 -0.016987 0.159736 236.659423
0.154055 0.107944 0.982148 -62.545076 -0.034025 0.994005 -0.103910 -22.221615 -0.987476 -0.017410 0.156804 236.866486
0.151468 0.108080 0.982536 -61.487734 -0.034163 0.993983 -0.104073 -22.358412 -0.987872 -0.017803 0.154249 237.068389
0.149255 0.108206 0.982860 -60.433566 -0.034309 0.993963 -0.104218 -22.494705 -0.988203 -0.018165 0.152066 237.265599
0.147410 0.108323 0.983126 -59.382650 -0.034461 0.993944 -0.104347 -22.630486 -0.988475 -0.018498 0.150251 237.458578
0.145929 0.108431 0.983335 -58.335051 -0.034621 0.993926 -0.104461 -22.765744 -0.988689 -0.018800 0.148796 237.647782
0.144804 0.108530 0.983490 -57.290823 -0.034787 0.993910 -0.104558 -22.900474 -0.988849 -0.019073 0.147698 237.833662
0.144031 0.108620 0.983594 -56.250014 -0.034960 0.993896 -0.104639 -23.034668 -0.988956 -0.019315 0.146949 238.016661
0.143602 0.108703 0.983647 -55.212661 -0.035139 0.993882 -0.104705 -23.168324 -0.989012 -0.019528 0.146543 238.197215
0.143511 0.108778 0.983652 -54.178791 -0.035323 0.993871 -0.104755 -23.301437 -0.989018 -0.019712 0.146474 238.375753
0.143751 0.108846 0.983610 -53.148427 -0.035514 0.993860 -0.104790 -23.434007 -0.988976 -0.019868 0.146734 238.552695
0.144315 0.108906 0.983521 -52.121580 -0.035709 0.993851 -0.104810 -23.566031 -0.988887 -0.019995 0.147316 238.728449
0.145194 0.108958 0.983385 -51.098258 -0.035910 0.993843 -0.104814 -23.697509 -0.988751 -0.020095 0.148213 238.903417
0.146382 0.109002 0.983204 -50.078459 -0.036116 0.993837 -0.104803 -23.828442 -0.988569 -0.020168 0.149417 239.077988
0.147871 0.109037 0.982978 -49.062178 -0.036326 0.993832 -0.104777 -23.958830 -0.988339 -0.020215 0.150920 239.252541
0.149652 0.109065 0.982705 -48.049404 -0.036541 0.993829 -0.104734 -24.088673 -0.988063 -0.020236 0.152714 239.427445
0.151717 0.109083 0.982386 -47.040120 -0.036761 0.993827 -0.104676 -24.217973 -0.987740 -0.020232 0.154790 239.603056
