0.591337 -0.038405 0.805509 2.225778 0.005864 0.999044 0.043328 0.087015 -0.806403 -0.020898 0.590997 1.351777
0.584750 -0.038524 0.810298 2.403941 0.005713 0.999043 0.043375 0.093767 -0.811193 -0.020734 0.584410 1.438025
0.577899 -0.038639 0.815193 2.591189 0.005558 0.999042 0.043412 0.100808 -0.816089 -0.020557 0.577560 1.526246
0.570810 -0.038747 0.820167 2.787779 0.005401 0.999042 0.043438 0.108140 -0.821064 -0.020365 0.570472 1.616363
0.563507 -0.038847 0.825197 2.993967 0.005241 0.999042 0.043452 0.115763 -0.826095 -0.020161 0.563171 1.708288
0.556009 -0.038939 0.830263 3.210008 0.005078 0.999043 0.043454 0.123675 -0.831161 -0.019945 0.555675 1.801929
0.548334 -0.039021 0.835349 3.436152 0.004914 0.999044 0.043443 0.131876 -0.836245 -0.019716 0.548001 1.897187
0.540495 -0.039093 0.840439 3.672646 0.004747 0.999046 0.043418 0.140361 -0.841334 -0.019477 0.540164 1.993957
0.532504 -0.039154 0.845521 3.919735 0.004580 0.999048 0.043379 0.149129 -0.846415 -0.019228 0.532176 2.092126
0.524372 -0.039203 0.850586 4.177660 0.004410 0.999051 0.043327 0.158175 -0.851478 -0.018968 0.524048 2.191574
0.516108 -0.039240 0.855624 4.446656 0.004239 0.999055 0.043261 0.167494 -0.856513 -0.018700 0.515786 2.292175
0.507718 -0.039264 0.860628 4.726958 0.004067 0.999059 0.043180 0.177081 -0.861514 -0.018423 0.507400 2.393797
0.499209 -0.039274 0.865591 5.018793 0.003894 0.999064 0.043085 0.186929 -0.866473 -0.018138 0.498894 2.496298
0.490586 -0.039270 0.870508 5.322383 0.003719 0.999069 0.042974 0.197030 -0.871385 -0.017845 0.490275 2.599531
0.481853 -0.039252 0.875373 5.637949 0.003544 0.999075 0.042848 0.207375 -0.876245 -0.017544 0.481546 2.703342
0.473014 -0.039218 0.880181 5.965702 0.003368 0.999082 0.042706 0.217956 -0.881048 -0.017236 0.472712 2.807568
0.464073 -0.039169 0.884931 6.305851 0.003192 0.999089 0.042548 0.228762 -0.885791 -0.016921 0.463775 2.912043
0.455032 -0.039103 0.889616 6.658599 0.003015 0.999097 0.042373 0.239780 -0.890470 -0.016599 0.454739 3.016589
0.445893 -0.039020 0.894235 7.024142 0.002839 0.999106 0.042181 0.250999 -0.895082 -0.016270 0.445605 3.121026
0.436659 -0.038920 0.898785 7.402671 0.002662 0.999115 0.041971 0.262403 -0.899623 -0.015934 0.436376 3.225164
0.427331 -0.038802 0.903262 7.794373 0.002486 0.999125 0.041743 0.273979 -0.904092 -0.015592 0.427054 3.328810
0.417912 -0.038665 0.907664 8.199427 0.002312 0.999136 0.041497 0.285710 -0.908485 -0.015244 0.417640 3.431763
0.408403 -0.038510 0.911989 8.618007 0.002138 0.999147 0.041233 0.297579 -0.912799 -0.014890 0.408137 3.533817
0.398805 -0.038335 0.916234 9.050281 0.001966 0.999159 0.040949 0.309567 -0.917034 -0.014529 0.398545 3.634759
0.389121 -0.038142 0.920396 9.496410 0.001796 0.999172 0.040647 0.321656 -0.921185 -0.014163 0.388868 3.734375
0.379354 -0.037929 0.924474 9.956550 0.001630 0.999185 0.040325 0.333826 -0.925250 -0.013791 0.379107 3.832442
0.365791 -0.037715 0.929932 10.398583 0.001397 0.999200 0.039975 0.344828 -0.930696 -0.013324 0.365551 3.901760
0.351931 -0.037469 0.935276 10.851908 0.001167 0.999215 0.039591 0.355746 -0.936025 -0.012842 0.351698 3.967202
0.337787 -0.037188 0.940488 11.316469 0.000942 0.999232 0.039173 0.366547 -0.941222 -0.012346 0.337563 4.028468
0.323375 -0.036871 0.945552 11.792198 0.000724 0.999250 0.038718 0.377198 -0.946270 -0.011836 0.323160 4.085261
0.308711 -0.036516 0.950455 12.279015 0.000513 0.999269 0.038225 0.387667 -0.951156 -0.011312 0.308504 4.137285
0.293808 -0.036122 0.955182 12.776825 0.000313 0.999289 0.037693 0.397919 -0.955864 -0.010775 0.293611 4.184245
0.278682 -0.035686 0.959720 13.285522 0.000124 0.999311 0.037122 0.407917 -0.960383 -0.010226 0.278494 4.225849
0.263346 -0.035207 0.964059 13.804987 -0.000053 0.999333 0.036510 0.417625 -0.964701 -0.009666 0.263169 4.261808
0.247815 -0.034685 0.968186 14.335089 -0.000216 0.999357 0.035857 0.427007 -0.968807 -0.009095 0.247648 4.291840
0.232102 -0.034118 0.972093 14.875688 -0.000365 0.999382 0.035163 0.436025 -0.972691 -0.008517 0.231946 4.315666
0.216222 -0.033507 0.975769 15.426629 -0.000499 0.999407 0.034429 0.444641 -0.976344 -0.007931 0.216077 4.333013
0.200188 -0.032850 0.979207 15.987749 -0.000616 0.999433 0.033654 0.452818 -0.979757 -0.007341 0.200054 4.343615
0.184012 -0.032149 0.982398 16.558875 -0.000716 0.999460 0.032842 0.460518 -0.982924 -0.006747 0.183890 4.347210
0.167709 -0.031405 0.985336 17.139823 -0.000798 0.999488 0.031992 0.467705 -0.985836 -0.006151 0.167598 4.343547
0.151290 -0.030620 0.988015 17.730401 -0.000859 0.999516 0.031108 0.474343 -0.988489 -0.005555 0.151190 4.332378
0.134769 -0.029794 0.990429 18.330409 -0.000900 0.999544 0.030191 0.480398 -0.990877 -0.004960 0.134681 4.313467
0.118158 -0.028928 0.992573 18.939637 -0.000920 0.999572 0.029242 0.485834 -0.992994 -0.004368 0.118081 4.286585
0.101470 -0.028024 0.994444 19.557868 -0.000918 0.999600 0.028263 0.490620 -0.994838 -0.003781 0.101404 4.251511
0.084715 -0.027081 0.996037 20.184879 -0.000894 0.999628 0.027255 0.494722 -0.996405 -0.003199 0.084659 4.208035
0.067906 -0.026103 0.997350 20.820440 -0.000847 0.999656 0.026221 0.498110 -0.997691 -0.002625 0.067860 4.155954
0.051052 -0.025089 0.998381 21.464316 -0.000778 0.999683 0.025161 0.500752 -0.998696 -0.002061 0.051016 4.095075
0.034164 -0.024041 0.999127 22.116266 -0.000685 0.999710 0.024079 0.502620 -0.999416 -0.001507 0.034138 4.025214
0.017253 -0.022961 0.999587 22.776046 -0.000569 0.999736 0.022974 0.503686 -0.999851 -0.000965 0.017235 3.946196
0.000328 -0.021850 0.999761 23.443406 -0.000430 0.999761 0.021850 0.503922 -1.000000 -0.000437 0.000318 3.857856
-0.016603 -0.020709 0.999648 24.118093 -0.000268 0.999786 0.020708 0.503302 -0.999862 0.000076 -0.016605 3.760038
-0.033529 -0.019541 0.999247 24.799852 -0.000082 0.999809 0.019549 0.501801 -0.999438 0.000573 -0.033524 3.652598
-0.050249 -0.018349 0.998568 25.488725 0.000126 0.999831 0.018379 0.499406 -0.998737 0.001050 -0.050238 3.535864
-0.066749 -0.017138 0.997623 26.184493 0.000358 0.999852 0.017200 0.496095 -0.997770 0.001505 -0.066733 3.409753
-0.083016 -0.015909 0.996421 26.886936 0.000611 0.999872 0.016015 0.491850 -0.996548 0.001938 -0.082996 3.274190
-0.099039 -0.014665 0.994975 27.595836 0.000885 0.999890 0.014825 0.486651 -0.995083 0.002348 -0.099015 3.129114
-0.114807 -0.013408 0.993297 28.310975 0.001179 0.999906 0.013633 0.480483 -0.993387 0.002736 -0.114780 2.974477
-0.130309 -0.012141 0.991399 29.032140 0.001492 0.999921 0.012441 0.473332 -0.991472 0.003101 -0.130280 2.810240
-0.145534 -0.010866 0.989294 29.759115 0.001825 0.999935 0.011252 0.465184 -0.989352 0.003443 -0.145505 2.636379
-0.160474 -0.009586 0.986993 30.491690 0.002176 0.999947 0.010066 0.456028 -0.987038 0.003763 -0.160445 2.452882
-0.175119 -0.008303 0.984512 31.229655 0.002544 0.999957 0.008886 0.445854 -0.984544 0.004061 -0.175091 2.259751
-0.189459 -0.007019 0.981863 31.972803 0.002929 0.999966 0.007714 0.434655 -0.981884 0.004337 -0.189432 2.056998
-0.203486 -0.005737 0.979061 32.720932 0.003329 0.999973 0.006551 0.422424 -0.979072 0.004593 -0.203462 1.844654
-0.217192 -0.004458 0.976119 33.473839 0.003745 0.999978 0.005400 0.409157 -0.976122 0.004828 -0.217170 1.622759
-0.230567 -0.003185 0.973051 34.231329 0.004174 0.999982 0.004262 0.394851 -0.973047 0.005044 -0.230550 1.391370
-0.243605 -0.001920 0.969873 34.993208 0.004615 0.999984 0.003139 0.379504 -0.969864 0.005241 -0.243592 1.150558
-0.256298 -0.000666 0.966598 35.759287 0.005068 0.999985 0.002033 0.363119 -0.966585 0.005420 -0.256290 0.900405
-0.268639 0.000575 0.963241 36.529379 0.005531 0.999984 0.000945 0.345698 -0.963225 0.005581 -0.268638 0.641012
-0.280622 0.001802 0.959817 37.303304 0.006001 0.999982 -0.000123 0.327246 -0.959800 0.005726 -0.280628 0.372489
-0.292241 0.003012 0.956340 38.080885 0.006479 0.999978 -0.001169 0.307770 -0.956323 0.005855 -0.292255 0.094962
-0.303492 0.004202 0.952825 38.861950 0.006963 0.999973 -0.002192 0.287279 -0.952809 0.005969 -0.303513 -0.191432
-0.314368 0.005371 0.949286 39.646332 0.007450 0.999967 -0.003191 0.265783 -0.949272 0.006069 -0.314398 -0.486542
-0.324867 0.006517 0.945737 40.433867 0.007939 0.999960 -0.004163 0.243296 -0.945726 0.006155 -0.324905 -0.790205
-0.334983 0.007637 0.942193 41.224399 0.008428 0.999951 -0.005109 0.219830 -0.942186 0.006230 -0.335031 -1.102245
-0.344715 0.008731 0.938667 42.017776 0.008916 0.999942 -0.006026 0.195403 -0.938665 0.006292 -0.344773 -1.422478
-0.354060 0.009795 0.935171 42.813850 0.009400 0.999932 -0.006914 0.170033 -0.935176 0.006342 -0.354128 -1.750706
-0.363016 0.010828 0.931720 43.612483 0.009878 0.999921 -0.007771 0.143738 -0.931731 0.006382 -0.363094 -2.086725
-0.371581 0.011827 0.928325 44.413538 0.010349 0.999909 -0.008597 0.116542 -0.928343 0.006412 -0.371670 -2.430317
-0.379762 0.012792 0.924996 45.216888 0.010810 0.999897 -0.009390 0.088466 -0.925021 0.006433 -0.379861 -2.781261
-0.387564 0.013721 0.921741 46.022409 0.011259 0.999885 -0.010150 0.059536 -0.921774 0.006444 -0.387674 -3.139325
-0.394995 0.014611 0.918567 46.829987 0.011695 0.999872 -0.010875 0.029778 -0.918609 0.006447 -0.395115 -3.504271
-0.402060 0.015462 0.915483 47.639511 0.012116 0.999860 -0.011565 -0.000779 -0.915533 0.006442 -0.402191 -3.875857
-0.408765 0.016272 0.912495 48.450878 0.012521 0.999847 -0.012220 -0.032107 -0.912554 0.006430 -0.408906 -4.253835
-0.415117 0.017040 0.909608 49.263992 0.012908 0.999834 -0.012839 -0.064174 -0.909676 0.006411 -0.415269 -4.637954
-0.421123 0.017766 0.906830 50.078760 0.013276 0.999822 -0.013422 -0.096949 -0.906906 0.006387 -0.421284 -5.027956
-0.426788 0.018448 0.904163 50.895098 0.013626 0.999810 -0.013968 -0.130399 -0.904249 0.006359 -0.426958 -5.423584
-0.432120 0.019087 0.901614 51.712927 0.013955 0.999798 -0.014477 -0.164491 -0.901708 0.006327 -0.432299 -5.824576
-0.437124 0.019682 0.899186 52.532173 0.014265 0.999786 -0.014950 -0.199191 -0.899288 0.006291 -0.437311 -6.230667
-0.441807 0.020236 0.896882 53.352765 0.014553 0.999776 -0.015389 -0.234466 -0.896992 0.006254 -0.442002 -6.641590
-0.446175 0.020749 0.894705 54.174640 0.014821 0.999765 -0.015795 -0.270282 -0.894823 0.006213 -0.446378 -7.057079
-0.450236 0.021223 0.892657 54.997738 0.015067 0.999756 -0.016169 -0.306607 -0.892782 0.006170 -0.450446 -7.476862
-0.453996 0.021657 0.890741 55.822005 0.015292 0.999747 -0.016513 -0.343410 -0.890873 0.006125 -0.454212 -7.900671
-0.457461 0.022053 0.888956 56.647388 0.015496 0.999738 -0.016827 -0.380657 -0.889095 0.006077 -0.457683 -8.328236
-0.460639 0.022412 0.887305 57.473841 0.015678 0.999731 -0.017113 -0.418318 -0.887449 0.006029 -0.460866 -8.759287
-0.463535 0.022736 0.885787 58.301320 0.015840 0.999724 -0.017371 -0.456364 -0.885937 0.005978 -0.463767 -9.193554
-0.466156 0.023024 0.884403 59.129783 0.015980 0.999717 -0.017603 -0.494762 -0.884558 0.005927 -0.466392 -9.630768
-0.468509 0.023279 0.883152 59.959190 0.016101 0.999712 -0.017810 -0.533485 -0.883312 0.005875 -0.468748 -10.070662
-0.470598 0.023503 0.882035 60.789504 0.016202 0.999707 -0.017994 -0.572504 -0.882199 0.005823 -0.470841 -10.512967
-0.472430 0.023696 0.881050 61.620688 0.016284 0.999703 -0.018155 -0.611791 -0.881218 0.005770 -0.472675 -10.957416
-0.474010 0.023861 0.880196 62.452708 0.016349 0.999699 -0.018296 -0.651319 -0.880367 0.005718 -0.474258 -11.403743
-0.475344 0.023998 0.879472 63.285532 0.016396 0.999696 -0.018417 -0.691063 -0.879647 0.005666 -0.475593 -11.851685
-0.476438 0.024110 0.878878 64.119125 0.016427 0.999694 -0.018519 -0.730997 -0.879055 0.005614 -0.476688 -12.300979
-0.477295 0.024197 0.878410 64.953459 0.016441 0.999692 -0.018604 -0.771098 -0.878589 0.005562 -0.477546 -12.751363
-0.477922 0.024261 0.878067 65.788503 0.016440 0.999690 -0.018674 -0.811341 -0.878248 0.005511 -0.478173 -13.202579
-0.478323 0.024304 0.877848 66.624227 0.016423 0.999690 -0.018729 -0.851706 -0.878031 0.005458 -0.478573 -13.654373
-0.478502 0.024327 0.877749 67.460605 0.016391 0.999689 -0.018771 -0.892172 -0.877933 0.005406 -0.478752 -14.106492
-0.478464 0.024332 0.877770 68.297611 0.016345 0.999690 -0.018801 -0.932719 -0.877955 0.005352 -0.478713 -14.558687
-0.478213 0.024319 0.877907 69.135220 0.016285 0.999690 -0.018821 -0.973329 -0.878093 0.005296 -0.478461 -15.010713
-0.477754 0.024291 0.878158 69.973410 0.016212 0.999691 -0.018833 -1.013986 -0.878344 0.005239 -0.478000 -15.462327
-0.477090 0.024248 0.878520 70.812159 0.016124 0.999693 -0.018836 -1.054673 -0.878707 0.005179 -0.477334 -15.913294
-0.476225 0.024192 0.878990 71.651449 0.016022 0.999694 -0.018833 -1.095377 -0.879177 0.005114 -0.476467 -16.363381
-0.475165 0.024123 0.879566 72.491263 0.015906 0.999696 -0.018824 -1.136084 -0.879753 0.005046 -0.475404 -16.812362
-0.473914 0.024042 0.880243 73.331586 0.015776 0.999699 -0.018811 -1.176782 -0.880430 0.004972 -0.474150 -17.260015
-0.472476 0.023951 0.881018 74.172403 0.015631 0.999701 -0.018794 -1.217460 -0.881205 0.004891 -0.472709 -17.706126
-0.470857 0.023850 0.881887 75.013702 0.015472 0.999704 -0.018775 -1.258109 -0.882074 0.004804 -0.471086 -18.150489
-0.469061 0.023740 0.882847 75.855473 0.015300 0.999707 -0.018754 -1.298719 -0.883033 0.004711 -0.469286 -18.592903
-0.467093 0.023622 0.883893 76.697707 0.015113 0.999710 -0.018731 -1.339281 -0.884079 0.004609 -0.467315 -19.033176
-0.464958 0.023497 0.885021 77.540398 0.014914 0.999714 -0.018707 -1.379789 -0.885207 0.004501 -0.465175 -19.471120
-0.462661 0.023366 0.886227 78.383539 0.014701 0.999717 -0.018684 -1.420236 -0.886413 0.004385 -0.462874 -19.906558
-0.460206 0.023230 0.887508 79.227125 0.014477 0.999721 -0.018660 -1.460618 -0.887694 0.004261 -0.460414 -20.339317
-0.457598 0.023088 0.888859 80.071154 0.014240 0.999725 -0.018637 -1.500928 -0.889045 0.004129 -0.457801 -20.769232
-0.454842 0.022943 0.890277 80.915622 0.013993 0.999729 -0.018615 -1.541164 -0.890462 0.003991 -0.455039 -21.196144
-0.451941 0.022794 0.891757 81.760527 0.013734 0.999733 -0.018594 -1.581321 -0.891942 0.003844 -0.452133 -21.619901
-0.448900 0.022644 0.893295 82.605869 0.013466 0.999737 -0.018575 -1.621399 -0.893480 0.003691 -0.449087 -22.040358
-0.445724 0.022493 0.894888 83.451648 0.013189 0.999741 -0.018559 -1.661394 -0.895073 0.003530 -0.445905 -22.457374
-0.442416 0.022342 0.896532 84.297862 0.012904 0.999745 -0.018546 -1.701307 -0.896717 0.003364 -0.442591 -22.870818
-0.438980 0.022192 0.898223 85.144513 0.012613 0.999749 -0.018536 -1.741137 -0.898408 0.003193 -0.439150 -23.280561
-0.435420 0.022045 0.899957 85.991601 0.012316 0.999752 -0.018530 -1.780886 -0.900143 0.003016 -0.435584 -23.686481
-0.431740 0.021901 0.901732 86.839124 0.012015 0.999756 -0.018529 -1.820555 -0.901918 0.002834 -0.431898 -24.088461
-0.427944 0.021762 0.903543 87.687083 0.011709 0.999760 -0.018533 -1.860146 -0.903729 0.002648 -0.428096 -24.486390
-0.424037 0.021629 0.905387 88.535476 0.011400 0.999763 -0.018544 -1.899664 -0.905573 0.002458 -0.424183 -24.880161
-0.420021 0.021502 0.907260 89.384300 0.011089 0.999766 -0.018561 -1.939112 -0.907447 0.002265 -0.420161 -25.269675
-0.415901 0.021384 0.909158 90.233551 0.010777 0.999769 -0.018585 -1.978496 -0.909346 0.002069 -0.416036 -25.654835
-0.411682 0.021274 0.911079 91.083224 0.010465 0.999772 -0.018616 -2.017822 -0.911267 0.001870 -0.411811 -26.035551
-0.407367 0.021174 0.913019 91.933311 0.010152 0.999774 -0.018657 -2.057097 -0.913208 0.001669 -0.407490 -26.411738
-0.402961 0.021085 0.914974 92.783805 0.009839 0.999777 -0.018706 -2.096326 -0.915164 0.001465 -0.403078 -26.783313
-0.398468 0.021007 0.916942 93.634696 0.009527 0.999779 -0.018764 -2.135520 -0.917133 0.001259 -0.398580 -27.150203
-0.393893 0.020940 0.918918 94.485971 0.009216 0.999780 -0.018832 -2.174684 -0.919110 0.001051 -0.394000 -27.512337
-0.389241 0.020884 0.920899 95.337619 0.008906 0.999782 -0.018909 -2.213828 -0.921093 0.000841 -0.389342 -27.869650
-0.384515 0.020840 0.922883 96.189623 0.008598 0.999783 -0.018994 -2.252959 -0.923079 0.000631 -0.384611 -28.222084
-0.379721 0.020808 0.924867 97.041968 0.008292 0.999783 -0.019089 -2.292086 -0.925064 0.000421 -0.379812 -28.569583
-0.374864 0.020787 0.926847 97.894633 0.007989 0.999784 -0.019191 -2.331215 -0.927045 0.000211 -0.374949 -28.912099
-0.369947 0.020778 0.928820 98.747598 0.007689 0.999784 -0.019303 -2.370356 -0.929021 0.000001 -0.370027 -29.249586
-0.364977 0.020781 0.930785 99.600840 0.007393 0.999784 -0.019423 -2.409516 -0.930987 -0.000208 -0.365051 -29.582006
-0.359956 0.020796 0.932737 100.454334 0.007100 0.999784 -0.019551 -2.448704 -0.932942 -0.000416 -0.360026 -29.909324
-0.354891 0.020824 0.934676 101.308055 0.006810 0.999783 -0.019689 -2.487927 -0.934883 -0.000622 -0.354956 -30.231509
-0.349786 0.020863 0.936597 102.161974 0.006523 0.999782 -0.019834 -2.527193 -0.936807 -0.000828 -0.349846 -30.548537
-0.344647 0.020914 0.938499 103.016062 0.006240 0.999781 -0.019988 -2.566510 -0.938712 -0.001032 -0.344702 -30.860389
-0.339477 0.020975 0.940380 103.870288 0.005960 0.999779 -0.020149 -2.605887 -0.940595 -0.001236 -0.339527 -31.167049
-0.334282 0.021048 0.942238 104.724618 0.005683 0.999777 -0.020317 -2.645329 -0.942456 -0.001437 -0.334327 -31.468507
-0.329067 0.021131 0.944070 105.579019 0.005408 0.999775 -0.020493 -2.684844 -0.944291 -0.001638 -0.329107 -31.764758
-0.323834 0.021226 0.945876 106.433452 0.005137 0.999773 -0.020676 -2.724438 -0.946100 -0.001837 -0.323870 -32.055801
-0.318590 0.021330 0.947653 107.287880 0.004870 0.999770 -0.020866 -2.764119 -0.947880 -0.002033 -0.318620 -32.341640
-0.313336 0.021446 0.949400 108.142264 0.004606 0.999768 -0.021064 -2.803893 -0.949631 -0.002227 -0.313362 -32.622280
-0.308078 0.021572 0.951116 108.996561 0.004347 0.999764 -0.021268 -2.843765 -0.951351 -0.002418 -0.308099 -32.897732
-0.302817 0.021709 0.952801 109.850729 0.004092 0.999761 -0.021478 -2.883742 -0.953040 -0.002605 -0.302834 -33.168008
-0.297557 0.021855 0.954454 110.704722 0.003843 0.999757 -0.021694 -2.923826 -0.954696 -0.002788 -0.297569 -33.433124
-0.292300 0.022010 0.956073 111.558495 0.003598 0.999753 -0.021916 -2.964024 -0.956320 -0.002966 -0.292308 -33.693098
-0.287049 0.022174 0.957659 112.412000 0.003360 0.999749 -0.022142 -3.004338 -0.957910 -0.003138 -0.287051 -33.947948
-0.281804 0.022347 0.959212 113.265186 0.003128 0.999745 -0.022372 -3.044770 -0.959467 -0.003304 -0.281802 -34.197696
-0.276566 0.022527 0.960731 114.118001 0.002904 0.999740 -0.022606 -3.085324 -0.960990 -0.003462 -0.276560 -34.442365
-0.271338 0.022715 0.962216 114.970392 0.002687 0.999735 -0.022843 -3.126001 -0.962481 -0.003612 -0.271327 -34.681978
-0.266118 0.022910 0.963668 115.822304 0.002480 0.999730 -0.023082 -3.166800 -0.963937 -0.003753 -0.266103 -34.916558
-0.260906 0.023111 0.965087 116.673680 0.002282 0.999725 -0.023324 -3.207725 -0.965361 -0.003883 -0.260887 -35.146128
-0.255703 0.023319 0.966474 117.524461 0.002094 0.999720 -0.023568 -3.248773 -0.966753 -0.004003 -0.255681 -35.370711
-0.250508 0.023533 0.967828 118.374588 0.001915 0.999715 -0.023813 -3.289945 -0.968113 -0.004112 -0.250482 -35.590328
-0.245319 0.023752 0.969151 119.223999 0.001746 0.999709 -0.024059 -3.331240 -0.969441 -0.004210 -0.245289 -35.805000
-0.240137 0.023978 0.970443 120.072630 0.001586 0.999703 -0.024308 -3.372658 -0.970738 -0.004298 -0.240103 -36.014746
-0.234959 0.024208 0.971704 120.920417 0.001436 0.999697 -0.024559 -3.414197 -0.972004 -0.004375 -0.234923 -36.219586
-0.229786 0.024445 0.972934 121.767294 0.001294 0.999691 -0.024811 -3.455856 -0.973240 -0.004442 -0.229746 -36.419537
-0.224615 0.024686 0.974135 122.613193 0.001161 0.999685 -0.025066 -3.497634 -0.974447 -0.004500 -0.224573 -36.614619
-0.219448 0.024933 0.975306 123.458048 0.001036 0.999679 -0.025324 -3.539530 -0.975624 -0.004547 -0.219403 -36.804849
-0.214282 0.025186 0.976447 124.301787 0.000918 0.999672 -0.025583 -3.581542 -0.976771 -0.004586 -0.214235 -36.990243
-0.209118 0.025443 0.977559 125.144342 0.000807 0.999666 -0.025846 -3.623670 -0.977890 -0.004616 -0.209069 -37.170819
-0.203955 0.025705 0.978643 125.985641 0.000701 0.999659 -0.026110 -3.665910 -0.978980 -0.004639 -0.203904 -37.346592
-0.198793 0.025970 0.979697 126.825614 0.000600 0.999652 -0.026377 -3.708262 -0.980041 -0.004655 -0.198739 -37.517580
-0.193632 0.026239 0.980723 127.664187 0.000503 0.999645 -0.026646 -3.750723 -0.981074 -0.004666 -0.193576 -37.683799
-0.188472 0.026510 0.981721 128.501290 0.000408 0.999638 -0.026916 -3.793291 -0.982079 -0.004672 -0.188414 -37.845265
-0.183312 0.026784 0.982690 129.336850 0.000315 0.999630 -0.027187 -3.835962 -0.983055 -0.004674 -0.183253 -38.001997
-0.178154 0.027057 0.983631 130.170796 0.000224 0.999623 -0.027457 -3.878734 -0.984003 -0.004671 -0.178093 -38.154013
-0.172997 0.027331 0.984543 131.003058 0.000133 0.999616 -0.027726 -3.921602 -0.984922 -0.004666 -0.172934 -38.301331
-0.167841 0.027603 0.985427 131.833564 0.000042 0.999608 -0.027993 -3.964561 -0.985814 -0.004657 -0.167777 -38.443971
-0.162688 0.027873 0.986284 132.662245 -0.000049 0.999601 -0.028257 -4.007606 -0.986678 -0.004645 -0.162621 -38.581953
-0.157536 0.028139 0.987112 133.489033 -0.000141 0.999593 -0.028517 -4.050731 -0.987513 -0.004632 -0.157468 -38.715297
-0.152386 0.028401 0.987913 134.313861 -0.000234 0.999586 -0.028772 -4.093929 -0.988321 -0.004616 -0.152316 -38.844024
-0.147238 0.028656 0.988686 135.136662 -0.000329 0.999579 -0.029021 -4.137192 -0.989101 -0.004598 -0.147166 -38.968156
-0.142090 0.028904 0.989432 135.957371 -0.000425 0.999572 -0.029262 -4.180514 -0.989854 -0.004578 -0.142016 -39.087713
-0.136941 0.029145 0.990150 136.775925 -0.000523 0.999565 -0.029494 -4.223885 -0.990579 -0.004556 -0.136866 -39.202715
-0.131790 0.029376 0.990842 137.592261 -0.000622 0.999558 -0.029717 -4.267295 -0.991277 -0.004533 -0.131714 -39.313182
-0.126636 0.029598 0.991508 138.406318 -0.000724 0.999552 -0.029930 -4.310736 -0.991949 -0.004508 -0.126558 -39.419131
-0.121476 0.029809 0.992147 139.218037 -0.000828 0.999546 -0.030133 -4.354196 -0.992594 -0.004482 -0.121396 -39.520579
-0.116307 0.030008 0.992760 140.027360 -0.000935 0.999540 -0.030323 -4.397666 -0.993213 -0.004454 -0.116226 -39.617540
-0.111128 0.030195 0.993347 140.834232 -0.001044 0.999534 -0.030500 -4.441133 -0.993806 -0.004426 -0.111045 -39.710029
-0.105935 0.030368 0.993909 141.638598 -0.001157 0.999529 -0.030663 -4.484587 -0.994372 -0.004398 -0.105850 -39.798057
-0.100724 0.030526 0.994446 142.440406 -0.001272 0.999524 -0.030811 -4.528013 -0.994914 -0.004368 -0.100637 -39.881632
-0.095492 0.030669 0.994958 143.239607 -0.001390 0.999520 -0.030943 -4.571399 -0.995429 -0.004338 -0.095403 -39.960762
-0.090235 0.030796 0.995444 144.036154 -0.001511 0.999516 -0.031059 -4.614730 -0.995919 -0.004306 -0.090145 -40.035451
-0.084949 0.030905 0.995906 144.830001 -0.001634 0.999513 -0.031156 -4.657993 -0.996384 -0.004274 -0.084858 -40.105701
-0.079631 0.030996 0.996342 145.621107 -0.001760 0.999511 -0.031235 -4.701173 -0.996823 -0.004240 -0.079537 -40.171509
-0.074276 0.031068 0.996754 146.409432 -0.001888 0.999508 -0.031295 -4.744252 -0.997236 -0.004206 -0.074181 -40.232872
-0.068880 0.031120 0.997139 147.194942 -0.002018 0.999507 -0.031333 -4.787216 -0.997623 -0.004170 -0.068783 -40.289784
-0.063440 0.031150 0.997499 147.977602 -0.002150 0.999506 -0.031349 -4.830048 -0.997983 -0.004134 -0.063342 -40.342235
-0.057952 0.031157 0.997833 148.757383 -0.002285 0.999506 -0.031342 -4.872728 -0.998317 -0.004096 -0.057852 -40.390213
-0.052414 0.031140 0.998140 149.534259 -0.002423 0.999507 -0.031310 -4.915241 -0.998623 -0.004059 -0.052312 -40.433706
-0.046822 0.031098 0.998419 150.308206 -0.002563 0.999508 -0.031252 -4.957565 -0.998900 -0.004022 -0.046720 -40.472698
-0.041176 0.031030 0.998670 151.079202 -0.002706 0.999511 -0.031168 -4.999683 -0.999148 -0.003986 -0.041072 -40.507174
-0.035473 0.030936 0.998892 151.847230 -0.002852 0.999514 -0.031056 -5.041575 -0.999367 -0.003951 -0.035368 -40.537116
-0.029713 0.030814 0.999083 152.612275 -0.003001 0.999517 -0.030917 -5.083222 -0.999554 -0.003917 -0.029607 -40.562508
-0.023896 0.030666 0.999244 153.374327 -0.003153 0.999522 -0.030750 -5.124602 -0.999709 -0.003886 -0.023788 -40.583332
-0.018021 0.030490 0.999373 154.133376 -0.003309 0.999528 -0.030554 -5.165698 -0.999832 -0.003857 -0.017911 -40.599571
-0.012089 0.030287 0.999468 154.889419 -0.003468 0.999534 -0.030331 -5.206487 -0.999921 -0.003832 -0.011978 -40.611207
-0.006102 0.030056 0.999530 155.642453 -0.003630 0.999541 -0.030079 -5.246952 -0.999975 -0.003812 -0.005990 -40.618224
-0.000061 0.029799 0.999556 156.392480 -0.003797 0.999549 -0.029799 -5.287072 -0.999993 -0.003797 0.000052 -40.620605
0.006031 0.029515 0.999546 157.139506 -0.003968 0.999557 -0.029491 -5.326829 -0.999974 -0.003788 0.006146 -40.618338
0.012172 0.029203 0.999499 157.883539 -0.004142 0.999566 -0.029155 -5.366203 -0.999917 -0.003785 0.012287 -40.611411
0.018357 0.028865 0.999415 158.624593 -0.004320 0.999576 -0.028791 -5.405175 -0.999822 -0.003789 0.018474 -40.599813
0.024585 0.028501 0.999291 159.362684 -0.004500 0.999587 -0.028398 -5.443727 -0.999688 -0.003799 0.024703 -40.583536
0.030850 0.028109 0.999129 160.097832 -0.004682 0.999598 -0.027978 -5.481841 -0.999513 -0.003815 0.030969 -40.562577
0.037149 0.027691 0.998926 160.830061 -0.004866 0.999609 -0.027529 -5.519499 -0.999298 -0.003838 0.037269 -40.536930
0.043478 0.027246 0.998683 161.559398 -0.005050 0.999621 -0.027051 -5.556682 -0.999042 -0.003867 0.043599 -40.506597
0.049832 0.026772 0.998399 162.285877 -0.005234 0.999634 -0.026544 -5.593373 -0.998744 -0.003903 0.049953 -40.471576
0.056207 0.026271 0.998073 163.009531 -0.005418 0.999647 -0.026007 -5.629553 -0.998404 -0.003945 0.056329 -40.431873
0.062599 0.025740 0.997707 163.730402 -0.005599 0.999661 -0.025439 -5.665204 -0.998023 -0.003994 0.062722 -40.387491
0.069003 0.025180 0.997299 164.448530 -0.005777 0.999675 -0.024841 -5.700308 -0.997600 -0.004048 0.069127 -40.338438
0.075417 0.024592 0.996849 165.163963 -0.005952 0.999689 -0.024212 -5.734847 -0.997134 -0.004107 0.075540 -40.284723
0.081837 0.023975 0.996357 165.876748 -0.006121 0.999704 -0.023552 -5.768801 -0.996627 -0.004171 0.081959 -40.226357
0.088258 0.023329 0.995824 166.586940 -0.006283 0.999719 -0.022863 -5.802154 -0.996078 -0.004239 0.088380 -40.163351
0.094678 0.022655 0.995250 167.294592 -0.006438 0.999734 -0.022145 -5.834887 -0.995487 -0.004311 0.094799 -40.095716
0.101095 0.021954 0.994635 167.999764 -0.006585 0.999749 -0.021397 -5.866984 -0.994855 -0.004387 0.101214 -40.023466
0.107504 0.021226 0.993978 168.702516 -0.006724 0.999765 -0.020622 -5.898428 -0.994182 -0.004467 0.107622 -39.946613
0.113904 0.020472 0.993281 169.402913 -0.006854 0.999780 -0.019820 -5.929203 -0.993468 -0.004550 0.114020 -39.865172
0.120293 0.019694 0.992543 170.101020 -0.006974 0.999795 -0.018992 -5.959294 -0.992714 -0.004637 0.120406 -39.779156
0.126668 0.018891 0.991765 170.796908 -0.007083 0.999810 -0.018140 -5.988687 -0.991920 -0.004727 0.126778 -39.688579
0.133026 0.018066 0.990948 171.490646 -0.007183 0.999825 -0.017263 -6.017367 -0.991087 -0.004822 0.133133 -39.593456
0.139365 0.017219 0.990091 172.182308 -0.007272 0.999840 -0.016365 -6.045320 -0.990214 -0.004920 0.139468 -39.493800
0.145683 0.016353 0.989196 172.871969 -0.007352 0.999854 -0.015446 -6.072536 -0.989304 -0.005022 0.145782 -39.389627
0.151975 0.015467 0.988263 173.559707 -0.007421 0.999867 -0.014507 -6.099000 -0.988356 -0.005129 0.152070 -39.280952
0.158239 0.014563 0.987293 174.245603 -0.007480 0.999880 -0.013550 -6.124704 -0.987373 -0.005241 0.158329 -39.167793
0.164470 0.013643 0.986288 174.929740 -0.007530 0.999893 -0.012575 -6.149635 -0.986353 -0.005359 0.164555 -39.050168
0.170664 0.012706 0.985247 175.612201 -0.007571 0.999904 -0.011584 -6.173784 -0.985300 -0.005482 0.170743 -38.928098
0.176816 0.011755 0.984174 176.293074 -0.007602 0.999915 -0.010577 -6.197142 -0.984215 -0.005611 0.176890 -38.801606
0.182921 0.010789 0.983068 176.972447 -0.007623 0.999925 -0.009556 -6.219700 -0.983098 -0.005746 0.182989 -38.670717
0.188974 0.009812 0.981933 177.650412 -0.007636 0.999935 -0.008522 -6.241451 -0.981952 -0.005888 0.189036 -38.535461
0.194969 0.008823 0.980770 178.327060 -0.007641 0.999943 -0.007476 -6.262387 -0.980780 -0.006036 0.195025 -38.395868
0.200899 0.007823 0.979581 179.002485 -0.007636 0.999950 -0.006420 -6.282502 -0.979582 -0.006190 0.200949 -38.251974
0.206760 0.006815 0.978368 179.676782 -0.007623 0.999957 -0.005354 -6.301791 -0.978362 -0.006351 0.206803 -38.103816
0.212545 0.005799 0.977134 180.350045 -0.007602 0.999962 -0.004281 -6.320248 -0.977122 -0.006518 0.212581 -37.951436
0.218247 0.004776 0.975882 181.022371 -0.007574 0.999966 -0.003200 -6.337870 -0.975864 -0.006692 0.218276 -37.794879
0.223862 0.003749 0.974614 181.693855 -0.007538 0.999969 -0.002115 -6.354654 -0.974592 -0.006873 0.223883 -37.634195
0.229382 0.002717 0.973333 182.364590 -0.007496 0.999971 -0.001025 -6.370596 -0.973308 -0.007061 0.229396 -37.469434
0.234802 0.001683 0.972042 183.034673 -0.007449 0.999972 0.000067 -6.385696 -0.972015 -0.007256 0.234809 -37.300654
0.240118 0.000649 0.970743 183.704195 -0.007396 0.999972 0.001161 -6.399953 -0.970716 -0.007458 0.240116 -37.127912
0.245323 -0.000384 0.969441 184.373251 -0.007339 0.999971 0.002254 -6.413367 -0.969414 -0.007668 0.245313 -36.951273
0.250414 -0.001415 0.968138 185.041931 -0.007278 0.999968 0.003345 -6.425939 -0.968111 -0.007884 0.250396 -36.770800
0.255386 -0.002443 0.966836 185.710327 -0.007215 0.999964 0.004433 -6.437672 -0.966812 -0.008107 0.255359 -36.586562
0.260235 -0.003466 0.965539 186.378529 -0.007148 0.999959 0.005516 -6.448567 -0.965519 -0.008338 0.260200 -36.398630
0.264959 -0.004484 0.964249 187.046625 -0.007080 0.999953 0.006595 -6.458628 -0.964234 -0.008575 0.264914 -36.207076
0.269554 -0.005495 0.962970 187.714704 -0.007011 0.999946 0.007668 -6.467858 -0.962960 -0.008819 0.269501 -36.011974
0.274019 -0.006499 0.961702 188.382851 -0.006942 0.999938 0.008736 -6.476263 -0.961699 -0.009070 0.273957 -35.813399
0.278351 -0.007497 0.960450 189.051151 -0.006873 0.999928 0.009797 -6.483846 -0.960455 -0.009328 0.278280 -35.611429
0.282551 -0.008487 0.959215 189.719686 -0.006804 0.999918 0.010852 -6.490614 -0.959228 -0.009593 0.282470 -35.406140
0.286616 -0.009470 0.957999 190.388539 -0.006737 0.999906 0.011900 -6.496570 -0.958022 -0.009865 0.286525 -35.197612
0.290547 -0.010446 0.956804 191.057786 -0.006671 0.999894 0.012942 -6.501721 -0.956837 -0.010143 0.290447 -34.985924
0.294345 -0.011413 0.955631 191.727506 -0.006606 0.999881 0.013976 -6.506072 -0.955676 -0.010427 0.294234 -34.771154
0.298010 -0.012373 0.954483 192.397771 -0.006544 0.999866 0.015004 -6.509627 -0.954540 -0.010717 0.297889 -34.553380
0.301544 -0.013325 0.953359 193.068653 -0.006484 0.999851 0.016025 -6.512393 -0.953430 -0.011014 0.301413 -34.332679
0.304949 -0.014269 0.952262 193.740221 -0.006428 0.999834 0.017040 -6.514375 -0.952347 -0.011318 0.304806 -34.109127
0.308227 -0.015206 0.951191 194.412541 -0.006376 0.999817 0.018049 -6.515576 -0.951291 -0.011628 0.308074 -33.882799
0.311381 -0.016134 0.950148 195.085675 -0.006328 0.999798 0.019051 -6.516002 -0.950264 -0.011945 0.311217 -33.653766
0.314415 -0.017055 0.949132 195.759681 -0.006286 0.999779 0.020047 -6.515658 -0.949265 -0.012269 0.314239 -33.422098
0.317333 -0.017966 0.948144 196.434616 -0.006249 0.999759 0.021035 -6.514547 -0.948294 -0.012600 0.317144 -33.187865
0.320137 -0.018865 0.947184 197.110529 -0.006220 0.999738 0.022014 -6.512674 -0.947351 -0.012939 0.319935 -32.951131
0.322831 -0.019753 0.946250 197.787471 -0.006198 0.999717 0.022984 -6.510046 -0.946436 -0.013285 0.322617 -32.711962
0.325420 -0.020628 0.945345 198.465486 -0.006185 0.999694 0.023943 -6.506666 -0.945549 -0.013639 0.325193 -32.470419
0.327907 -0.021490 0.944465 199.144616 -0.006182 0.999671 0.024892 -6.502543 -0.944690 -0.014001 0.327667 -32.226560
0.330296 -0.022338 0.943613 199.824900 -0.006188 0.999647 0.025831 -6.497681 -0.943857 -0.014371 0.330042 -31.980444
0.332591 -0.023173 0.942786 200.506375 -0.006205 0.999623 0.026758 -6.492087 -0.943051 -0.014749 0.332322 -31.732127
0.334795 -0.023993 0.941986 201.189071 -0.006233 0.999598 0.027675 -6.485769 -0.942271 -0.015136 0.334510 -31.481661
0.336910 -0.024798 0.941210 201.873018 -0.006272 0.999572 0.028581 -6.478731 -0.941516 -0.015532 0.336611 -31.229101
0.338942 -0.025589 0.940459 202.558241 -0.006323 0.999546 0.029475 -6.470981 -0.940786 -0.015937 0.338626 -30.974495
0.340892 -0.026365 0.939733 203.244761 -0.006386 0.999519 0.030359 -6.462522 -0.940081 -0.016350 0.340560 -30.717892
0.342765 -0.027126 0.939030 203.932598 -0.006462 0.999491 0.031231 -6.453362 -0.939399 -0.016773 0.342415 -30.459341
0.344562 -0.027872 0.938350 204.621765 -0.006551 0.999463 0.032093 -6.443506 -0.938741 -0.017205 0.344194 -30.198885
0.346287 -0.028603 0.937692 205.312275 -0.006653 0.999435 0.032943 -6.432959 -0.938105 -0.017646 0.345901 -29.936571
0.347944 -0.029319 0.937057 206.004138 -0.006768 0.999406 0.033782 -6.421727 -0.937491 -0.018096 0.347539 -29.672440
0.349535 -0.030019 0.936442 206.697357 -0.006896 0.999377 0.034611 -6.409815 -0.936898 -0.018555 0.349111 -29.406535
0.351065 -0.030705 0.935848 207.391936 -0.007036 0.999347 0.035428 -6.397228 -0.936325 -0.019022 0.350620 -29.138894
0.352537 -0.031376 0.935272 208.087872 -0.007188 0.999317 0.036235 -6.383971 -0.935770 -0.019497 0.352070 -28.869557
0.353954 -0.032033 0.934714 208.785160 -0.007353 0.999287 0.037030 -6.370049 -0.935234 -0.019980 0.353466 -28.598558
0.355322 -0.032674 0.934173 209.483791 -0.007529 0.999256 0.037814 -6.355468 -0.934714 -0.020469 0.354812 -28.325931
0.356645 -0.033300 0.933646 210.183755 -0.007715 0.999225 0.038586 -6.340231 -0.934208 -0.020965 0.356112 -28.051707
0.357928 -0.033912 0.933133 210.885036 -0.007912 0.999194 0.039348 -6.324345 -0.933716 -0.021467 0.357371 -27.775913
0.359175 -0.034510 0.932632 211.587615 -0.008119 0.999163 0.040099 -6.307813 -0.933235 -0.021974 0.358594 -27.498573
0.360392 -0.035094 0.932140 212.291471 -0.008335 0.999131 0.040838 -6.290639 -0.932764 -0.022487 0.359787 -27.219709
0.361585 -0.035663 0.931657 212.996578 -0.008561 0.999099 0.041568 -6.272828 -0.932300 -0.023006 0.360954 -26.939336
0.362759 -0.036220 0.931179 213.702910 -0.008795 0.999067 0.042287 -6.254384 -0.931841 -0.023530 0.362102 -26.657469
0.363920 -0.036763 0.930705 214.410437 -0.009038 0.999034 0.042996 -6.235311 -0.931386 -0.024059 0.363236 -26.374117
0.365072 -0.037293 0.930232 215.119128 -0.009289 0.999002 0.043695 -6.215614 -0.930933 -0.024593 0.364361 -26.089287
0.366222 -0.037811 0.929759 215.828949 -0.009547 0.998969 0.044386 -6.195297 -0.930479 -0.025132 0.365483 -25.802982
0.367374 -0.038316 0.929284 216.539866 -0.009813 0.998936 0.045067 -6.174363 -0.930022 -0.025675 0.366607 -25.515200
0.368533 -0.038809 0.928804 217.251842 -0.010084 0.998902 0.045740 -6.152817 -0.929560 -0.026223 0.367737 -25.225939
0.369704 -0.039292 0.928318 217.964842 -0.010361 0.998869 0.046405 -6.130663 -0.929092 -0.026775 0.368879 -24.935190
0.370892 -0.039764 0.927824 218.678827 -0.010643 0.998835 0.047062 -6.107903 -0.928615 -0.027330 0.370037 -24.642943
0.372101 -0.040226 0.927320 219.393757 -0.010929 0.998801 0.047712 -6.084542 -0.928128 -0.027888 0.371215 -24.349186
0.373334 -0.040677 0.926805 220.109592 -0.011218 0.998767 0.048355 -6.060582 -0.927629 -0.028449 0.372418 -24.053902
0.374596 -0.041118 0.926276 220.826291 -0.011509 0.998733 0.048989 -6.036029 -0.927117 -0.029012 0.373648 -23.757074
0.375889 -0.041548 0.925733 221.543811 -0.011803 0.998699 0.049615 -6.010884 -0.926590 -0.029576 0.374909 -23.458681
0.377217 -0.041967 0.925174 222.262110 -0.012097 0.998664 0.050233 -5.985153 -0.926046 -0.030140 0.376205 -23.158701
0.378581 -0.042375 0.924598 222.981145 -0.012392 0.998630 0.050842 -5.958839 -0.925485 -0.030705 0.377537 -22.857109
0.379985 -0.042771 0.924003 223.700871 -0.012686 0.998595 0.051441 -5.931945 -0.924905 -0.031269 0.378909 -22.553881
0.381431 -0.043156 0.923389 224.421246 -0.012979 0.998561 0.052031 -5.904477 -0.924306 -0.031831 0.380322 -22.248989
0.382920 -0.043529 0.922755 225.142225 -0.013272 0.998527 0.052611 -5.876439 -0.923686 -0.032393 0.381778 -21.942404
0.384453 -0.043891 0.922101 225.863763 -0.013563 0.998493 0.053182 -5.847834 -0.923045 -0.032953 0.383278 -21.634096
0.386032 -0.044240 0.921424 226.585818 -0.013853 0.998459 0.053743 -5.818669 -0.922381 -0.033511 0.384824 -21.324037
0.387656 -0.044577 0.920726 227.308344 -0.014141 0.998425 0.054293 -5.788947 -0.921696 -0.034067 0.386415 -21.012196
0.389327 -0.044901 0.920005 228.031297 -0.014427 0.998391 0.054832 -5.758674 -0.920987 -0.034620 0.388053 -20.698542
0.391043 -0.045210 0.919261 228.754632 -0.014711 0.998358 0.055358 -5.727856 -0.920255 -0.035171 0.389736 -20.383048
0.392805 -0.045504 0.918495 229.478306 -0.014994 0.998325 0.055871 -5.696499 -0.919500 -0.035718 0.391465 -20.065683
0.394610 -0.045782 0.917707 230.202276 -0.015275 0.998293 0.056370 -5.664610 -0.918722 -0.036262 0.393237 -19.746421
0.396459 -0.046043 0.916897 230.926501 -0.015553 0.998261 0.056854 -5.632198 -0.917921 -0.036801 0.395053 -19.425235
0.398348 -0.046290 0.916066 231.650940 -0.015828 0.998230 0.057324 -5.599269 -0.917098 -0.037335 0.396910 -19.102101
0.400277 -0.046521 0.915213 232.375553 -0.016100 0.998199 0.057781 -5.565833 -0.916253 -0.037863 0.398807 -18.776994
0.402244 -0.046737 0.914339 233.100303 -0.016369 0.998169 0.058224 -5.531897 -0.915386 -0.038387 0.400742 -18.449892
0.404246 -0.046940 0.913445 233.825152 -0.016633 0.998140 0.058653 -5.497471 -0.914499 -0.038904 0.402713 -18.120774
0.406282 -0.047128 0.912531 234.550063 -0.016893 0.998111 0.059069 -5.462562 -0.913591 -0.039414 0.404719 -17.789621
0.408351 -0.047301 0.911599 235.275001 -0.017149 0.998083 0.059471 -5.427179 -0.912664 -0.039918 0.406757 -17.456414
0.410449 -0.047461 0.910648 235.999930 -0.017401 0.998055 0.059859 -5.391330 -0.911718 -0.040415 0.408825 -17.121135
0.412575 -0.047606 0.909679 236.724818 -0.017648 0.998028 0.060234 -5.355023 -0.910753 -0.040905 0.410922 -16.783768
0.414728 -0.047737 0.908692 237.449632 -0.017890 0.998002 0.060594 -5.318268 -0.909770 -0.041387 0.413045 -16.444300
0.416905 -0.047853 0.907689 238.174341 -0.018128 0.997977 0.060939 -5.281075 -0.908769 -0.041861 0.415194 -16.102716
0.419105 -0.047955 0.906670 238.898918 -0.018361 0.997952 0.061271 -5.243454 -0.907752 -0.042327 0.417367 -15.759004
0.421326 -0.048043 0.905636 239.623334 -0.018590 0.997929 0.061587 -5.205416 -0.906718 -0.042784 0.419561 -15.413153
0.423567 -0.048116 0.904586 240.347564 -0.018813 0.997906 0.061889 -5.166972 -0.905669 -0.043232 0.421775 -15.065153
0.425826 -0.048176 0.903522 241.071583 -0.019031 0.997884 0.062176 -5.128134 -0.904605 -0.043671 0.424008 -14.714994
0.428101 -0.048221 0.902443 241.795369 -0.019244 0.997863 0.062449 -5.088913 -0.903526 -0.044102 0.426258 -14.362665
0.430392 -0.048253 0.901352 242.518900 -0.019454 0.997842 0.062708 -5.049321 -0.902433 -0.044524 0.428524 -14.008159
0.432695 -0.048271 0.900247 243.242159 -0.019659 0.997823 0.062952 -5.009371 -0.901326 -0.044937 0.430804 -13.651466
0.435011 -0.048275 0.899130 243.965127 -0.019861 0.997804 0.063181 -4.969075 -0.900206 -0.045342 0.433097 -13.292579
0.437336 -0.048264 0.898002 244.687789 -0.020059 0.997787 0.063397 -4.928447 -0.899074 -0.045739 0.435400 -12.931491
0.439670 -0.048240 0.896863 245.410131 -0.020255 0.997770 0.063598 -4.887498 -0.897931 -0.046128 0.437712 -12.568195
0.442009 -0.048202 0.895714 246.132141 -0.020449 0.997754 0.063784 -4.846243 -0.896777 -0.046510 0.440031 -12.202687
0.444353 -0.048150 0.894557 246.853810 -0.020642 0.997739 0.063957 -4.804694 -0.895614 -0.046885 0.442354 -11.834961
0.446698 -0.048082 0.893392 247.575130 -0.020835 0.997725 0.064115 -4.762866 -0.894442 -0.047254 0.444680 -11.465015
0.449042 -0.048000 0.892221 248.296098 -0.021028 0.997712 0.064259 -4.720773 -0.893263 -0.047616 0.447005 -11.092850
