1.000000 0.000000 0.000000 -0.000000 0.000000 1.000000 0.000000 0.000000 0.000000 0.000000 1.000000 0.000000
1.000000 -0.000904 -0.000210 0.001308 0.000904 0.999999 0.001326 -0.018216 0.000209 -0.001326 0.999999 1.329647
0.999999 -0.001646 -0.000554 0.000451 0.001647 0.999997 0.001860 -0.042033 0.000551 -0.001861 0.999998 2.663366
0.999994 -0.003413 -0.000731 0.002066 0.003414 0.999994 0.000536 -0.063028 0.000729 -0.000539 1.000000 3.998885
0.999993 -0.003635 -0.000643 0.002816 0.003636 0.999993 0.000814 -0.084838 0.000640 -0.000816 1.000000 5.337302
0.999992 -0.003925 -0.000516 0.004214 0.003926 0.999991 0.001641 -0.101468 0.000510 -0.001643 0.999999 6.677072
0.999985 -0.005504 -0.000417 0.007675 0.005505 0.999981 0.002694 -0.116587 0.000402 -0.002697 0.999996 8.023452
0.999986 -0.005185 -0.000598 0.008437 0.005187 0.999980 0.003583 -0.132803 0.000579 -0.003586 0.999993 9.372927
0.999989 -0.004631 -0.000860 0.007830 0.004632 0.999988 0.001867 -0.149765 0.000852 -0.001871 0.999998 10.722890
0.999998 -0.001901 -0.000960 0.006867 0.001900 0.999998 -0.000784 -0.163455 0.000962 0.000782 0.999999 12.076872
0.999999 0.001544 -0.000622 0.003453 -0.001545 0.999997 -0.001725 -0.176748 0.000619 0.001726 0.999998 13.434090
0.999992 0.003963 -0.000530 -0.001908 -0.003963 0.999991 -0.001579 -0.195920 0.000524 0.001581 0.999999 14.791897
0.999987 0.005190 -0.000387 -0.005959 -0.005190 0.999986 -0.000873 -0.217760 0.000382 0.000875 1.000000 16.161655
0.999996 0.002993 0.000029 -0.004356 -0.002993 0.999994 0.001769 -0.236414 -0.000023 -0.001769 0.999998 17.532812
1.000000 -0.000899 0.000252 0.000459 0.000898 0.999992 0.003998 -0.253748 -0.000256 -0.003998 0.999992 18.904893
0.999993 -0.003639 -0.000040 0.005043 0.003639 0.999992 0.001831 -0.269910 0.000033 -0.001832 0.999998 20.276507
0.999987 -0.005119 -0.000232 0.004154 0.005119 0.999987 -0.000554 -0.293109 0.000235 0.000553 1.000000 21.650718
0.999996 -0.002849 0.000426 -0.000822 0.002850 0.999994 -0.002067 -0.322230 -0.000420 0.002068 0.999998 23.034983
0.999999 0.000142 0.001245 -0.007527 -0.000142 1.000000 -0.000766 -0.346812 -0.001246 0.000766 0.999999 24.421145
0.999997 0.001441 0.001942 -0.009917 -0.001451 0.999984 0.005427 -0.368742 -0.001934 -0.005430 0.999983 25.817686
0.999997 -0.001051 0.002369 -0.005198 0.001038 0.999985 0.005465 -0.387140 -0.002375 -0.005463 0.999982 27.209194
0.999984 -0.005339 0.001951 0.001921 0.005331 0.999978 0.003888 -0.409938 -0.001972 -0.003877 0.999991 28.603543
0.999980 -0.005933 0.001985 0.005281 0.005931 0.999981 0.001317 -0.432898 -0.001993 -0.001305 0.999997 29.998887
0.999978 -0.006177 0.002397 0.007970 0.006180 0.999980 -0.000975 -0.459118 -0.002391 0.000990 0.999997 31.398613
0.999991 -0.002864 0.003173 0.006834 0.002869 0.999995 -0.001386 -0.485013 -0.003169 0.001395 0.999994 32.804172
0.999992 -0.001917 0.003570 0.008326 0.001929 0.999992 -0.003499 -0.512237 -0.003563 0.003506 0.999988 34.206708
0.999993 -0.001021 0.003498 0.010213 0.001035 0.999992 -0.003963 -0.543116 -0.003494 0.003967 0.999986 35.619937
0.999994 -0.000956 0.003409 0.012179 0.000962 0.999998 -0.001659 -0.574623 -0.003407 0.001663 0.999993 37.037254
0.999996 -0.000189 0.002986 0.015209 0.000189 1.000000 -0.000060 -0.599901 -0.002986 0.000061 0.999996 38.455525
0.999992 0.002515 0.002963 0.017080 -0.002513 0.999997 -0.000379 -0.623853 -0.002964 0.000372 0.999996 39.871433
0.999982 0.005052 0.003101 0.019567 -0.005050 0.999987 -0.000561 -0.643712 -0.003104 0.000546 0.999995 41.294583
0.999969 0.007204 0.003111 0.019287 -0.007204 0.999974 -0.000050 -0.670725 -0.003111 0.000028 0.999995 42.721610
0.999961 0.008308 0.002844 0.021489 -0.008309 0.999965 0.000229 -0.694132 -0.002842 -0.000252 0.999996 44.149599
0.999971 0.007260 0.002412 0.026429 -0.007259 0.999974 -0.000183 -0.717858 -0.002414 0.000166 0.999997 45.579669
0.999978 0.006426 0.001721 0.031122 -0.006425 0.999979 -0.000807 -0.739025 -0.001726 0.000796 0.999998 47.013219
0.999983 0.005800 0.000762 0.034377 -0.005800 0.999983 -0.000066 -0.761031 -0.000762 0.000062 1.000000 48.449517
0.999982 0.006011 -0.000241 0.033870 -0.006010 0.999982 0.000793 -0.783986 0.000246 -0.000791 1.000000 49.892735
0.999977 0.006649 -0.001304 0.031995 -0.006648 0.999977 0.001053 -0.805635 0.001311 -0.001044 0.999999 51.335912
0.999975 0.006638 -0.002479 0.029144 -0.006637 0.999978 0.000674 -0.826541 0.002484 -0.000658 0.999997 52.782721
0.999970 0.006883 -0.003588 0.025492 -0.006876 0.999974 0.001954 -0.845384 0.003602 -0.001929 0.999992 54.232289
0.999975 0.005497 -0.004387 0.020872 -0.005484 0.999981 0.002921 -0.866832 0.004403 -0.002897 0.999986 55.680467
0.999979 0.004003 -0.005029 0.016780 -0.003989 0.999988 0.002833 -0.886880 0.005040 -0.002813 0.999983 57.133191
0.999982 0.001719 -0.005654 0.013135 -0.001706 0.999996 0.002397 -0.907244 0.005659 -0.002387 0.999981 58.582810
0.999984 0.000375 -0.005731 0.009921 -0.000359 0.999996 0.002834 -0.924947 0.005732 -0.002832 0.999980 60.031668
0.999986 -0.000836 -0.005301 0.006304 0.000855 0.999994 0.003472 -0.944604 0.005298 -0.003477 0.999980 61.481926
0.999986 -0.001859 -0.004918 0.002475 0.001879 0.999990 0.004102 -0.964748 0.004910 -0.004111 0.999980 62.927355
0.999983 -0.003793 -0.004489 -0.001672 0.003809 0.999986 0.003669 -0.987810 0.004475 -0.003686 0.999983 64.372034
0.999978 -0.005296 -0.004008 -0.003275 0.005308 0.999982 0.002821 -1.008175 0.003993 -0.002842 0.999988 65.812512
0.999981 -0.005220 -0.003360 -0.006416 0.005228 0.999984 0.002252 -1.029700 0.003348 -0.002269 0.999992 67.250596
0.999991 -0.003482 -0.002553 -0.010557 0.003488 0.999991 0.002316 -1.050203 0.002545 -0.002325 0.999994 68.684805
0.999998 -0.000648 -0.002069 -0.020053 0.000656 0.999993 0.003650 -1.076075 0.002066 -0.003652 0.999991 70.118111
0.999995 0.003013 -0.001288 -0.027839 -0.003006 0.999983 0.004961 -1.097831 0.001303 -0.004957 0.999987 71.552685
0.999978 0.006660 -0.000529 -0.036085 -0.006657 0.999963 0.005511 -1.118231 0.000565 -0.005507 0.999985 72.982907
0.999938 0.011151 0.000136 -0.043216 -0.011152 0.999925 0.005113 -1.135987 -0.000079 -0.005114 0.999987 74.403288
0.999899 0.014217 0.000850 -0.047931 -0.014221 0.999888 0.004621 -1.153311 -0.000785 -0.004633 0.999989 75.826215
0.999865 0.016366 0.001545 -0.054544 -0.016373 0.999857 0.004345 -1.177226 -0.001474 -0.004369 0.999989 77.248595
0.999860 0.016638 0.001884 -0.055889 -0.016646 0.999851 0.004472 -1.197942 -0.001809 -0.004503 0.999988 78.665131
0.999879 0.015402 0.002041 -0.054171 -0.015411 0.999870 0.004636 -1.218035 -0.001969 -0.004666 0.999987 80.079517
0.999897 0.014236 0.001959 -0.050811 -0.014243 0.999892 0.003685 -1.236655 -0.001907 -0.003712 0.999991 81.490169
0.999908 0.013490 0.001677 -0.050109 -0.013496 0.999903 0.003561 -1.258287 -0.001629 -0.003583 0.999992 82.895758
0.999907 0.013534 0.001448 -0.049678 -0.013540 0.999901 0.003833 -1.278676 -0.001396 -0.003852 0.999992 84.302119
0.999914 0.013080 0.000909 -0.054063 -0.013083 0.999909 0.003318 -1.300031 -0.000865 -0.003329 0.999994 85.708683
0.999910 0.013435 0.000187 -0.062229 -0.013435 0.999903 0.003681 -1.320245 -0.000138 -0.003683 0.999993 87.110671
0.999915 0.013054 -0.000745 -0.076919 -0.013051 0.999905 0.004397 -1.343695 0.000803 -0.004387 0.999990 88.515277
0.999938 0.010931 -0.001878 -0.086269 -0.010920 0.999925 0.005459 -1.362982 0.001938 -0.005438 0.999983 89.914211
0.999957 0.008791 -0.003087 -0.100246 -0.008772 0.999942 0.006176 -1.382640 0.003141 -0.006149 0.999976 91.311431
0.999970 0.006803 -0.003712 -0.113370 -0.006780 0.999957 0.006342 -1.399781 0.003755 -0.006317 0.999973 92.700180
0.999976 0.005510 -0.004189 -0.130929 -0.005486 0.999969 0.005664 -1.418059 0.004220 -0.005641 0.999975 94.086028
0.999981 0.004282 -0.004468 -0.148325 -0.004259 0.999978 0.005144 -1.435964 0.004490 -0.005125 0.999977 95.467888
0.999977 0.004941 -0.004605 -0.172943 -0.004920 0.999977 0.004763 -1.456190 0.004628 -0.004740 0.999978 96.844940
0.999979 0.004739 -0.004487 -0.194915 -0.004720 0.999981 0.004070 -1.476213 0.004507 -0.004049 0.999982 98.217619
0.999976 0.005462 -0.004246 -0.215929 -0.005448 0.999979 0.003395 -1.496478 0.004265 -0.003372 0.999985 99.588847
0.999968 0.007061 -0.003877 -0.238650 -0.007047 0.999969 0.003525 -1.517683 0.003902 -0.003497 0.999986 100.958097
0.999965 0.007529 -0.003627 -0.253045 -0.007511 0.999960 0.004900 -1.534999 0.003664 -0.004873 0.999981 102.322772
0.999955 0.008834 -0.003458 -0.274201 -0.008811 0.999940 0.006460 -1.556018 0.003515 -0.006429 0.999973 103.687376
0.999960 0.008302 -0.003413 -0.291835 -0.008285 0.999952 0.005150 -1.575247 0.003456 -0.005121 0.999981 105.047313
0.999961 0.008174 -0.003338 -0.310694 -0.008166 0.999964 0.002507 -1.596046 0.003359 -0.002480 0.999991 106.405323
0.999965 0.007633 -0.003387 -0.320934 -0.007629 0.999970 0.001330 -1.613299 0.003397 -0.001305 0.999993 107.760999
0.999980 0.005505 -0.003239 -0.340146 -0.005496 0.999981 0.002635 -1.638432 0.003253 -0.002617 0.999991 109.124994
0.999992 0.003142 -0.002626 -0.356915 -0.003130 0.999984 0.004745 -1.661275 0.002641 -0.004737 0.999985 110.485540
0.999997 0.001561 -0.001710 -0.380237 -0.001552 0.999984 0.005407 -1.686739 0.001718 -0.005404 0.999984 111.843143
0.999999 0.000676 -0.001000 -0.401099 -0.000672 0.999992 0.003960 -1.710102 0.001003 -0.003960 0.999992 113.194457
0.999997 0.002581 -0.000334 -0.420805 -0.002581 0.999995 0.001557 -1.733997 0.000338 -0.001556 0.999999 114.542118
0.999989 0.004533 0.000748 -0.429206 -0.004532 0.999989 -0.000646 -1.753986 -0.000751 0.000642 1.000000 115.884911
0.999969 0.007570 0.002161 -0.436965 -0.007568 0.999971 -0.000875 -1.775004 -0.002168 0.000859 0.999997 117.235717
0.999953 0.008997 0.003597 -0.440936 -0.009001 0.999959 0.001292 -1.794230 -0.003585 -0.001324 0.999993 118.587944
0.999948 0.009080 0.004667 -0.440900 -0.009097 0.999952 0.003727 -1.811794 -0.004633 -0.003769 0.999982 119.941693
0.999953 0.008078 0.005450 -0.438085 -0.008102 0.999957 0.004425 -1.825847 -0.005414 -0.004469 0.999975 121.294934
0.999942 0.008587 0.006469 -0.440955 -0.008611 0.999956 0.003669 -1.846322 -0.006437 -0.003724 0.999972 122.657611
0.999917 0.010350 0.007709 -0.455063 -0.010375 0.999941 0.003184 -1.880929 -0.007676 -0.003263 0.999965 124.041287
0.999884 0.012380 0.008850 -0.464001 -0.012405 0.999919 0.002797 -1.910030 -0.008814 -0.002907 0.999957 125.416746
0.999864 0.013137 0.009963 -0.470300 -0.013155 0.999912 0.001716 -1.940325 -0.009940 -0.001847 0.999949 126.795756
0.999838 0.014232 0.011051 -0.472235 -0.014245 0.999898 0.001140 -1.966295 -0.011034 -0.001297 0.999938 128.168983
0.999839 0.013395 0.011958 -0.479079 -0.013406 0.999910 0.000868 -2.006026 -0.011945 -0.001028 0.999928 129.544036
0.999836 0.012865 0.012730 -0.480083 -0.012887 0.999916 0.001650 -2.038343 -0.012708 -0.001813 0.999918 130.920814
0.999837 0.011890 0.013577 -0.482619 -0.011934 0.999924 0.003167 -2.073189 -0.013539 -0.003328 0.999903 132.297896
0.999844 0.010892 0.013896 -0.478435 -0.010938 0.999935 0.003235 -2.099489 -0.013860 -0.003387 0.999898 133.666152
0.999865 0.008813 0.013873 -0.473970 -0.008864 0.999954 0.003625 -2.127702 -0.013840 -0.003748 0.999897 135.039785
0.999883 0.007143 0.013548 -0.473402 -0.007200 0.999965 0.004154 -2.162932 -0.013518 -0.004251 0.999900 136.411085
0.999900 0.005637 0.013005 -0.474466 -0.005686 0.999977 0.003794 -2.198388 -0.012983 -0.003867 0.999908 137.783906
0.999923 0.004049 0.011749 -0.472850 -0.004093 0.999985 0.003723 -2.226309 -0.011734 -0.003770 0.999924 139.149423
0.999939 0.002792 0.010678 -0.472960 -0.002842 0.999985 0.004736 -2.254854 -0.010665 -0.004766 0.999932 140.520824
0.999953 0.001228 0.009657 -0.472595 -0.001277 0.999986 0.005053 -2.281749 -0.009650 -0.005065 0.999941 141.890602
0.999965 0.000485 0.008355 -0.475937 -0.000527 0.999988 0.004966 -2.314866 -0.008353 -0.004970 0.999953 143.260481
0.999975 0.000229 0.007102 -0.479029 -0.000261 0.999990 0.004505 -2.341886 -0.007101 -0.004507 0.999965 144.629346
0.999982 -0.000146 0.006061 -0.483369 0.000122 0.999992 0.004006 -2.367455 -0.006062 -0.004005 0.999974 145.996588
0.999986 -0.001774 0.005075 -0.487663 0.001763 0.999996 0.002233 -2.395024 -0.005079 -0.002224 0.999985 147.364032
0.999966 -0.007299 0.003947 -0.490224 0.007296 0.999973 0.000793 -2.426593 -0.003953 -0.000764 0.999992 148.726810
0.999897 -0.014096 0.002803 -0.493325 0.014086 0.999894 0.003608 -2.462969 -0.002853 -0.003568 0.999990 150.099124
0.999763 -0.021731 0.001320 -0.492213 0.021725 0.999754 0.004544 -2.489366 -0.001419 -0.004514 0.999989 151.467887
0.999686 -0.025049 0.000133 -0.497842 0.025049 0.999684 0.002113 -2.518617 -0.000186 -0.002109 0.999998 152.832491
0.999684 -0.025133 0.000381 -0.507198 0.025133 0.999682 -0.001885 -2.545628 -0.000333 0.001894 0.999998 154.195573
0.999766 -0.021587 0.001249 -0.523470 0.021592 0.999760 -0.003645 -2.581792 -0.001170 0.003671 0.999993 155.560684
0.999771 -0.021332 0.002002 -0.529949 0.021339 0.999766 -0.003630 -2.611885 -0.001924 0.003672 0.999991 156.927215
0.999707 -0.024059 0.002609 -0.528460 0.024061 0.999710 -0.000480 -2.641449 -0.002597 0.000542 0.999996 158.295370
0.999560 -0.029512 0.003082 -0.520026 0.029504 0.999561 0.002777 -2.666163 -0.003162 -0.002684 0.999991 159.664945
0.999428 -0.033667 0.003071 -0.509022 0.033656 0.999427 0.003494 -2.689150 -0.003187 -0.003389 0.999989 161.033506
0.999367 -0.035462 0.003007 -0.500218 0.035451 0.999364 0.003865 -2.711383 -0.003142 -0.003756 0.999988 162.399733
0.999418 -0.033911 0.003822 -0.494155 0.033895 0.999416 0.004249 -2.736780 -0.003964 -0.004117 0.999984 163.769714
0.999538 -0.029977 0.005044 -0.492951 0.029957 0.999544 0.003910 -2.760604 -0.005159 -0.003757 0.999980 165.139086
0.999630 -0.026543 0.005992 -0.486019 0.026535 0.999647 0.001519 -2.787254 -0.006031 -0.001359 0.999981 166.509371
0.999696 -0.023703 0.006750 -0.477945 0.023699 0.999719 0.000678 -2.810667 -0.006764 -0.000517 0.999977 167.880163
0.999739 -0.021701 0.007145 -0.468998 0.021687 0.999763 0.002023 -2.835558 -0.007188 -0.001867 0.999972 169.258159
0.999775 -0.020062 0.006919 -0.458444 0.020050 0.999797 0.001825 -2.861986 -0.006955 -0.001686 0.999974 170.638893
0.999815 -0.018133 0.006434 -0.451341 0.018137 0.999835 -0.000594 -2.886560 -0.006423 0.000711 0.999979 172.018816
0.999875 -0.014635 0.005933 -0.447859 0.014656 0.999886 -0.003510 -2.914240 -0.005881 0.003597 0.999976 173.398131
0.999936 -0.009733 0.005740 -0.419678 0.009761 0.999941 -0.004821 -2.932731 -0.005693 0.004876 0.999972 174.782213
0.999969 -0.005143 0.006037 -0.396343 0.005167 0.999979 -0.003981 -2.960771 -0.006016 0.004012 0.999974 176.170760
0.999977 -0.001828 0.006567 -0.386055 0.001838 0.999997 -0.001506 -2.986448 -0.006564 0.001518 0.999977 177.567016
0.999977 -0.001478 0.006696 -0.366768 0.001474 0.999999 0.000470 -3.008539 -0.006697 -0.000460 0.999977 178.966519
0.999973 -0.004340 0.005909 -0.348197 0.004329 0.999989 0.001817 -3.013913 -0.005917 -0.001791 0.999981 180.363080
0.999967 -0.006893 0.004232 -0.328835 0.006886 0.999975 0.001672 -3.022953 -0.004243 -0.001643 0.999990 181.758525
0.999971 -0.007309 0.002170 -0.321016 0.007315 0.999970 -0.002438 -3.041123 -0.002152 0.002454 0.999995 183.159854
0.999980 -0.006249 0.000676 -0.316336 0.006254 0.999956 -0.006948 -3.062100 -0.000633 0.006952 0.999976 184.559255
0.999999 -0.001472 0.000076 -0.321510 0.001473 0.999968 -0.007869 -3.088158 -0.000065 0.007869 0.999969 185.967787
0.999997 0.002593 -0.000050 -0.326220 -0.002593 0.999976 -0.006476 -3.114466 0.000033 0.006476 0.999979 187.382101
0.999991 0.004304 0.000233 -0.321673 -0.004303 0.999985 -0.003406 -3.137555 -0.000248 0.003405 0.999994 188.797836
0.999987 0.005091 0.000651 -0.316236 -0.005090 0.999986 -0.001231 -3.164478 -0.000658 0.001228 0.999999 190.217528
0.999990 0.004449 0.000733 -0.316489 -0.004448 0.999990 -0.000417 -3.193945 -0.000735 0.000414 1.000000 191.639349
0.999995 0.002954 0.000676 -0.314595 -0.002954 0.999996 0.000363 -3.221858 -0.000674 -0.000365 1.000000 193.064215
1.000000 0.000367 0.000663 -0.310566 -0.000367 1.000000 0.000800 -3.250530 -0.000663 -0.000801 1.000000 194.492631
0.999997 -0.002297 0.001040 -0.308331 0.002296 0.999997 0.000810 -3.281162 -0.001041 -0.000808 0.999999 195.921554
0.999985 -0.005294 0.001370 -0.305515 0.005292 0.999984 0.001773 -3.314135 -0.001379 -0.001765 0.999997 197.360521
0.999955 -0.009369 0.001772 -0.302109 0.009362 0.999950 0.003580 -3.344375 -0.001805 -0.003564 0.999992 198.800603
0.999916 -0.012805 0.001997 -0.303145 0.012798 0.999911 0.003617 -3.384557 -0.002044 -0.003591 0.999992 200.242918
0.999938 -0.010943 0.002233 -0.307614 0.010945 0.999940 -0.000604 -3.419365 -0.002227 0.000628 0.999997 201.683711
0.999987 -0.004405 0.002706 -0.323022 0.004422 0.999971 -0.006221 -3.471363 -0.002678 0.006233 0.999977 203.127445
0.999980 0.004938 0.003867 -0.340515 -0.004912 0.999965 -0.006736 -3.515079 -0.003900 0.006717 0.999970 204.581325
0.999899 0.013191 0.005303 -0.357183 -0.013178 0.999910 -0.002527 -3.555576 -0.005336 0.002457 0.999983 206.039668
0.999874 0.014661 0.006089 -0.360542 -0.014661 0.999892 -0.000139 -3.580327 -0.006091 0.000049 0.999981 207.498215
0.999905 0.012626 0.005557 -0.356831 -0.012626 0.999920 -0.000175 -3.604083 -0.005558 0.000105 0.999985 208.956965
0.999945 0.009535 0.004390 -0.352514 -0.009535 0.999954 -0.000112 -3.628674 -0.004391 0.000070 0.999990 210.425859
0.999970 0.007057 0.003265 -0.350907 -0.007056 0.999975 -0.000179 -3.650886 -0.003267 0.000156 0.999995 211.896478
0.999969 0.007421 0.002746 -0.351735 -0.007418 0.999972 -0.001055 -3.674360 -0.002754 0.001035 0.999996 213.372880
0.999957 0.008866 0.002640 -0.356846 -0.008864 0.999960 -0.000918 -3.708945 -0.002648 0.000895 0.999996 214.855775
0.999946 0.010116 0.002524 -0.362341 -0.010116 0.999949 0.000061 -3.741769 -0.002524 -0.000086 0.999997 216.337350
0.999952 0.009528 0.002288 -0.366720 -0.009528 0.999955 -0.000073 -3.778065 -0.002288 0.000052 0.999997 217.827549
0.999957 0.009109 0.001882 -0.366674 -0.009107 0.999957 -0.001473 -3.809987 -0.001895 0.001455 0.999997 219.321096
0.999964 0.008359 0.001688 -0.365202 -0.008357 0.999964 -0.001567 -3.837087 -0.001701 0.001553 0.999997 220.817585
0.999961 0.008711 0.001241 -0.369828 -0.008709 0.999961 -0.001221 -3.867619 -0.001251 0.001210 0.999999 222.319451
0.999961 0.008744 0.000894 -0.376392 -0.008742 0.999960 -0.001767 -3.899694 -0.000909 0.001759 0.999998 223.818171
0.999961 0.008794 0.000694 -0.380792 -0.008793 0.999959 -0.002037 -3.933170 -0.000712 0.002030 0.999998 225.325820
0.999951 0.009893 0.000348 -0.385227 -0.009892 0.999949 -0.001977 -3.961696 -0.000368 0.001973 0.999998 226.831439
0.999954 0.009535 0.000003 -0.386950 -0.009535 0.999952 -0.002380 -3.990503 -0.000026 0.002380 0.999997 228.342537
0.999950 0.010038 -0.000260 -0.388649 -0.010039 0.999947 -0.002265 -4.017067 0.000238 0.002267 0.999997 229.854345
0.999959 0.009095 -0.000365 -0.388457 -0.009095 0.999956 -0.002128 -4.048136 0.000346 0.002131 0.999998 231.367065
0.999969 0.007840 -0.000258 -0.388650 -0.007841 0.999965 -0.002765 -4.075078 0.000236 0.002767 0.999996 232.879583
0.999977 0.006709 -0.000089 -0.386624 -0.006709 0.999975 -0.002415 -4.099044 0.000073 0.002415 0.999997 234.395551
0.999987 0.005120 0.000113 -0.384613 -0.005120 0.999985 -0.001666 -4.124994 -0.000121 0.001666 0.999999 235.913953
0.999988 0.004962 0.000105 -0.384054 -0.004962 0.999987 -0.001232 -4.153624 -0.000111 0.001231 0.999999 237.431341
0.999986 0.005338 0.000020 -0.386655 -0.005338 0.999985 -0.001390 -4.186333 -0.000028 0.001390 0.999999 238.954308
0.999982 0.006028 0.000236 -0.388679 -0.006028 0.999978 -0.002625 -4.220226 -0.000252 0.002624 0.999996 240.481739
0.999973 0.007301 0.000768 -0.391869 -0.007299 0.999972 -0.001833 -4.253315 -0.000781 0.001828 0.999998 242.008866
0.999970 0.007615 0.001422 -0.393361 -0.007616 0.999971 0.000589 -4.285388 -0.001417 -0.000600 0.999999 243.541166
0.999971 0.007345 0.001935 -0.392594 -0.007347 0.999973 0.000973 -4.315103 -0.001928 -0.000987 0.999998 245.073975
0.999968 0.007596 0.002404 -0.392439 -0.007595 0.999971 -0.000623 -4.347138 -0.002409 0.000604 0.999997 246.612058
0.999967 0.007565 0.002950 -0.390226 -0.007559 0.999969 -0.001990 -4.377646 -0.002965 0.001967 0.999994 248.148721
0.999958 0.008594 0.003260 -0.387688 -0.008589 0.999962 -0.001537 -4.404696 -0.003274 0.001509 0.999993 249.691877
0.999962 0.008102 0.003327 -0.382757 -0.008100 0.999967 -0.000597 -4.432022 -0.003332 0.000570 0.999994 251.238584
0.999962 0.008180 0.003023 -0.378995 -0.008180 0.999966 0.000144 -4.458219 -0.003021 -0.000169 0.999995 252.781131
0.999960 0.008506 0.002798 -0.376527 -0.008507 0.999964 0.000475 -4.487063 -0.002794 -0.000498 0.999996 254.331490
0.999946 0.009971 0.002840 -0.373638 -0.009973 0.999950 0.000568 -4.511301 -0.002834 -0.000596 0.999996 255.881342
0.999935 0.010951 0.003044 -0.370560 -0.010953 0.999940 0.000596 -4.535745 -0.003038 -0.000630 0.999995 257.436469
0.999929 0.011552 0.002932 -0.367213 -0.011553 0.999933 0.000621 -4.558441 -0.002925 -0.000654 0.999996 258.990175
0.999946 0.009973 0.002945 -0.362580 -0.009976 0.999950 0.000941 -4.584940 -0.002935 -0.000970 0.999995 260.546926
0.999960 0.008474 0.002850 -0.358129 -0.008479 0.999962 0.001846 -4.611578 -0.002834 -0.001870 0.999994 262.107430
0.999980 0.005649 0.002912 -0.351447 -0.005657 0.999980 0.002866 -4.637604 -0.002895 -0.002882 0.999992 263.668847
0.999988 0.004111 0.002590 -0.345301 -0.004117 0.999989 0.002089 -4.662237 -0.002581 -0.002099 0.999995 265.226003
0.999993 0.002887 0.002307 -0.339742 -0.002889 0.999996 0.000677 -4.686551 -0.002306 -0.000683 0.999997 266.786203
0.999995 0.000936 0.002884 -0.335993 -0.000943 0.999996 0.002484 -4.715745 -0.002881 -0.002487 0.999993 268.346707
0.999995 -0.000123 0.003329 -0.335583 0.000107 0.999987 0.005011 -4.748173 -0.003330 -0.005011 0.999982 269.915022
0.999992 -0.002066 0.003459 -0.331503 0.002052 0.999990 0.004008 -4.788372 -0.003468 -0.004001 0.999986 271.478265
0.999989 -0.002909 0.003751 -0.328096 0.002899 0.999993 0.002472 -4.824679 -0.003758 -0.002462 0.999990 273.040189
0.999988 -0.001938 0.004396 -0.327360 0.001928 0.999995 0.002390 -4.866052 -0.004401 -0.002382 0.999988 274.601911
0.999985 -0.000466 0.005480 -0.326404 0.000451 0.999996 0.002771 -4.906588 -0.005481 -0.002768 0.999981 276.165661
0.999978 0.001233 0.006440 -0.324895 -0.001248 0.999996 0.002351 -4.950219 -0.006437 -0.002359 0.999977 277.734484
0.999970 0.002425 0.007403 -0.322113 -0.002441 0.999994 0.002262 -4.987626 -0.007397 -0.002280 0.999970 279.299147
0.999961 0.003183 0.008193 -0.322374 -0.003198 0.999993 0.001899 -5.039836 -0.008187 -0.001925 0.999965 280.867868
0.999953 0.003540 0.009030 -0.317149 -0.003552 0.999993 0.001293 -5.082755 -0.009025 -0.001325 0.999958 282.431923
0.999946 0.003002 0.009935 -0.312072 -0.003011 0.999995 0.000834 -5.134136 -0.009933 -0.000864 0.999950 284.004297
0.999939 0.002412 0.010775 -0.300601 -0.002423 0.999996 0.000997 -5.172038 -0.010772 -0.001023 0.999942 285.577482
0.999933 0.001491 0.011522 -0.287215 -0.001517 0.999996 0.002311 -5.210037 -0.011518 -0.002329 0.999931 287.154015
0.999930 0.000070 0.011864 -0.270478 -0.000102 0.999996 0.002735 -5.241690 -0.011864 -0.002736 0.999926 288.727201
0.999929 -0.000578 0.011927 -0.255135 0.000574 1.000000 0.000381 -5.277598 -0.011927 -0.000374 0.999929 290.294502
0.999932 -0.001492 0.011572 -0.240424 0.001518 0.999996 -0.002184 -5.316244 -0.011569 0.002201 0.999931 291.871543
0.999942 -0.001172 0.010729 -0.227228 0.001199 0.999996 -0.002486 -5.355148 -0.010727 0.002499 0.999939 293.447772
0.999946 -0.002783 0.010021 -0.214562 0.002802 0.999994 -0.001807 -5.390475 -0.010016 0.001835 0.999948 295.027044
0.999956 -0.002682 0.009008 -0.202631 0.002704 0.999993 -0.002420 -5.424878 -0.009001 0.002444 0.999957 296.608549
0.999961 -0.002412 0.008447 -0.192695 0.002435 0.999993 -0.002691 -5.462578 -0.008441 0.002712 0.999961 298.193604
0.999967 -0.002373 0.007738 -0.185143 0.002390 0.999995 -0.002184 -5.502144 -0.007732 0.002202 0.999968 299.785456
0.999972 -0.002820 0.006887 -0.177973 0.002833 0.999994 -0.001875 -5.542654 -0.006882 0.001895 0.999974 301.379844
0.999977 -0.003467 0.005851 -0.166884 0.003473 0.999993 -0.001097 -5.573209 -0.005848 0.001117 0.999982 302.980624
0.999984 -0.001885 0.005291 -0.159516 0.001882 0.999998 0.000466 -5.605662 -0.005292 -0.000456 0.999986 304.590128
0.999981 -0.001358 0.005923 -0.153328 0.001352 0.999999 0.001040 -5.638056 -0.005925 -0.001032 0.999982 306.197502
0.999976 -0.000782 0.006895 -0.145871 0.000778 1.000000 0.000510 -5.674045 -0.006895 -0.000505 0.999976 307.812485
0.999971 -0.002066 0.007276 -0.134127 0.002066 0.999998 0.000062 -5.704927 -0.007276 -0.000047 0.999973 309.432134
0.999965 -0.003784 0.007453 -0.120739 0.003790 0.999992 -0.000808 -5.740563 -0.007450 0.000836 0.999972 311.054422
0.999955 -0.005429 0.007758 -0.110350 0.005450 0.999981 -0.002740 -5.775938 -0.007743 0.002782 0.999966 312.680666
0.999954 -0.005687 0.007763 -0.105872 0.005716 0.999977 -0.003726 -5.821106 -0.007742 0.003770 0.999963 314.311271
0.999971 -0.005147 0.005644 -0.102652 0.005173 0.999976 -0.004642 -5.863046 -0.005620 0.004671 0.999973 315.948877
0.999985 -0.004221 0.003497 -0.106114 0.004236 0.999982 -0.004232 -5.907766 -0.003479 0.004247 0.999985 317.583643
0.999992 -0.002485 0.003084 -0.116276 0.002488 0.999996 -0.001080 -5.952029 -0.003081 0.001087 0.999995 319.230886
0.999987 -0.003717 0.003584 -0.117835 0.003709 0.999991 0.002207 -5.990688 -0.003592 -0.002193 0.999991 320.881579
0.999981 -0.004767 0.003790 -0.118614 0.004756 0.999984 0.003052 -6.032426 -0.003805 -0.003034 0.999988 322.533996
0.999973 -0.006195 0.004072 -0.115826 0.006188 0.999979 0.001741 -6.068362 -0.004083 -0.001716 0.999990 324.186008
0.999966 -0.006965 0.004412 -0.114008 0.006957 0.999974 0.001779 -6.106845 -0.004424 -0.001748 0.999989 325.839440
0.999966 -0.006841 0.004609 -0.110993 0.006831 0.999974 0.002198 -6.143404 -0.004624 -0.002167 0.999987 327.494699
0.999963 -0.006976 0.005099 -0.108958 0.006966 0.999974 0.001998 -6.185282 -0.005113 -0.001962 0.999985 329.144073
0.999969 -0.005532 0.005583 -0.106659 0.005524 0.999984 0.001395 -6.224088 -0.005590 -0.001364 0.999984 330.796186
0.999969 -0.004740 0.006255 -0.104333 0.004736 0.999989 0.000637 -6.268819 -0.006258 -0.000607 0.999980 332.449213
0.999958 -0.005867 0.007096 -0.095143 0.005850 0.999980 0.002436 -6.305428 -0.007110 -0.002394 0.999972 334.099398
0.999951 -0.006767 0.007224 -0.084531 0.006741 0.999971 0.003549 -6.342113 -0.007248 -0.003500 0.999968 335.749584
0.999944 -0.007989 0.006923 -0.074251 0.007974 0.999966 0.002089 -6.372244 -0.006939 -0.002034 0.999974 337.391654
0.999950 -0.007184 0.006935 -0.068488 0.007169 0.999972 0.002192 -6.413497 -0.006950 -0.002142 0.999974 339.035043
0.999965 -0.004787 0.006833 -0.064413 0.004782 0.999988 0.000833 -6.450780 -0.006837 -0.000801 0.999976 340.671533
0.999975 -0.003572 0.006109 -0.059575 0.003593 0.999988 -0.003484 -6.492551 -0.006097 0.003506 0.999975 342.302139
0.999984 -0.001994 0.005234 -0.055584 0.002007 0.999995 -0.002357 -6.532188 -0.005229 0.002368 0.999984 343.936905
0.999989 -0.001462 0.004362 -0.052717 0.001458 0.999998 0.001068 -6.571397 -0.004364 -0.001061 0.999990 345.567815
0.999995 -0.000283 0.003299 -0.049488 0.000268 0.999991 0.004314 -6.601811 -0.003301 -0.004313 0.999985 347.208769
0.999998 0.000206 0.002092 -0.047045 -0.000213 0.999995 0.003056 -6.628918 -0.002091 -0.003056 0.999993 348.838664
1.000000 -0.000444 0.000272 -0.045443 0.000444 0.999999 0.001017 -6.652782 -0.000272 -0.001017 1.000000 350.461560
0.999998 -0.001440 -0.001626 -0.044922 0.001444 0.999996 0.002582 -6.677644 0.001622 -0.002584 0.999995 352.087702
0.999992 -0.003063 -0.002625 -0.047569 0.003072 0.999989 0.003446 -6.708152 0.002615 -0.003454 0.999991 353.710598
0.999990 -0.003342 -0.003058 -0.052213 0.003350 0.999991 0.002490 -6.737239 0.003049 -0.002500 0.999992 355.331870
0.999987 -0.004006 -0.003274 -0.063507 0.004011 0.999991 0.001589 -6.773059 0.003267 -0.001602 0.999993 356.949591
0.999986 -0.004071 -0.003294 -0.073903 0.004077 0.999990 0.001646 -6.805862 0.003288 -0.001659 0.999993 358.571371
0.999984 -0.004566 -0.003263 -0.086464 0.004571 0.999988 0.001471 -6.843564 0.003257 -0.001486 0.999994 360.185947
0.999981 -0.005216 -0.003294 -0.097344 0.005219 0.999986 0.000868 -6.882552 0.003289 -0.000885 0.999994 361.801944
0.999980 -0.005402 -0.003418 -0.109198 0.005402 0.999985 0.000206 -6.921763 0.003417 -0.000225 0.999994 363.416013
0.999977 -0.005897 -0.003346 -0.121259 0.005899 0.999982 0.000563 -6.958715 0.003342 -0.000583 0.999994 365.029778
0.999980 -0.005469 -0.003270 -0.134740 0.005467 0.999985 -0.000440 -6.995935 0.003272 0.000422 0.999995 366.644050
0.999970 -0.006991 -0.003199 -0.144893 0.006986 0.999974 -0.001664 -7.034017 0.003211 0.001641 0.999993 368.252336
0.999960 -0.008344 -0.003084 -0.154899 0.008343 0.999965 -0.000183 -7.072717 0.003086 0.000157 0.999995 369.873203
0.999945 -0.010007 -0.003216 -0.168488 0.010010 0.999949 0.000968 -7.112398 0.003206 -0.001000 0.999994 371.493460
0.999939 -0.010558 -0.003163 -0.180308 0.010559 0.999944 0.000269 -7.146884 0.003160 -0.000303 0.999995 373.113921
0.999951 -0.009444 -0.002786 -0.199705 0.009443 0.999955 -0.000603 -7.188290 0.002792 0.000577 0.999996 374.742700
0.999970 -0.007435 -0.002307 -0.217071 0.007436 0.999972 0.000655 -7.225081 0.002303 -0.000672 0.999997 376.354436
0.999980 -0.006100 -0.001806 -0.237536 0.006102 0.999981 0.000954 -7.268840 0.001800 -0.000965 0.999998 378.018316
0.999983 -0.005698 -0.001435 -0.252659 0.005699 0.999984 0.000705 -7.306808 0.001431 -0.000713 0.999999 379.651559
0.999982 -0.005879 -0.001200 -0.267132 0.005879 0.999983 -0.000092 -7.344936 0.001200 0.000085 0.999999 381.229918
0.999983 -0.005718 -0.000918 -0.277978 0.005718 0.999984 -0.000337 -7.379336 0.000920 0.000332 1.000000 382.859408
0.999985 -0.005336 -0.000693 -0.285998 0.005336 0.999986 -0.000390 -7.414418 0.000695 0.000386 1.000000 384.488289
0.999991 -0.004183 -0.000381 -0.294166 0.004183 0.999991 -0.000271 -7.448411 0.000382 0.000269 1.000000 386.125894
0.999996 -0.002891 -0.000057 -0.303832 0.002891 0.999996 0.000452 -7.485057 0.000056 -0.000452 1.000000 387.762384
0.999999 -0.001739 0.000211 -0.312342 0.001739 0.999999 -0.000163 -7.522079 -0.000211 0.000163 1.000000 389.406482
1.000000 -0.000874 0.000481 -0.320430 0.000875 0.999999 -0.000748 -7.558709 -0.000481 0.000748 1.000000 391.040233
1.000000 -0.000128 0.000807 -0.327681 0.000128 1.000000 -0.000653 -7.596748 -0.000807 0.000653 1.000000 392.680273
0.999999 0.001117 0.001061 -0.333293 -0.001117 0.999999 0.000266 -7.631598 -0.001061 -0.000267 0.999999 394.321632
0.999996 0.002241 0.001452 -0.337655 -0.002243 0.999997 0.000983 -7.664429 -0.001450 -0.000986 0.999999 395.965325
0.999994 0.002903 0.001840 -0.340941 -0.002904 0.999996 0.000314 -7.696195 -0.001839 -0.000320 0.999998 397.618960
0.999993 0.002925 0.002092 -0.341028 -0.002926 0.999996 0.000458 -7.731691 -0.002090 -0.000465 0.999998 399.264479
