1.000000 0.000000 0.000000 0.000000 0.000000 1.000000 0.000000 0.000000 0.000000 0.000000 1.000000 0.000000
0.999997 -0.001959 -0.001630 0.003550 0.001957 0.999998 -0.000975 -0.009789 0.001632 0.000971 0.999998 0.573549
0.999993 -0.002475 -0.002756 0.001191 0.002469 0.999994 -0.002317 -0.022415 0.002762 0.002310 0.999993 1.143957
0.999986 -0.002528 -0.004581 -0.007945 0.002512 0.999991 -0.003527 -0.041411 0.004590 0.003515 0.999983 1.713719
0.999968 -0.004649 -0.006595 -0.015300 0.004613 0.999974 -0.005444 -0.059227 0.006620 0.005413 0.999963 2.283940
0.999941 -0.007135 -0.008153 -0.020697 0.007073 0.999946 -0.007569 -0.074232 0.008206 0.007511 0.999938 2.856905
0.999920 -0.008311 -0.009539 -0.030124 0.008230 0.999930 -0.008501 -0.090783 0.009609 0.008422 0.999918 3.439440
0.999904 -0.008525 -0.010911 -0.042130 0.008441 0.999934 -0.007742 -0.109854 0.010976 0.007649 0.999911 4.027047
0.999888 -0.008812 -0.012066 -0.056749 0.008716 0.999930 -0.007958 -0.134802 0.012135 0.007852 0.999896 4.622269
0.999878 -0.008279 -0.013248 -0.071098 0.008141 0.999913 -0.010401 -0.157551 0.013333 0.010292 0.999858 5.225145
0.999875 -0.006580 -0.014391 -0.089258 0.006374 0.999877 -0.014298 -0.180348 0.014483 0.014204 0.999794 5.834679
0.999865 -0.005083 -0.015612 -0.107001 0.004801 0.999826 -0.018046 -0.199658 0.015701 0.017969 0.999715 6.456219
0.999852 -0.003624 -0.016805 -0.125655 0.003307 0.999817 -0.018845 -0.218784 0.016871 0.018787 0.999681 7.090977
0.999839 -0.001113 -0.017885 -0.146570 0.000891 0.999923 -0.012403 -0.236617 0.017898 0.012385 0.999763 7.748347
0.999826 -0.000087 -0.018665 -0.166899 0.000054 0.999998 -0.001776 -0.254263 0.018665 0.001774 0.999824 8.422492
0.999812 0.001005 -0.019367 -0.187152 -0.000899 0.999985 0.005465 -0.273804 0.019372 -0.005447 0.999798 9.108570
0.999782 0.003390 -0.020617 -0.210733 -0.003276 0.999979 0.005567 -0.292437 0.020636 -0.005498 0.999772 9.802015
0.999754 0.005556 -0.021459 -0.236380 -0.005595 0.999983 -0.001779 -0.303572 0.021449 0.001898 0.999768 10.503808
0.999737 0.004813 -0.022428 -0.257476 -0.005013 0.999948 -0.008891 -0.309178 0.022384 0.009001 0.999709 11.224661
0.999714 0.002621 -0.023750 -0.274047 -0.002819 0.999961 -0.008327 -0.315224 0.023728 0.008391 0.999683 11.969467
0.999706 0.001894 -0.024161 -0.286210 -0.001858 0.999997 0.001497 -0.320701 0.024164 -0.001451 0.999707 12.740801
0.999697 0.001625 -0.024579 -0.300511 -0.001393 0.999954 0.009452 -0.325222 0.024593 -0.009415 0.999653 13.528560
0.999686 0.000758 -0.025035 -0.317369 -0.000452 0.999925 0.012237 -0.329207 0.025043 -0.012221 0.999612 14.328788
0.999679 -0.001383 -0.025292 -0.331834 0.001668 0.999935 0.011245 -0.330020 0.025275 -0.011283 0.999617 15.144081
0.999685 -0.002199 -0.024998 -0.350129 0.002414 0.999960 0.008582 -0.329860 0.024978 -0.008639 0.999651 15.977178
0.999704 0.000057 -0.024327 -0.363761 0.000067 0.999987 0.005100 -0.331078 0.024327 -0.005100 0.999691 16.822185
0.999724 -0.002637 -0.023346 -0.371423 0.002633 0.999996 -0.000205 -0.337421 0.023347 0.000143 0.999727 17.680807
0.999726 -0.005544 -0.022728 -0.373995 0.005400 0.999965 -0.006407 -0.350653 0.022763 0.006283 0.999721 18.553237
0.999755 -0.005086 -0.021530 -0.386822 0.004819 0.999911 -0.012411 -0.364323 0.021592 0.012304 0.999691 19.447630
0.999766 -0.003839 -0.021278 -0.398851 0.003555 0.999905 -0.013347 -0.383628 0.021328 0.013269 0.999684 20.361624
0.999762 -0.003423 -0.021536 -0.412460 0.003148 0.999914 -0.012769 -0.407881 0.021578 0.012698 0.999687 21.294984
0.999767 -0.002204 -0.021484 -0.425751 0.001910 0.999904 -0.013705 -0.435066 0.021512 0.013660 0.999675 22.242801
0.999773 0.000469 -0.021318 -0.443914 -0.000808 0.999873 -0.015886 -0.463143 0.021308 0.015899 0.999646 23.209467
0.999764 0.004014 -0.021336 -0.457276 -0.004372 0.999850 -0.016751 -0.491380 0.021265 0.016840 0.999632 24.195023
0.999758 0.005791 -0.021240 -0.475445 -0.006144 0.999844 -0.016581 -0.520819 0.021141 0.016707 0.999637 25.184932
0.999748 0.006655 -0.021464 -0.494147 -0.007010 0.999840 -0.016465 -0.550487 0.021351 0.016611 0.999634 26.181729
0.999743 0.006684 -0.021652 -0.512918 -0.007044 0.999838 -0.016582 -0.580698 0.021538 0.016730 0.999628 27.183416
0.999730 0.007470 -0.022005 -0.533512 -0.007810 0.999850 -0.015425 -0.612311 0.021887 0.015592 0.999639 28.198940
0.999718 0.008169 -0.022299 -0.554421 -0.008472 0.999873 -0.013520 -0.643098 0.022185 0.013705 0.999660 29.220745
0.999705 0.008829 -0.022635 -0.576165 -0.009107 0.999884 -0.012244 -0.673845 0.022524 0.012446 0.999669 30.249651
0.999705 0.008689 -0.022685 -0.597023 -0.008986 0.999875 -0.012983 -0.704807 0.022570 0.013183 0.999658 31.285354
0.999691 0.009758 -0.022865 -0.620265 -0.010084 0.999849 -0.014161 -0.734482 0.022724 0.014388 0.999638 32.328696
0.999685 0.009563 -0.023200 -0.643397 -0.009876 0.999861 -0.013405 -0.765854 0.023069 0.013630 0.999641 33.379586
0.999676 0.008860 -0.023878 -0.665790 -0.009117 0.999901 -0.010680 -0.796095 0.023781 0.010895 0.999658 34.441717
0.999666 0.009103 -0.024205 -0.689844 -0.009280 0.999931 -0.007196 -0.825070 0.024138 0.007418 0.999681 35.511953
0.999652 0.009284 -0.024707 -0.714865 -0.009401 0.999945 -0.004609 -0.852128 0.024663 0.004840 0.999684 36.590235
0.999639 0.009219 -0.025237 -0.742447 -0.009322 0.999949 -0.003983 -0.879245 0.025199 0.004216 0.999674 37.668303
0.999634 0.008640 -0.025627 -0.761855 -0.008785 0.999946 -0.005554 -0.899945 0.025577 0.005777 0.999656 38.755482
0.999623 0.008853 -0.025973 -0.774838 -0.009009 0.999942 -0.005876 -0.917390 0.025919 0.006108 0.999645 39.846506
0.999611 0.008637 -0.026508 -0.797533 -0.008772 0.999949 -0.005001 -0.942601 0.026463 0.005232 0.999636 40.938706
0.999591 0.008601 -0.027271 -0.823778 -0.008683 0.999958 -0.002899 -0.970725 0.027245 0.003135 0.999624 42.031759
0.999574 0.008728 -0.027837 -0.852772 -0.008747 0.999962 -0.000571 -0.998351 0.027831 0.000814 0.999612 43.122803
0.999547 0.010220 -0.028301 -0.883566 -0.010224 0.999948 0.000002 -1.026979 0.028299 0.000288 0.999599 44.212407
0.999528 0.010944 -0.028711 -0.919161 -0.011065 0.999931 -0.004058 -1.047970 0.028664 0.004373 0.999579 45.292748
0.999509 0.012352 -0.028812 -0.958534 -0.012603 0.999884 -0.008564 -1.065232 0.028703 0.008923 0.999548 46.370045
0.999494 0.013120 -0.028978 -0.995771 -0.013389 0.999869 -0.009110 -1.088166 0.028854 0.009494 0.999539 47.458117
0.999499 0.013243 -0.028750 -1.030361 -0.013430 0.999890 -0.006348 -1.110851 0.028663 0.006731 0.999567 48.552143
0.999492 0.014177 -0.028549 -1.065373 -0.014299 0.999889 -0.004059 -1.131381 0.028489 0.004466 0.999584 49.644181
0.999522 0.012042 -0.028474 -1.095182 -0.012125 0.999923 -0.002759 -1.149441 0.028438 0.003103 0.999591 50.735804
0.999520 0.013007 -0.028136 -1.128671 -0.013081 0.999911 -0.002439 -1.168837 0.028102 0.002806 0.999601 51.830013
0.999557 0.010821 -0.027721 -1.159505 -0.010972 0.999926 -0.005315 -1.184929 0.027662 0.005617 0.999602 52.915853
0.999547 0.011942 -0.027644 -1.194613 -0.012163 0.999895 -0.007822 -1.200275 0.027548 0.008154 0.999587 54.004502
0.999560 0.010978 -0.027564 -1.228077 -0.011252 0.999888 -0.009818 -1.221230 0.027453 0.010123 0.999572 55.093913
0.999575 0.009582 -0.027544 -1.266938 -0.009938 0.999868 -0.012820 -1.244310 0.027418 0.013088 0.999538 56.175360
0.999593 0.007889 -0.027413 -1.300862 -0.008314 0.999847 -0.015394 -1.272192 0.027288 0.015616 0.999506 57.262214
0.999608 0.006483 -0.027250 -1.338587 -0.006849 0.999888 -0.013346 -1.300079 0.027160 0.013527 0.999540 58.348419
0.999616 0.005273 -0.027209 -1.371832 -0.005472 0.999959 -0.007263 -1.322688 0.027170 0.007409 0.999603 59.450328
0.999629 0.004178 -0.026920 -1.407336 -0.004211 0.999990 -0.001183 -1.339024 0.026915 0.001296 0.999637 60.551243
0.999638 0.002509 -0.026778 -1.438618 -0.002506 0.999997 0.000133 -1.354327 0.026778 -0.000066 0.999641 61.649652
0.999647 -0.000662 -0.026548 -1.465550 0.000580 0.999995 -0.003109 -1.364859 0.026550 0.003092 0.999643 62.744217
0.999645 -0.002549 -0.026510 -1.490854 0.002380 0.999977 -0.006408 -1.377471 0.026526 0.006343 0.999628 63.837543
0.999647 -0.000571 -0.026552 -1.521718 0.000300 0.999948 -0.010192 -1.395800 0.026556 0.010180 0.999595 64.932047
0.999648 -0.001302 -0.026491 -1.550303 0.000908 0.999889 -0.014873 -1.415207 0.026507 0.014844 0.999538 66.029005
0.999661 0.001995 -0.025943 -1.581426 -0.002403 0.999874 -0.015692 -1.436238 0.025909 0.015749 0.999540 67.129169
0.999666 0.006848 -0.024927 -1.616478 -0.007148 0.999903 -0.011958 -1.460636 0.024842 0.012132 0.999618 68.236669
0.999658 0.008313 -0.024785 -1.647111 -0.008550 0.999919 -0.009464 -1.483749 0.024705 0.009672 0.999648 69.340749
0.999660 0.007576 -0.024949 -1.673216 -0.007807 0.999927 -0.009192 -1.501927 0.024878 0.009384 0.999646 70.441725
0.999674 0.006096 -0.024784 -1.697486 -0.006303 0.999946 -0.008275 -1.522851 0.024732 0.008428 0.999659 71.544902
0.999673 0.004970 -0.025071 -1.722249 -0.005145 0.999963 -0.006903 -1.542287 0.025035 0.007029 0.999662 72.644255
0.999672 0.003395 -0.025369 -1.749106 -0.003524 0.999981 -0.005068 -1.566430 0.025351 0.005156 0.999665 73.743587
0.999657 0.002221 -0.026075 -1.780112 -0.002302 0.999992 -0.003104 -1.593458 0.026068 0.003163 0.999655 74.838558
0.999643 0.001479 -0.026666 -1.810371 -0.001591 0.999990 -0.004158 -1.618953 0.026660 0.004199 0.999636 75.928151
0.999629 0.001607 -0.027186 -1.844449 -0.001826 0.999966 -0.008035 -1.644073 0.027173 0.008082 0.999598 77.012448
0.999610 0.002134 -0.027839 -1.879203 -0.002425 0.999943 -0.010418 -1.670698 0.027815 0.010481 0.999558 78.096279
0.999589 0.004233 -0.028349 -1.920275 -0.004484 0.999951 -0.008786 -1.702097 0.028311 0.008910 0.999560 79.176285
0.999568 0.005279 -0.028921 -1.959781 -0.005416 0.999974 -0.004669 -1.731655 0.028896 0.004824 0.999571 80.262135
0.999541 0.006853 -0.029506 -2.000269 -0.006869 0.999976 -0.000433 -1.759353 0.029503 0.000635 0.999564 81.342983
0.999521 0.007995 -0.029902 -2.038462 -0.007978 0.999968 0.000684 -1.780033 0.029906 -0.000445 0.999553 82.418992
0.999506 0.007796 -0.030448 -2.075843 -0.007849 0.999968 -0.001626 -1.798450 0.030434 0.001864 0.999535 83.488904
0.999488 0.007555 -0.031084 -2.112473 -0.007642 0.999967 -0.002682 -1.819154 0.031063 0.002918 0.999513 84.551066
0.999475 0.007226 -0.031576 -2.148946 -0.007306 0.999970 -0.002449 -1.836350 0.031557 0.002679 0.999498 85.604989
0.999461 0.005956 -0.032292 -2.183554 -0.006032 0.999979 -0.002247 -1.854735 0.032278 0.002440 0.999476 86.644750
0.999447 0.004547 -0.032934 -2.219019 -0.004572 0.999989 -0.000696 -1.871238 0.032931 0.000846 0.999457 87.670206
0.999431 0.004757 -0.033382 -2.257276 -0.004696 0.999987 0.001908 -1.889129 0.033390 -0.001750 0.999441 88.678153
0.999402 0.004013 -0.034346 -2.295326 -0.003903 0.999987 0.003267 -1.907770 0.034359 -0.003131 0.999405 89.664186
0.999334 0.002999 -0.036373 -2.337195 -0.002881 0.999990 0.003309 -1.929486 0.036383 -0.003202 0.999333 90.630669
0.999211 0.002138 -0.039651 -2.378871 -0.002031 0.999994 0.002744 -1.950966 0.039656 -0.002662 0.999210 91.574408
0.999068 0.002187 -0.043099 -2.424894 -0.002108 0.999996 0.001875 -1.972736 0.043103 -0.001783 0.999069 92.492693
0.998931 0.001833 -0.046197 -2.470153 -0.001755 0.999997 0.001722 -1.993637 0.046200 -0.001639 0.998931 93.389977
0.998777 0.002905 -0.049354 -2.522883 -0.002745 0.999991 0.003299 -2.021957 0.049363 -0.003160 0.998776 94.263046
0.998619 0.003942 -0.052381 -2.575191 -0.003724 0.999984 0.004242 -2.044394 0.052397 -0.004041 0.998618 95.113400
0.998457 0.004911 -0.055305 -2.632105 -0.004596 0.999972 0.005825 -2.066115 0.055332 -0.005562 0.998452 95.938279
0.998295 0.006428 -0.058020 -2.688119 -0.006048 0.999959 0.006716 -2.083333 0.058061 -0.006354 0.998293 96.734662
0.998136 0.008546 -0.060428 -2.749231 -0.008117 0.999940 0.007344 -2.104835 0.060487 -0.006840 0.998146 97.504200
0.997950 0.010453 -0.063131 -2.809581 -0.010068 0.999929 0.006424 -2.127247 0.063194 -0.005775 0.997985 98.240595
0.997768 0.011842 -0.065714 -2.868711 -0.011668 0.999927 0.003035 -2.149905 0.065745 -0.002262 0.997834 98.947306
0.997572 0.014144 -0.068196 -2.927259 -0.014233 0.999898 -0.000817 -2.169614 0.068178 0.001786 0.997672 99.620681
0.997387 0.016163 -0.070408 -2.983337 -0.016449 0.999859 -0.003493 -2.192789 0.070341 0.004642 0.997512 100.265811
0.997289 0.017773 -0.071411 -3.036071 -0.018155 0.999824 -0.004697 -2.217650 0.071315 0.005981 0.997436 100.879208
0.997298 0.020312 -0.070594 -3.087914 -0.020656 0.999778 -0.004148 -2.242127 0.070495 0.005595 0.997497 101.470286
0.997408 0.024011 -0.067825 -3.137233 -0.024231 0.999703 -0.002434 -2.268333 0.067747 0.004071 0.997694 102.040232
0.997686 0.026857 -0.062460 -3.177945 -0.026959 0.999636 -0.000788 -2.291455 0.062416 0.002470 0.998047 102.585830
0.998086 0.027695 -0.055284 -3.208385 -0.027683 0.999616 0.000981 -2.311035 0.055290 0.000552 0.998470 103.110022
0.998572 0.027543 -0.045767 -3.228771 -0.027414 0.999618 0.003444 -2.327168 0.045844 -0.002184 0.998946 103.611490
0.999050 0.027116 -0.034116 -3.243210 -0.026967 0.999625 0.004838 -2.349063 0.034235 -0.003914 0.999406 104.092058
0.999436 0.026350 -0.020796 -3.248532 -0.026252 0.999643 0.004953 -2.369031 0.020919 -0.004404 0.999772 104.549192
0.999643 0.026064 -0.005857 -3.244696 -0.026039 0.999652 0.004239 -2.391847 0.005965 -0.004085 0.999974 104.987050
0.999625 0.024657 0.011876 -3.228961 -0.024675 0.999695 0.001415 -2.410045 -0.011838 -0.001707 0.999928 105.414053
0.999176 0.023972 0.032762 -3.202793 -0.023883 0.999710 -0.003112 -2.432590 -0.032827 0.002327 0.999458 105.831520
0.998147 0.021875 0.056788 -3.161487 -0.021453 0.999738 -0.008030 -2.449486 -0.056949 0.006796 0.998354 106.237421
0.996291 0.019535 0.083801 -3.106374 -0.018695 0.999767 -0.010792 -2.472039 -0.083993 0.009185 0.996424 106.640381
0.993405 0.016853 0.113410 -3.037467 -0.015586 0.999806 -0.012053 -2.487673 -0.113591 0.010206 0.993475 107.028123
0.989247 0.014378 0.145542 -2.953783 -0.012521 0.999828 -0.013671 -2.507487 -0.145714 0.011702 0.989258 107.413024
0.983442 0.011693 0.180848 -2.854840 -0.009043 0.999839 -0.015472 -2.526594 -0.181000 0.013580 0.983389 107.780983
0.975682 0.008225 0.219036 -2.738731 -0.004861 0.999862 -0.015894 -2.548585 -0.219137 0.014443 0.975587 108.148435
0.965904 0.005640 0.258838 -2.608216 -0.001393 0.999861 -0.016587 -2.565421 -0.258896 0.015661 0.965778 108.495090
0.953876 0.005989 0.300140 -2.467164 -0.000753 0.999846 -0.017559 -2.585374 -0.300199 0.016523 0.953734 108.841035
0.938908 0.008083 0.344074 -2.312574 -0.002030 0.999837 -0.017948 -2.601080 -0.344163 0.016153 0.938771 109.177139
0.921364 0.007842 0.388623 -2.140133 -0.001344 0.999855 -0.016988 -2.615943 -0.388699 0.015130 0.921240 109.491837
0.901512 0.006908 0.432699 -1.949511 -0.000128 0.999877 -0.015695 -2.628863 -0.432754 0.014094 0.901402 109.803999
0.878776 0.005397 0.477204 -1.745331 0.002469 0.999871 -0.015854 -2.641910 -0.477228 0.015110 0.878650 110.088769
0.853985 0.005487 0.520269 -1.528762 0.004312 0.999835 -0.017622 -2.655967 -0.520280 0.017293 0.853821 110.371815
0.826862 0.007077 0.562360 -1.301592 0.005372 0.999776 -0.020480 -2.670469 -0.562379 0.019955 0.826639 110.630817
0.796713 0.011467 0.604249 -1.062362 0.004229 0.999690 -0.024548 -2.682863 -0.604343 0.022113 0.796417 110.895399
0.763431 0.017211 0.645660 -0.808957 0.001534 0.999594 -0.028459 -2.691906 -0.645887 0.022716 0.763095 111.137561
0.726664 0.022005 0.686640 -0.538582 -0.001000 0.999520 -0.030974 -2.699185 -0.686992 0.021821 0.726337 111.382969
0.687653 0.022432 0.725693 -0.250385 0.000784 0.999499 -0.031638 -2.712112 -0.726039 0.022325 0.687291 111.610826
0.647228 0.019579 0.762045 0.056418 0.005454 0.999526 -0.030313 -2.723636 -0.762277 0.023775 0.646814 111.804393
0.603501 0.017317 0.797174 0.379712 0.006707 0.999618 -0.026792 -2.732922 -0.797334 0.021516 0.603155 112.004859
0.557480 0.015584 0.830044 0.715155 0.007848 0.999680 -0.024040 -2.741477 -0.830154 0.019916 0.557179 112.171643
0.510016 0.013188 0.860064 1.064571 0.009404 0.999737 -0.020906 -2.753607 -0.860113 0.018750 0.509758 112.335992
0.459681 0.008542 0.888043 1.428371 0.012264 0.999797 -0.015965 -2.764267 -0.887999 0.018230 0.459483 112.464124
0.408206 0.008234 0.912853 1.799641 0.009891 0.999861 -0.013442 -2.777327 -0.912836 0.014516 0.408068 112.597227
0.357242 0.012407 0.933929 2.179895 0.006275 0.999857 -0.015684 -2.788461 -0.933991 0.011463 0.357114 112.713896
0.306722 0.017873 0.951631 2.569688 0.005747 0.999771 -0.020630 -2.796272 -0.951782 0.011797 0.306549 112.797288
0.259821 0.020062 0.965448 2.976992 0.007049 0.999718 -0.022671 -2.806532 -0.965631 0.012696 0.259606 112.878956
0.217908 0.019611 0.975772 3.399100 0.013572 0.999641 -0.023121 -2.818457 -0.975875 0.018281 0.217563 112.932320
0.182282 0.019182 0.983059 3.838494 0.021772 0.999486 -0.023540 -2.829807 -0.983005 0.025694 0.181771 112.979190
0.151386 0.020924 0.988253 4.288371 0.027057 0.999314 -0.025303 -2.840259 -0.988104 0.030570 0.150716 113.017641
0.122900 0.019319 0.992231 4.758579 0.025451 0.999420 -0.022611 -2.856964 -0.992093 0.028032 0.122337 113.062990
0.096964 0.015609 0.995166 5.248261 0.018806 0.999670 -0.017512 -2.871679 -0.995110 0.020413 0.096638 113.106107
0.072619 0.012144 0.997286 5.754711 0.013720 0.999819 -0.013174 -2.886056 -0.997265 0.014640 0.072440 113.134818
0.049619 0.008991 0.998728 6.282546 0.017134 0.999805 -0.009852 -2.902144 -0.998621 0.017601 0.049455 113.144355
0.029138 0.009132 0.999534 6.825883 0.024613 0.999649 -0.009850 -2.917163 -0.999272 0.024888 0.028903 113.135327
0.010955 0.011222 0.999877 7.387713 0.029945 0.999485 -0.011545 -2.930539 -0.999491 0.030068 0.010614 113.117169
-0.003553 0.016909 0.999851 7.969038 0.031580 0.999360 -0.016789 -2.935743 -0.999495 0.031516 -0.004085 113.107126
-0.015230 0.021919 0.999644 8.569951 0.028595 0.999360 -0.021477 -2.943016 -0.999475 0.028258 -0.015847 113.098707
-0.021981 0.022581 0.999503 9.197002 0.030812 0.999285 -0.021898 -2.953427 -0.999283 0.030316 -0.022661 113.078621
-0.024915 0.018451 0.999519 9.849016 0.036553 0.999178 -0.017534 -2.966443 -0.999021 0.036099 -0.025569 113.048898
-0.024788 0.017397 0.999541 10.515433 0.039206 0.999096 -0.016417 -2.980253 -0.998924 0.038781 -0.025448 113.027087
-0.023129 0.016521 0.999596 11.201629 0.038622 0.999132 -0.015620 -2.993917 -0.998986 0.038245 -0.023747 113.012987
-0.021748 0.016394 0.999629 11.900385 0.034153 0.999294 -0.015646 -3.009754 -0.999180 0.033800 -0.022293 113.006394
-0.020668 0.018290 0.999619 12.620750 0.033751 0.999275 -0.017586 -3.020980 -0.999217 0.033374 -0.021270 112.991584
-0.019937 0.018836 0.999624 13.354212 0.033193 0.999284 -0.018168 -3.034345 -0.999250 0.032819 -0.020548 112.975962
-0.019408 0.018450 0.999641 14.103571 0.033008 0.999297 -0.017803 -3.051223 -0.999267 0.032651 -0.020003 112.959630
-0.018754 0.017036 0.999679 14.870603 0.031611 0.999365 -0.016438 -3.072877 -0.999324 0.031293 -0.019281 112.950704
-0.018210 0.015705 0.999711 15.647201 0.032463 0.999359 -0.015108 -3.095311 -0.999307 0.032178 -0.018708 112.938228
-0.018806 0.013519 0.999732 16.435538 0.033323 0.999362 -0.012887 -3.118178 -0.999268 0.033072 -0.019245 112.923113
-0.020161 0.011961 0.999725 17.226998 0.031207 0.999449 -0.011329 -3.141006 -0.999310 0.030970 -0.020523 112.908100
-0.021803 0.010951 0.999702 18.024881 0.029610 0.999508 -0.010303 -3.160636 -0.999324 0.029377 -0.022116 112.889537
-0.023230 0.008367 0.999695 18.834390 0.031873 0.999463 -0.007624 -3.176463 -0.999222 0.031686 -0.023484 112.865089
-0.024479 0.007294 0.999674 19.652177 0.034738 0.999376 -0.006441 -3.193647 -0.999097 0.034569 -0.024718 112.837902
-0.026542 0.005000 0.999635 20.480414 0.030349 0.999530 -0.004194 -3.214056 -0.999187 0.030227 -0.026681 112.819136
-0.027424 0.009939 0.999575 21.310010 0.027774 0.999572 -0.009177 -3.232298 -0.999238 0.027511 -0.027688 112.801282
-0.028047 0.015094 0.999493 22.143796 0.029248 0.999470 -0.014273 -3.250815 -0.999179 0.028833 -0.028474 112.780589
-0.028775 0.016938 0.999442 22.986702 0.029980 0.999421 -0.016075 -3.273148 -0.999136 0.029501 -0.029267 112.761416
-0.029841 0.014844 0.999444 23.837298 0.026432 0.999552 -0.014056 -3.298255 -0.999205 0.025998 -0.030220 112.748940
-0.030614 0.010713 0.999474 24.690907 0.023300 0.999679 -0.010002 -3.326366 -0.999260 0.022981 -0.030854 112.739406
-0.030565 0.004929 0.999521 25.546992 0.021585 0.999758 -0.004270 -3.350402 -0.999300 0.021444 -0.030664 112.722161
-0.030491 -0.000535 0.999535 26.404415 0.018374 0.999831 0.001096 -3.370419 -0.999366 0.018399 -0.030476 112.710294
-0.030378 -0.001871 0.999537 27.254778 0.015301 0.999880 0.002337 -3.392421 -0.999421 0.015365 -0.030346 112.697412
-0.029405 0.003384 0.999562 28.097847 0.017708 0.999839 -0.002864 -3.417654 -0.999411 0.017616 -0.029460 112.677022
-0.028237 0.015170 0.999486 28.930791 0.020339 0.999687 -0.014598 -3.439638 -0.999394 0.019916 -0.028537 112.651865
-0.027650 0.022038 0.999375 29.765449 0.022606 0.999515 -0.021415 -3.464646 -0.999362 0.022000 -0.028135 112.628330
-0.026361 0.016155 0.999522 30.609035 0.023802 0.999596 -0.015528 -3.494748 -0.999369 0.023381 -0.026735 112.605709
-0.025116 0.007843 0.999654 31.452215 0.026442 0.999625 -0.007178 -3.524637 -0.999335 0.026252 -0.025314 112.581870
-0.024521 0.005048 0.999687 32.285595 0.028126 0.999595 -0.004358 -3.550386 -0.999304 0.028010 -0.024654 112.558336
-0.024484 0.005625 0.999684 33.110281 0.027254 0.999616 -0.004957 -3.574008 -0.999329 0.027124 -0.024628 112.539570
-0.025209 0.006438 0.999661 33.934328 0.024285 0.999688 -0.005826 -3.597380 -0.999387 0.024130 -0.025357 112.523137
-0.027111 0.006832 0.999609 34.752054 0.022355 0.999731 -0.006226 -3.619497 -0.999382 0.022178 -0.027256 112.503762
-0.029071 0.006272 0.999558 35.567812 0.021649 0.999750 -0.005644 -3.643377 -0.999343 0.021476 -0.029200 112.481243
-0.031182 0.007054 0.999489 36.379249 0.020945 0.999760 -0.006402 -3.668997 -0.999294 0.020735 -0.031323 112.459535
-0.033231 0.007281 0.999421 37.186982 0.019092 0.999796 -0.006649 -3.692321 -0.999265 0.018860 -0.033364 112.439450
-0.035288 0.006548 0.999356 37.993082 0.017021 0.999837 -0.005950 -3.713275 -0.999232 0.016800 -0.035393 112.418756
-0.037328 0.004989 0.999291 38.794861 0.017476 0.999838 -0.004339 -3.739393 -0.999150 0.017301 -0.037409 112.394207
-0.039317 0.004742 0.999216 39.589122 0.017205 0.999844 -0.004068 -3.764360 -0.999079 0.017032 -0.039392 112.366412
-0.041142 0.005914 0.999136 40.381283 0.016954 0.999843 -0.005220 -3.788915 -0.999009 0.016725 -0.041235 112.336588
-0.042133 0.006780 0.999089 41.163623 0.017529 0.999828 -0.006046 -3.811300 -0.998958 0.017259 -0.042245 112.302909
-0.043351 0.005463 0.999045 41.947567 0.019534 0.999799 -0.004619 -3.834868 -0.998869 0.019315 -0.043449 112.266491
-0.044750 0.004543 0.998988 42.726286 0.019670 0.999800 -0.003666 -3.860486 -0.998805 0.019486 -0.044830 112.230174
-0.046131 0.003792 0.998928 43.497507 0.018654 0.999822 -0.002934 -3.885455 -0.998761 0.018499 -0.046193 112.197205
-0.047527 0.002698 0.998866 44.257945 0.016826 0.999857 -0.001900 -3.908535 -0.998728 0.016717 -0.047566 112.166671
-0.048442 0.001859 0.998824 45.001958 0.015639 0.999877 -0.001102 -3.927506 -0.998704 0.015568 -0.048465 112.135731
-0.049300 0.001121 0.998783 45.727030 0.015753 0.999876 -0.000345 -3.947128 -0.998660 0.015717 -0.049312 112.104892
-0.049633 0.003439 0.998762 46.442231 0.015950 0.999869 -0.002651 -3.968246 -0.998640 0.015799 -0.049681 112.074155
-0.049717 0.006538 0.998742 47.152877 0.016242 0.999852 -0.005736 -3.990288 -0.998631 0.015937 -0.049815 112.042200
-0.049911 0.008104 0.998721 47.860317 0.014358 0.999869 -0.007396 -4.011755 -0.998650 0.013971 -0.050021 112.013391
-0.050130 0.008979 0.998702 48.564998 0.014656 0.999858 -0.008254 -4.034285 -0.998635 0.014224 -0.050255 111.982349
-0.050200 0.008863 0.998700 49.269546 0.015836 0.999842 -0.008077 -4.055339 -0.998614 0.015410 -0.050332 111.948061
-0.050480 0.007914 0.998694 49.967917 0.016851 0.999833 -0.007072 -4.074607 -0.998583 0.016472 -0.050605 111.914889
-0.050875 0.008508 0.998669 50.663386 0.013115 0.999883 -0.007850 -4.093812 -0.998619 0.012698 -0.050980 111.888413
-0.050833 0.008202 0.998673 51.357424 0.010217 0.999918 -0.007692 -4.114385 -0.998655 0.009812 -0.050913 111.861835
-0.050697 0.006789 0.998691 52.042424 0.012087 0.999908 -0.006184 -4.131756 -0.998641 0.011758 -0.050774 111.827548
-0.051598 0.006405 0.998647 52.725039 0.012761 0.999902 -0.005753 -4.148661 -0.998586 0.012447 -0.051675 111.792550
-0.054880 0.005892 0.998476 53.404134 0.009889 0.999937 -0.005357 -4.167844 -0.998444 0.009580 -0.054935 111.761305
-0.060120 0.005456 0.998176 54.079445 0.005756 0.999970 -0.005119 -4.188031 -0.998175 0.005438 -0.060150 111.729046
-0.065944 0.008720 0.997785 54.748638 0.008774 0.999928 -0.008159 -4.204714 -0.997785 0.008217 -0.066015 111.680758
-0.072320 0.012096 0.997308 55.419282 0.011542 0.999870 -0.011290 -4.221113 -0.997315 0.010694 -0.072450 111.624963
-0.079766 0.013678 0.996720 56.098246 0.010696 0.999860 -0.012865 -4.239741 -0.996756 0.009635 -0.079901 111.570588
-0.086101 0.012893 0.996203 56.780009 0.007212 0.999898 -0.012317 -4.259740 -0.996260 0.006124 -0.086185 111.516721
-0.091519 0.011841 0.995733 57.466195 0.005857 0.999918 -0.011352 -4.283061 -0.995786 0.004793 -0.091581 111.452708
-0.096017 0.012279 0.995304 58.155527 0.004243 0.999920 -0.011926 -4.305330 -0.995371 0.003078 -0.096061 111.384130
-0.099999 0.011439 0.994922 58.853420 0.001730 0.999934 -0.011323 -4.323997 -0.994986 0.000589 -0.100012 111.316060
-0.102799 0.008949 0.994662 59.560231 0.002193 0.999959 -0.008770 -4.342226 -0.994700 0.001280 -0.102814 111.242612
-0.104534 0.005579 0.994506 60.279886 0.003960 0.999979 -0.005194 -4.360434 -0.994513 0.003395 -0.104554 111.164498
-0.106344 0.001342 0.994328 61.014190 0.002969 0.999995 -0.001032 -4.377079 -0.994325 0.002842 -0.106347 111.090848
-0.107847 0.001981 0.994166 61.750361 0.002648 0.999995 -0.001705 -4.390954 -0.994164 0.002449 -0.107852 111.016590
-0.108576 0.005065 0.994075 62.489393 0.004062 0.999981 -0.004651 -4.404393 -0.994080 0.003533 -0.108595 110.936852
-0.108761 0.009316 0.994024 63.232899 0.009640 0.999919 -0.008317 -4.420348 -0.994021 0.008678 -0.108842 110.849608
-0.109326 0.013539 0.993914 63.984206 0.017246 0.999783 -0.011722 -4.438119 -0.993856 0.015860 -0.109536 110.757393
-0.110041 0.015960 0.993799 64.739642 0.018756 0.999726 -0.013978 -4.456517 -0.993750 0.017102 -0.110310 110.672989
-0.110628 0.013540 0.993770 65.499309 0.016628 0.999792 -0.011771 -4.476878 -0.993723 0.015222 -0.110830 110.594571
-0.110447 0.007719 0.993852 66.262354 0.015728 0.999858 -0.006018 -4.499677 -0.993758 0.014967 -0.110553 110.514124
-0.110549 0.006344 0.993850 67.017232 0.018484 0.999820 -0.004326 -4.579860 -0.993699 0.017892 -0.110647 110.436010
-0.111546 0.005772 0.993742 67.774231 0.018744 0.999817 -0.003703 -4.708747 -0.993583 0.018214 -0.111634 110.368346
-0.113314 0.006360 0.993539 68.525305 0.017314 0.999840 -0.004425 -4.789634 -0.993408 0.016701 -0.113406 110.296725
-0.115597 0.007492 0.993268 69.275516 0.016880 0.999842 -0.005577 -4.884585 -0.993153 0.016122 -0.115705 110.223379
-0.117766 0.007255 0.993015 70.025352 0.017586 0.999832 -0.005219 -4.946543 -0.992886 0.016848 -0.117874 110.141208
-0.119588 0.007408 0.992796 70.781478 0.018375 0.999817 -0.005247 -5.019805 -0.992654 0.017616 -0.119702 110.055789
-0.121674 0.007133 0.992544 71.541612 0.017975 0.999826 -0.004982 -5.072470 -0.992407 0.017235 -0.121781 109.970270
-0.123410 0.007377 0.992328 72.307234 0.015593 0.999863 -0.005494 -5.125756 -0.992233 0.014795 -0.123508 109.886780
-0.124645 0.008736 0.992163 73.071821 0.015952 0.999850 -0.006799 -5.169640 -0.992073 0.014979 -0.124765 109.798014
-0.125381 0.008770 0.992070 73.842059 0.014359 0.999872 -0.007024 -5.215003 -0.992005 0.013364 -0.125491 109.712190
-0.126793 0.009328 0.991885 74.617825 0.014354 0.999868 -0.007569 -5.250965 -0.991825 0.013278 -0.126910 109.623323
-0.127812 0.007724 0.991768 75.400400 0.014765 0.999874 -0.005885 -5.288827 -0.991688 0.013892 -0.127910 109.532224
-0.128940 0.005671 0.991636 76.186667 0.012608 0.999912 -0.004079 -5.322302 -0.991572 0.011976 -0.129000 109.438588
-0.130642 0.003494 0.991423 76.978848 0.009507 0.999952 -0.002271 -5.352632 -0.991384 0.009128 -0.130669 109.346069
-0.132664 0.002681 0.991157 77.774935 0.010267 0.999946 -0.001331 -5.383553 -0.991108 0.009999 -0.132685 109.246448
-0.134469 0.003148 0.990913 78.577089 0.011596 0.999931 -0.001603 -5.407645 -0.990850 0.011275 -0.134496 109.142668
-0.136692 0.004086 0.990605 79.383687 0.011010 0.999936 -0.002605 -5.427471 -0.990552 0.010550 -0.136728 109.041526
-0.138360 0.007757 0.990352 80.192466 0.011803 0.999911 -0.006182 -5.449247 -0.990312 0.010834 -0.138439 108.935311
-0.138590 0.011986 0.990277 81.006266 0.014317 0.999846 -0.010098 -5.474046 -0.990246 0.012778 -0.138740 108.824125
-0.139756 0.015725 0.990061 81.825362 0.015675 0.999784 -0.013667 -5.497261 -0.990062 0.013610 -0.139972 108.713142
-0.139496 0.016639 0.990083 82.655152 0.017220 0.999748 -0.014376 -5.523123 -0.990073 0.015044 -0.139748 108.601347
-0.139018 0.016336 0.990155 83.490460 0.021334 0.999681 -0.013498 -5.550477 -0.990060 0.019247 -0.139322 108.483770
-0.138805 0.014471 0.990214 84.333498 0.021652 0.999699 -0.011575 -5.578164 -0.990083 0.019833 -0.139076 108.372381
-0.138125 0.013012 0.990329 85.179965 0.021223 0.999723 -0.010176 -5.600569 -0.990187 0.019612 -0.138363 108.263833
-0.136402 0.010768 0.990595 86.030927 0.019931 0.999768 -0.008123 -5.624186 -0.990453 0.018636 -0.136585 108.155488
-0.134701 0.007331 0.990859 86.891780 0.020693 0.999775 -0.004584 -5.645151 -0.990670 0.019886 -0.134823 108.043288
-0.132918 0.003963 0.991119 87.753110 0.021098 0.999777 -0.001168 -5.665219 -0.990903 0.020755 -0.132972 107.933218
-0.131187 0.003194 0.991352 88.615028 0.019488 0.999810 -0.000643 -5.689906 -0.991166 0.019235 -0.131224 107.827206
-0.129795 0.007040 0.991516 89.474086 0.020400 0.999782 -0.004428 -5.717941 -0.991331 0.019652 -0.129910 107.719774
-0.127683 0.013376 0.991725 90.334076 0.020721 0.999727 -0.010816 -5.742522 -0.991599 0.019168 -0.127926 107.614067
-0.126106 0.016936 0.991872 91.198105 0.019463 0.999704 -0.014595 -5.767415 -0.991826 0.017464 -0.126398 107.514548
-0.124372 0.014914 0.992124 92.071913 0.017600 0.999763 -0.012822 -5.799013 -0.992080 0.015867 -0.124605 107.414421
-0.123495 0.011967 0.992273 92.949749 0.017933 0.999791 -0.009826 -5.830094 -0.992183 0.016581 -0.123684 107.311250
-0.122862 0.010315 0.992370 93.828011 0.018665 0.999793 -0.008082 -5.857296 -0.992248 0.017530 -0.123029 107.207369
-0.122148 0.010388 0.992457 94.700328 0.018738 0.999791 -0.008158 -5.883872 -0.992335 0.017601 -0.122317 107.105212
-0.121725 0.009882 0.992515 95.576855 0.017541 0.999816 -0.007803 -5.910917 -0.992409 0.016460 -0.121876 107.004172
-0.120948 0.008899 0.992619 96.452702 0.020172 0.999775 -0.006505 -5.936408 -0.992454 0.019237 -0.121100 106.899885
-0.119844 0.007272 0.992766 97.327210 0.022342 0.999740 -0.004626 -5.961976 -0.992541 0.021626 -0.119975 106.794381
-0.119035 0.008849 0.992851 98.193998 0.025163 0.999666 -0.005893 -5.986691 -0.992571 0.024281 -0.119218 106.691514
-0.118302 0.011415 0.992912 99.061425 0.025794 0.999632 -0.008419 -6.012871 -0.992643 0.024615 -0.118553 106.589054
-0.117463 0.012382 0.993000 99.926752 0.022924 0.999690 -0.009753 -6.038151 -0.992813 0.021618 -0.117711 106.492071
-0.117182 0.009007 0.993070 100.792282 0.018209 0.999810 -0.006919 -6.066471 -0.992943 0.017272 -0.117324 106.398640
-0.117221 0.005690 0.993090 101.654596 0.013057 0.999906 -0.004188 -6.095973 -0.993020 0.012476 -0.117284 106.307338
-0.118367 0.006041 0.992951 102.507891 0.009720 0.999941 -0.004925 -6.123256 -0.992922 0.009069 -0.118419 106.214718
-0.119734 0.010684 0.992749 103.354693 0.006446 0.999929 -0.009983 -6.148741 -0.992785 0.005204 -0.119795 106.122707
-0.120483 0.013520 0.992623 104.197032 0.005468 0.999901 -0.012956 -6.174259 -0.992700 0.003866 -0.120545 106.026841
-0.120970 0.013929 0.992559 105.036834 0.006374 0.999892 -0.013255 -6.203992 -0.992636 0.004723 -0.121045 105.928337
-0.121419 0.012988 0.992516 105.874202 0.007534 0.999898 -0.012163 -6.235915 -0.992573 0.006001 -0.121504 105.827601
-0.122001 0.013592 0.992437 106.703250 0.008617 0.999883 -0.012635 -6.267117 -0.992493 0.007011 -0.122104 105.727981
-0.122502 0.016460 0.992332 107.527226 0.009949 0.999833 -0.015356 -6.298760 -0.992418 0.007992 -0.122645 105.627447
-0.123122 0.018191 0.992225 108.346434 0.009662 0.999807 -0.017131 -6.331199 -0.992344 0.007478 -0.123274 105.529248
-0.124302 0.018236 0.992077 109.162598 0.007973 0.999817 -0.017379 -6.362544 -0.992212 0.005749 -0.124425 105.432874
-0.126456 0.017494 0.991818 109.972879 0.006222 0.999839 -0.016842 -6.396279 -0.991953 0.004041 -0.126544 105.335993
-0.129609 0.017743 0.991406 110.774739 0.005753 0.999837 -0.017141 -6.429851 -0.991549 0.003482 -0.129690 105.235967
-0.132729 0.020763 0.990935 111.571323 0.005471 0.999781 -0.020216 -6.461637 -0.991137 0.002738 -0.132814 105.134217
-0.136227 0.022248 0.990428 112.362226 0.004322 0.999752 -0.021863 -6.493157 -0.990668 0.001302 -0.136289 105.032061
-0.139382 0.022115 0.989992 113.151507 0.004017 0.999755 -0.021768 -6.526005 -0.990231 0.000943 -0.139437 104.926962
-0.142274 0.020442 0.989616 113.935917 0.005216 0.999788 -0.019902 -6.558137 -0.989814 0.002331 -0.142351 104.818516
-0.144809 0.021285 0.989231 114.717589 0.007013 0.999765 -0.020485 -6.588770 -0.989435 0.003971 -0.144925 104.707635
-0.146915 0.025694 0.988815 115.492057 0.002554 0.999669 -0.025597 -6.625419 -0.989146 -0.001236 -0.146932 104.604160
-0.148805 0.031764 0.988356 116.260743 -0.000400 0.999482 -0.032181 -6.664413 -0.988866 -0.005184 -0.148715 104.498250
-0.151349 0.036162 0.987819 117.028921 0.003781 0.999344 -0.036005 -6.698886 -0.988473 -0.001715 -0.151387 104.379253
-0.154000 0.034248 0.987477 117.800651 0.006070 0.999413 -0.033715 -6.732518 -0.988052 0.000801 -0.154118 104.256705
-0.157535 0.026123 0.987168 118.577656 0.004682 0.999659 -0.025706 -6.772644 -0.987502 0.000572 -0.157603 104.139027
-0.159796 0.023297 0.986875 119.344515 0.003079 0.999728 -0.023102 -6.812258 -0.987145 -0.000653 -0.159824 104.020233
-0.161357 0.027135 0.986523 120.102143 0.003128 0.999631 -0.026983 -6.848109 -0.986891 -0.001268 -0.161382 103.896367
-0.163998 0.030015 0.986004 120.858249 0.000491 0.999539 -0.030345 -6.880154 -0.986460 -0.004492 -0.163938 103.778486
-0.166588 0.032603 0.985487 121.611007 -0.000382 0.999451 -0.033130 -6.916674 -0.986027 -0.005895 -0.166484 103.659996
-0.168554 0.036191 0.985028 122.359911 0.003087 0.999340 -0.036188 -6.955093 -0.985688 -0.003059 -0.168554 103.533391
-0.170360 0.040838 0.984535 123.104857 0.003882 0.999161 -0.040773 -6.993951 -0.985374 -0.003124 -0.170375 103.409524
-0.173449 0.043687 0.983873 123.848992 0.003065 0.999035 -0.043820 -7.031609 -0.984838 -0.004585 -0.173415 103.288600
-0.175632 0.041096 0.983598 124.593432 0.003401 0.999148 -0.041138 -7.073884 -0.984450 -0.003880 -0.175623 103.159255
-0.179509 0.037306 0.983049 125.338074 0.007378 0.999304 -0.036576 -7.116066 -0.983729 0.000687 -0.179659 103.019664
-0.184930 0.035861 0.982097 126.074194 0.010001 0.999351 -0.034608 -7.157447 -0.982701 0.003422 -0.185168 102.878551
-0.191103 0.034729 0.980955 126.808692 0.008904 0.999394 -0.033647 -7.198722 -0.981530 0.002304 -0.191296 102.738351
-0.199364 0.034417 0.979321 127.534870 0.007623 0.999407 -0.033571 -7.237820 -0.979896 0.000773 -0.199508 102.593180
-0.209744 0.034904 0.977133 128.257498 0.006731 0.999390 -0.034254 -7.277349 -0.977733 -0.000607 -0.209851 102.439792
-0.221524 0.036056 0.974488 128.974546 0.007393 0.999350 -0.035295 -7.316019 -0.975127 -0.000615 -0.221646 102.273722
-0.233832 0.036463 0.971593 129.690072 0.008066 0.999335 -0.035563 -7.354262 -0.972244 -0.000479 -0.233971 102.099739
-0.245552 0.036807 0.968684 130.400526 0.010953 0.999320 -0.035195 -7.391647 -0.969322 0.001967 -0.245788 101.913177
-0.256614 0.036794 0.965813 131.108139 0.014138 0.999311 -0.034313 -7.428905 -0.966410 0.004849 -0.256958 101.719208
-0.266800 0.036813 0.963048 131.810782 0.018162 0.999285 -0.033166 -7.464456 -0.963581 0.008642 -0.267278 101.517428
-0.275632 0.037655 0.960526 132.511293 0.023816 0.999193 -0.032337 -7.501316 -0.960968 0.013963 -0.276306 101.305209
-0.283235 0.037706 0.958309 133.207240 0.029163 0.999103 -0.030692 -7.535702 -0.958607 0.019254 -0.284081 101.087268
-0.289795 0.037615 0.956349 133.899534 0.029494 0.999104 -0.030359 -7.571493 -0.956634 0.019409 -0.290645 100.874399
-0.294485 0.036189 0.954971 134.591119 0.032892 0.999074 -0.027717 -7.602966 -0.955090 0.023249 -0.295403 100.655190
-0.296629 0.033590 0.954402 135.278036 0.039240 0.998966 -0.022963 -7.633871 -0.954186 0.030639 -0.297641 100.428545
-0.297525 0.032718 0.954153 135.959882 0.045906 0.998747 -0.019933 -7.665957 -0.953610 0.037871 -0.298654 100.200418
-0.298589 0.029944 0.953912 136.640002 0.047209 0.998748 -0.016575 -7.696836 -0.953214 0.040084 -0.299629 99.983055
-0.298337 0.035430 0.953803 137.308760 0.050609 0.998492 -0.021260 -7.725113 -0.953118 0.041929 -0.299681 99.767062
-0.296834 0.039050 0.954130 137.976706 0.050587 0.998404 -0.025124 -7.752705 -0.953588 0.040809 -0.298335 99.558394
-0.296133 0.039457 0.954331 138.641305 0.052512 0.998308 -0.024980 -7.781433 -0.953702 0.042717 -0.297703 99.346956
-0.294303 0.038057 0.954954 139.306512 0.054160 0.998265 -0.023092 -7.809641 -0.954176 0.044924 -0.295853 99.135812
-0.292363 0.034488 0.955685 139.966647 0.055608 0.998272 -0.019014 -7.844579 -0.954689 0.047585 -0.293776 98.926291
-0.290804 0.035236 0.956134 140.616840 0.056999 0.998185 -0.019449 -7.876691 -0.955083 0.048843 -0.292284 98.725931
-0.288438 0.037954 0.956746 141.261148 0.058035 0.998070 -0.022097 -7.904561 -0.955738 0.049151 -0.290084 98.528575
-0.284189 0.039560 0.957952 141.900892 0.059611 0.997944 -0.023527 -7.934720 -0.956913 0.050418 -0.285963 98.332496
-0.278873 0.038913 0.959539 142.540331 0.061146 0.997871 -0.022697 -7.965446 -0.958380 0.052342 -0.280658 98.142129
-0.273255 0.036962 0.961231 143.176422 0.062470 0.997834 -0.020611 -7.997921 -0.959911 0.054416 -0.274972 97.955110
-0.268472 0.034988 0.962652 143.807339 0.062442 0.997870 -0.018854 -8.029376 -0.961262 0.055048 -0.270085 97.775122
-0.264367 0.034050 0.963821 144.432981 0.062348 0.997889 -0.018153 -8.060370 -0.962405 0.055293 -0.265931 97.599871
-0.260432 0.032752 0.964936 145.055883 0.063308 0.997853 -0.016783 -8.087196 -0.963414 0.056717 -0.261946 97.427552
-0.256536 0.030898 0.966041 145.675641 0.065961 0.997718 -0.014395 -8.112439 -0.964282 0.060028 -0.257988 97.254097
-0.252427 0.030075 0.967148 146.292659 0.069255 0.997515 -0.012943 -8.136308 -0.965135 0.063712 -0.253882 97.083786
-0.249122 0.028043 0.968066 146.900649 0.067368 0.997661 -0.011564 -8.165921 -0.966126 0.062336 -0.250428 96.924849
-0.245537 0.028578 0.968966 147.501333 0.064369 0.997840 -0.013119 -8.194245 -0.967248 0.059150 -0.246847 96.774473
-0.240865 0.031925 0.970033 148.096642 0.065196 0.997734 -0.016648 -8.221656 -0.968367 0.059232 -0.242400 96.625711
-0.235140 0.035589 0.971310 148.689515 0.067564 0.997511 -0.020193 -8.246532 -0.969610 0.060877 -0.236959 96.478612
-0.228594 0.036606 0.972833 149.276707 0.066854 0.997524 -0.021826 -8.273094 -0.971224 0.060048 -0.230476 96.342552
-0.220223 0.034753 0.974830 149.866942 0.063484 0.997757 -0.021229 -8.301809 -0.973381 0.057212 -0.221936 96.217397
-0.209725 0.032836 0.977209 150.451699 0.062490 0.997843 -0.020118 -8.330790 -0.975761 0.056847 -0.211325 96.092435
-0.197166 0.031706 0.979857 151.036152 0.063745 0.997776 -0.019459 -8.357320 -0.978295 0.058625 -0.198749 95.974594
-0.183978 0.030089 0.982470 151.617866 0.063538 0.997805 -0.018661 -8.384287 -0.980875 0.058991 -0.185486 95.868674
-0.168613 0.029472 0.985242 152.196536 0.062818 0.997842 -0.019099 -8.411951 -0.983679 0.058670 -0.170100 95.773853
