1.000000 0.000000 0.000000 0.000000 0.000000 1.000000 0.000000 -0.000000 0.000000 0.000000 1.000000 0.000000
1.000000 0.000720 -0.000687 -0.014221 -0.000720 1.000000 -0.000130 -0.028203 0.000687 0.000130 1.000000 1.216383
0.999998 0.001431 -0.001366 -0.028278 -0.001431 0.999999 -0.000258 -0.056081 0.001366 0.000260 0.999999 2.418752
0.999996 0.002146 -0.002049 -0.042410 -0.002146 0.999998 -0.000386 -0.084106 0.002048 0.000391 0.999998 3.627475
0.999992 0.002860 -0.002732 -0.056544 -0.002862 0.999996 -0.000515 -0.112136 0.002730 0.000523 0.999996 4.836417
0.999988 0.003577 -0.003417 -0.070718 -0.003579 0.999993 -0.000644 -0.140244 0.003414 0.000656 0.999994 6.048736
0.999982 0.004290 -0.004099 -0.084839 -0.004294 0.999991 -0.000773 -0.168246 0.004096 0.000790 0.999991 7.256484
0.999976 0.005005 -0.004782 -0.098986 -0.005009 0.999987 -0.000902 -0.196298 0.004778 0.000926 0.999988 8.466408
0.999969 0.005719 -0.005465 -0.113118 -0.005724 0.999983 -0.001030 -0.224319 0.005459 0.001062 0.999985 9.675045
0.999960 0.006432 -0.006148 -0.127252 -0.006440 0.999979 -0.001159 -0.252345 0.006140 0.001199 0.999980 10.883881
0.999951 0.007146 -0.006831 -0.141386 -0.007155 0.999974 -0.001288 -0.280370 0.006821 0.001336 0.999976 12.092667
0.999941 0.007859 -0.007514 -0.155527 -0.007870 0.999968 -0.001416 -0.308407 0.007503 0.001475 0.999971 13.302033
0.999931 0.008436 -0.008163 -0.169569 -0.008449 0.999963 -0.001521 -0.336295 0.008150 0.001589 0.999965 14.510880
0.999906 0.010215 -0.009110 -0.184456 -0.010232 0.999946 -0.001840 -0.365424 0.009091 0.001933 0.999957 15.721290
0.999905 0.009943 -0.009559 -0.197908 -0.009960 0.999949 -0.001783 -0.392444 0.009541 0.001878 0.999953 16.929550
0.999904 0.009374 -0.010151 -0.211202 -0.009389 0.999955 -0.001454 -0.419151 0.010137 0.001549 0.999947 18.140315
0.999903 0.009037 -0.010638 -0.225298 -0.009049 0.999958 -0.001052 -0.445081 0.010628 0.001148 0.999943 19.353241
0.999893 0.009270 -0.011333 -0.240746 -0.009293 0.999955 -0.001972 -0.471514 0.011314 0.002077 0.999934 20.564108
0.999889 0.009007 -0.011828 -0.256838 -0.009043 0.999954 -0.003012 -0.497782 0.011800 0.003119 0.999926 21.775918
0.999874 0.009613 -0.012639 -0.274702 -0.009644 0.999951 -0.002411 -0.524744 0.012615 0.002532 0.999917 22.987383
0.999862 0.009850 -0.013361 -0.292992 -0.009881 0.999949 -0.002277 -0.552730 0.013338 0.002409 0.999908 24.198828
0.999850 0.009852 -0.014275 -0.311583 -0.009897 0.999946 -0.003042 -0.581233 0.014244 0.003183 0.999893 25.410019
0.999835 0.010115 -0.015105 -0.332115 -0.010157 0.999945 -0.002703 -0.606984 0.015077 0.002856 0.999882 26.623625
0.999832 0.009255 -0.015808 -0.352302 -0.009265 0.999957 -0.000534 -0.632943 0.015803 0.000681 0.999875 27.839584
0.999823 0.008611 -0.016705 -0.373151 -0.008618 0.999963 -0.000328 -0.656564 0.016702 0.000472 0.999860 29.052358
0.999815 0.007985 -0.017520 -0.394879 -0.008016 0.999966 -0.001704 -0.682426 0.017505 0.001844 0.999845 30.260810
0.999801 0.007461 -0.018510 -0.417263 -0.007509 0.999969 -0.002504 -0.708720 0.018491 0.002642 0.999826 31.477845
0.999784 0.007873 -0.019259 -0.442059 -0.007922 0.999965 -0.002506 -0.735647 0.019239 0.002658 0.999811 32.699293
0.999774 0.007404 -0.019917 -0.466345 -0.007444 0.999970 -0.001950 -0.763253 0.019902 0.002098 0.999800 33.904833
0.999763 0.007159 -0.020562 -0.491755 -0.007196 0.999973 -0.001689 -0.791594 0.020549 0.001837 0.999787 35.116714
0.999758 0.006403 -0.021055 -0.517243 -0.006438 0.999978 -0.001613 -0.818272 0.021044 0.001748 0.999777 36.331842
0.999745 0.006469 -0.021649 -0.544521 -0.006506 0.999977 -0.001615 -0.845783 0.021638 0.001755 0.999764 37.545914
0.999746 0.005596 -0.021850 -0.570936 -0.005621 0.999984 -0.001117 -0.873467 0.021843 0.001239 0.999761 38.760900
0.999747 0.005730 -0.021758 -0.599061 -0.005730 0.999984 0.000089 -0.900111 0.021758 0.000036 0.999763 39.976869
0.999747 0.006201 -0.021606 -0.627174 -0.006180 0.999980 0.001031 -0.926858 0.021612 -0.000898 0.999766 41.191175
0.999743 0.006994 -0.021554 -0.656050 -0.006983 0.999975 0.000616 -0.953129 0.021558 -0.000465 0.999768 42.404791
0.999739 0.007822 -0.021450 -0.685510 -0.007813 0.999969 0.000521 -0.977631 0.021453 -0.000353 0.999770 43.619360
0.999722 0.010798 -0.020977 -0.718330 -0.010758 0.999940 0.002023 -1.000412 0.020997 -0.001797 0.999778 44.836466
0.999751 0.011074 -0.019367 -0.746581 -0.010976 0.999927 0.005141 -1.020365 0.019423 -0.004928 0.999799 46.053866
0.999777 0.011637 -0.017606 -0.772825 -0.011500 0.999903 0.007872 -1.037444 0.017696 -0.007667 0.999814 47.271763
0.999804 0.011920 -0.015821 -0.795877 -0.011744 0.999869 0.011163 -1.051207 0.015952 -0.010975 0.999812 48.494611
0.999827 0.011607 -0.014513 -0.816751 -0.011415 0.999847 0.013268 -1.064092 0.014665 -0.013100 0.999807 49.715105
0.999865 0.009923 -0.013056 -0.833982 -0.009773 0.999886 0.011538 -1.073850 0.013169 -0.011409 0.999848 50.931429
0.999874 0.010398 -0.011998 -0.852538 -0.010288 0.999904 0.009223 -1.085315 0.012093 -0.009099 0.999885 52.149935
0.999871 0.011547 -0.011184 -0.871992 -0.011447 0.999894 0.009040 -1.098286 0.011287 -0.008911 0.999897 53.368613
0.999882 0.010573 -0.011143 -0.888141 -0.010478 0.999908 0.008575 -1.112635 0.011233 -0.008457 0.999901 54.591512
0.999880 0.009905 -0.011884 -0.905893 -0.009812 0.999921 0.007861 -1.127883 0.011961 -0.007744 0.999899 55.812919
0.999859 0.010072 -0.013420 -0.925159 -0.009968 0.999920 0.007815 -1.143152 0.013497 -0.007680 0.999879 57.035463
0.999837 0.010097 -0.014945 -0.946843 -0.009958 0.999907 0.009340 -1.160687 0.015038 -0.009189 0.999845 58.260471
0.999822 0.010094 -0.015909 -0.970163 -0.009940 0.999903 0.009725 -1.175655 0.016006 -0.009565 0.999826 59.482792
0.999799 0.011053 -0.016745 -0.995754 -0.010895 0.999896 0.009470 -1.190278 0.016848 -0.009286 0.999815 60.706228
0.999782 0.011445 -0.017458 -1.021403 -0.011283 0.999893 0.009353 -1.205600 0.017563 -0.009154 0.999804 61.927199
0.999786 0.010801 -0.017632 -1.046171 -0.010647 0.999905 0.008801 -1.221320 0.017726 -0.008611 0.999806 63.148190
0.999795 0.009509 -0.017851 -1.069241 -0.009371 0.999926 0.007819 -1.237483 0.017924 -0.007650 0.999810 64.367457
0.999793 0.009088 -0.018201 -1.094212 -0.008930 0.999922 0.008752 -1.251701 0.018279 -0.008588 0.999796 65.584938
0.999789 0.009083 -0.018429 -1.119294 -0.008882 0.999901 0.010940 -1.267101 0.018526 -0.010774 0.999770 66.805229
0.999779 0.009524 -0.018729 -1.146025 -0.009347 0.999911 0.009496 -1.281112 0.018818 -0.009319 0.999780 68.019799
0.999762 0.011034 -0.018802 -1.174579 -0.010888 0.999910 0.007813 -1.293922 0.018887 -0.007606 0.999793 69.230564
0.999735 0.013196 -0.018879 -1.204257 -0.013047 0.999883 0.007979 -1.309417 0.018982 -0.007730 0.999790 70.442079
0.999710 0.015004 -0.018812 -1.233059 -0.014852 0.999856 0.008237 -1.324678 0.018933 -0.007955 0.999789 71.650237
0.999688 0.016657 -0.018598 -1.261378 -0.016497 0.999826 0.008714 -1.339456 0.018740 -0.008404 0.999789 72.857330
0.999699 0.017065 -0.017624 -1.287090 -0.016897 0.999811 0.009638 -1.355743 0.017785 -0.009337 0.999798 74.060720
0.999704 0.018732 -0.015552 -1.311717 -0.018574 0.999775 0.010214 -1.371470 0.015740 -0.009922 0.999827 75.263206
0.999752 0.018143 -0.012913 -1.329388 -0.018022 0.999793 0.009430 -1.390125 0.013082 -0.009195 0.999872 76.458338
0.999836 0.014638 -0.010625 -1.339422 -0.014598 0.999886 0.003881 -1.407515 0.010681 -0.003725 0.999936 77.650629
0.999851 0.015193 -0.008186 -1.350365 -0.015176 0.999883 0.002170 -1.427085 0.008218 -0.002045 0.999964 78.843184
0.999881 0.014502 -0.005258 -1.357501 -0.014471 0.999877 0.006034 -1.448797 0.005344 -0.005957 0.999968 80.038569
0.999892 0.014593 -0.001934 -1.360541 -0.014577 0.999862 0.007962 -1.468534 0.002050 -0.007933 0.999966 81.229420
0.999885 0.015025 0.002052 -1.361913 -0.015036 0.999871 0.005713 -1.485826 -0.001966 -0.005743 0.999982 82.412438
0.999885 0.014134 0.005503 -1.355183 -0.014151 0.999895 0.003139 -1.506096 -0.005458 -0.003217 0.999980 83.593915
0.999880 0.012729 0.008863 -1.343231 -0.012723 0.999919 -0.000739 -1.530312 -0.008872 0.000627 0.999961 84.769598
0.999856 0.011874 0.012145 -1.328427 -0.011852 0.999928 -0.001833 -1.555472 -0.012166 0.001689 0.999925 85.945850
0.999807 0.011676 0.015782 -1.311921 -0.011679 0.999932 0.000065 -1.580587 -0.015780 -0.000250 0.999876 87.122173
0.999726 0.012771 0.019620 -1.291765 -0.012792 0.999918 0.000960 -1.605074 -0.019606 -0.001211 0.999807 88.293089
0.999651 0.012444 0.023284 -1.265403 -0.012416 0.999922 -0.001357 -1.630673 -0.023299 0.001068 0.999728 89.462493
0.999574 0.012125 0.026560 -1.234507 -0.012024 0.999920 -0.003936 -1.656163 -0.026606 0.003615 0.999640 90.628691
0.999481 0.012213 0.029818 -1.200094 -0.012089 0.999918 -0.004337 -1.683163 -0.029869 0.003974 0.999546 91.795447
0.999406 0.010864 0.032693 -1.160922 -0.010768 0.999937 -0.003109 -1.710419 -0.032725 0.002755 0.999461 92.965277
0.999319 0.010109 0.035490 -1.117935 -0.010051 0.999948 -0.001788 -1.736086 -0.035506 0.001430 0.999368 94.136761
0.999225 0.009288 0.038244 -1.071542 -0.009297 0.999957 0.000069 -1.760650 -0.038242 -0.000425 0.999268 95.309361
0.999138 0.008158 0.040694 -1.020928 -0.008215 0.999965 0.001233 -1.785071 -0.040682 -0.001566 0.999171 96.481606
0.999053 0.006863 0.042962 -0.968024 -0.006830 0.999976 -0.000919 -1.809543 -0.042967 0.000625 0.999076 97.651081
0.998965 0.005399 0.045154 -0.910786 -0.005201 0.999976 -0.004483 -1.834871 -0.045177 0.004243 0.998970 98.825659
0.998869 0.005749 0.047208 -0.853435 -0.005394 0.999956 -0.007635 -1.861916 -0.047250 0.007372 0.998856 100.001515
0.998790 0.005895 0.048830 -0.793628 -0.005478 0.999947 -0.008664 -1.891643 -0.048879 0.008386 0.998769 101.185903
0.998760 0.005954 0.049436 -0.734094 -0.005563 0.999952 -0.008049 -1.922457 -0.049482 0.007764 0.998745 102.377353
0.998795 0.006151 0.048691 -0.675437 -0.005864 0.999965 -0.006040 -1.953029 -0.048726 0.005747 0.998796 103.575071
0.998865 0.005468 0.047327 -0.616790 -0.005265 0.999976 -0.004407 -1.983093 -0.047350 0.004153 0.998870 104.776341
0.998956 0.005748 0.045328 -0.558821 -0.005584 0.999977 -0.003760 -2.012875 -0.045349 0.003502 0.998965 105.984814
0.999063 0.005896 0.042871 -0.505238 -0.005765 0.999978 -0.003162 -2.041118 -0.042888 0.002912 0.999076 107.200083
0.999189 0.006377 0.039767 -0.455107 -0.006256 0.999975 -0.003173 -2.069739 -0.039786 0.002922 0.999204 108.416773
0.999321 0.007835 0.036008 -0.411540 -0.007715 0.999964 -0.003480 -2.098282 -0.036034 0.003200 0.999345 109.638941
0.999453 0.007975 0.032100 -0.370693 -0.007875 0.999964 -0.003269 -2.127000 -0.032124 0.003015 0.999479 110.863139
0.999569 0.008622 0.028059 -0.334145 -0.008566 0.999961 -0.002141 -2.156853 -0.028076 0.001900 0.999604 112.093727
0.999679 0.008809 0.023739 -0.303161 -0.008781 0.999961 -0.001299 -2.185665 -0.023749 0.001090 0.999717 113.327055
0.999774 0.008964 0.019291 -0.276936 -0.008955 0.999960 -0.000529 -2.213402 -0.019295 0.000356 0.999814 114.561093
0.999851 0.009347 0.014502 -0.257776 -0.009344 0.999956 -0.000311 -2.240145 -0.014504 0.000175 0.999895 115.797566
0.999903 0.010178 0.009563 -0.245379 -0.010176 0.999948 -0.000272 -2.267804 -0.009566 0.000175 0.999954 117.035560
0.999932 0.010694 0.004604 -0.237797 -0.010691 0.999943 -0.000526 -2.296830 -0.004609 0.000477 0.999989 118.276496
0.999933 0.011580 -0.000049 -0.236281 -0.011580 0.999932 -0.001084 -2.327575 0.000037 0.001084 0.999999 119.519868
0.999903 0.013415 -0.003741 -0.241079 -0.013420 0.999909 -0.001356 -2.358001 0.003722 0.001406 0.999992 120.765978
0.999859 0.015760 -0.005859 -0.250369 -0.015767 0.999875 -0.001137 -2.388148 0.005840 0.001229 0.999982 122.015335
0.999837 0.016711 -0.006829 -0.260306 -0.016721 0.999859 -0.001409 -2.417424 0.006804 0.001523 0.999976 123.263068
0.999791 0.018842 -0.007908 -0.273956 -0.018851 0.999822 -0.000979 -2.444635 0.007888 0.001128 0.999968 124.522164
0.999755 0.020256 -0.008899 -0.288057 -0.020255 0.999795 0.000204 -2.471500 0.008901 -0.000024 0.999960 125.780651
0.999747 0.020295 -0.009654 -0.301703 -0.020294 0.999794 0.000181 -2.498919 0.009656 0.000015 0.999953 127.039849
0.999667 0.023568 -0.010493 -0.321797 -0.023550 0.999721 0.001895 -2.521615 0.010535 -0.001647 0.999943 128.304017
0.999621 0.025202 -0.011066 -0.341345 -0.025149 0.999672 0.004831 -2.543289 0.011184 -0.004551 0.999927 129.572142
0.999638 0.024177 -0.011842 -0.358729 -0.024115 0.999695 0.005347 -2.561295 0.011967 -0.005060 0.999916 130.839962
0.999638 0.023881 -0.012385 -0.376225 -0.023840 0.999710 0.003443 -2.578125 0.012464 -0.003147 0.999917 132.108290
0.999690 0.021164 -0.013117 -0.390540 -0.021111 0.999768 0.004148 -2.596170 0.013202 -0.003870 0.999905 133.381995
0.999723 0.018818 -0.014139 -0.403815 -0.018733 0.999806 0.006089 -2.614808 0.014251 -0.005822 0.999881 134.658134
0.999767 0.016033 -0.014447 -0.419802 -0.015920 0.999842 0.007942 -2.631357 0.014572 -0.007710 0.999864 135.938839
0.999789 0.014276 -0.014765 -0.436589 -0.014133 0.999852 0.009779 -2.646140 0.014903 -0.009568 0.999843 137.220558
0.999843 0.009895 -0.014709 -0.450774 -0.009781 0.999922 0.007791 -2.660056 0.014785 -0.007646 0.999861 138.502176
0.999865 0.007231 -0.014754 -0.464142 -0.007142 0.999956 0.006079 -2.675992 0.014798 -0.005973 0.999873 139.787446
0.999878 0.005645 -0.014577 -0.479369 -0.005557 0.999966 0.006041 -2.693213 0.014611 -0.005959 0.999876 141.073122
0.999882 0.005598 -0.014306 -0.498408 -0.005506 0.999964 0.006457 -2.711316 0.014341 -0.006377 0.999877 142.365392
0.999890 0.005971 -0.013603 -0.517829 -0.005860 0.999949 0.008233 -2.728134 0.013651 -0.008152 0.999874 143.659285
0.999880 0.008592 -0.012894 -0.539859 -0.008463 0.999914 0.009987 -2.744134 0.012978 -0.009876 0.999867 144.951961
0.999887 0.008661 -0.012319 -0.558624 -0.008548 0.999921 0.009183 -2.759529 0.012397 -0.009076 0.999882 146.243217
0.999889 0.008954 -0.011912 -0.576854 -0.008876 0.999939 0.006572 -2.775354 0.011970 -0.006465 0.999907 147.532747
0.999892 0.009105 -0.011494 -0.595243 -0.009054 0.999949 0.004500 -2.794830 0.011535 -0.004395 0.999924 148.821061
0.999906 0.007812 -0.011258 -0.610819 -0.007809 0.999969 0.000373 -2.818864 0.011261 -0.000285 0.999937 150.106534
0.999911 0.007891 -0.010759 -0.627904 -0.007925 0.999964 -0.003120 -2.844547 0.010734 0.003205 0.999937 151.390789
0.999915 0.007644 -0.010591 -0.644187 -0.007689 0.999961 -0.004244 -2.875057 0.010558 0.004325 0.999935 152.674538
0.999915 0.007471 -0.010681 -0.659254 -0.007512 0.999964 -0.003858 -2.908757 0.010652 0.003938 0.999935 153.956663
0.999910 0.008117 -0.010647 -0.677138 -0.008155 0.999961 -0.003509 -2.939717 0.010618 0.003595 0.999937 155.243657
0.999901 0.008932 -0.010890 -0.694667 -0.008958 0.999957 -0.002288 -2.969914 0.010869 0.002385 0.999938 156.525478
0.999894 0.009403 -0.011142 -0.714257 -0.009423 0.999954 -0.001717 -2.997619 0.011125 0.001822 0.999937 157.808820
0.999885 0.009671 -0.011684 -0.732279 -0.009695 0.999951 -0.001965 -3.024885 0.011664 0.002078 0.999930 159.090742
0.999874 0.009992 -0.012322 -0.751466 -0.010015 0.999948 -0.001785 -3.051707 0.012304 0.001908 0.999923 160.369925
0.999871 0.009437 -0.013005 -0.769742 -0.009447 0.999955 -0.000681 -3.079341 0.012998 0.000804 0.999915 161.652659
0.999853 0.010308 -0.013665 -0.790424 -0.010314 0.999947 -0.000364 -3.107330 0.013660 0.000505 0.999907 162.932451
0.999842 0.010592 -0.014277 -0.811180 -0.010612 0.999943 -0.001296 -3.135262 0.014263 0.001448 0.999897 164.211126
0.999825 0.011036 -0.015101 -0.833557 -0.011074 0.999936 -0.002388 -3.162340 0.015074 0.002554 0.999883 165.491527
0.999806 0.011875 -0.015716 -0.857747 -0.011913 0.999926 -0.002367 -3.191224 0.015687 0.002553 0.999874 166.773956
0.999799 0.011556 -0.016376 -0.880845 -0.011608 0.999928 -0.003044 -3.221845 0.016340 0.003234 0.999861 168.053849
0.999783 0.011811 -0.017189 -0.905187 -0.011886 0.999920 -0.004239 -3.252329 0.017138 0.004443 0.999843 169.334554
0.999770 0.011987 -0.017807 -0.929884 -0.012061 0.999919 -0.004075 -3.282708 0.017757 0.004289 0.999833 170.615056
0.999752 0.012336 -0.018524 -0.956147 -0.012387 0.999920 -0.002645 -3.313952 0.018490 0.002874 0.999825 171.898296
0.999737 0.012410 -0.019265 -0.982992 -0.012454 0.999920 -0.002172 -3.344600 0.019236 0.002412 0.999812 173.179914
0.999720 0.012773 -0.019905 -1.010916 -0.012813 0.999916 -0.001865 -3.373848 0.019880 0.002119 0.999800 174.464271
0.999700 0.013211 -0.020625 -1.039889 -0.013244 0.999911 -0.001499 -3.402447 0.020603 0.001772 0.999786 175.746193
0.999685 0.013420 -0.021229 -1.069653 -0.013471 0.999907 -0.002272 -3.431925 0.021197 0.002557 0.999772 177.028521
0.999661 0.014451 -0.021672 -1.099610 -0.014518 0.999890 -0.002936 -3.461238 0.021627 0.003250 0.999761 178.307501
0.999649 0.014653 -0.022078 -1.128837 -0.014710 0.999889 -0.002419 -3.491932 0.022040 0.002743 0.999753 179.593278
0.999642 0.014574 -0.022419 -1.158243 -0.014652 0.999887 -0.003317 -3.523533 0.022368 0.003645 0.999743 180.874287
0.999659 0.013258 -0.022501 -1.185197 -0.013378 0.999897 -0.005207 -3.555449 0.022429 0.005507 0.999733 182.152658
0.999687 0.010306 -0.022777 -1.211469 -0.010420 0.999934 -0.004874 -3.587083 0.022725 0.005110 0.999729 183.432450
0.999681 0.010249 -0.023069 -1.239407 -0.010289 0.999946 -0.001635 -3.617217 0.023051 0.001872 0.999733 184.712242
0.999681 0.010029 -0.023163 -1.268743 -0.009950 0.999944 0.003521 -3.644685 0.023197 -0.003289 0.999726 185.995077
0.999673 0.010363 -0.023361 -1.299644 -0.010301 0.999943 0.002758 -3.669131 0.023388 -0.002516 0.999723 187.269999
0.999661 0.012019 -0.023115 -1.331766 -0.012030 0.999928 -0.000322 -3.694209 0.023110 0.000600 0.999733 188.537819
0.999650 0.012304 -0.023417 -1.363073 -0.012367 0.999920 -0.002534 -3.722358 0.023384 0.002823 0.999723 189.805132
0.999651 0.011883 -0.023590 -1.392207 -0.011944 0.999926 -0.002449 -3.752664 0.023559 0.002730 0.999719 191.069706
0.999653 0.011928 -0.023508 -1.422042 -0.011950 0.999928 -0.000804 -3.781861 0.023497 0.001084 0.999723 192.334585
0.999655 0.012029 -0.023344 -1.451515 -0.012005 0.999927 0.001190 -3.811043 0.023356 -0.000909 0.999727 193.597840
0.999676 0.011435 -0.022730 -1.478925 -0.011390 0.999933 0.002138 -3.839753 0.022752 -0.001878 0.999739 194.854704
0.999705 0.011470 -0.021396 -1.504732 -0.011437 0.999933 0.001663 -3.868861 0.021413 -0.001418 0.999770 196.106394
0.999749 0.010080 -0.020023 -1.527102 -0.010083 0.999949 -0.000043 -3.897568 0.020021 0.000245 0.999799 197.355142
0.999773 0.010028 -0.018774 -1.548460 -0.010057 0.999948 -0.001474 -3.929306 0.018759 0.001662 0.999823 198.599527
0.999807 0.009130 -0.017421 -1.566643 -0.009171 0.999955 -0.002294 -3.962116 0.017399 0.002454 0.999846 199.837826
0.999826 0.009265 -0.016177 -1.584890 -0.009290 0.999956 -0.001430 -3.994523 0.016163 0.001581 0.999868 201.072574
0.999851 0.008955 -0.014784 -1.601156 -0.008947 0.999960 0.000579 -4.025379 0.014789 -0.000447 0.999891 202.302959
0.999861 0.009655 -0.013622 -1.617286 -0.009642 0.999953 0.000997 -4.055718 0.013631 -0.000865 0.999907 203.528171
0.999877 0.009446 -0.012535 -1.631325 -0.009436 0.999955 0.000804 -4.084508 0.012542 -0.000685 0.999921 204.747092
0.999885 0.009830 -0.011541 -1.644035 -0.009818 0.999951 0.001105 -4.112611 0.011551 -0.000991 0.999933 205.959217
0.999895 0.010090 -0.010420 -1.654482 -0.010075 0.999948 0.001523 -4.142166 0.010435 -0.001418 0.999945 207.164240
0.999903 0.010078 -0.009653 -1.664479 -0.010067 0.999949 0.001180 -4.168995 0.009664 -0.001083 0.999953 208.360132
0.999910 0.010124 -0.008755 -1.674003 -0.010113 0.999948 0.001287 -4.196218 0.008767 -0.001199 0.999961 209.547503
0.999927 0.008942 -0.008192 -1.681015 -0.008931 0.999959 0.001450 -4.223531 0.008205 -0.001377 0.999965 210.721178
0.999930 0.008776 -0.007973 -1.688319 -0.008760 0.999960 0.002035 -4.250230 0.007990 -0.001965 0.999966 211.880549
0.999931 0.008301 -0.008283 -1.695792 -0.008273 0.999960 0.003418 -4.277047 0.008311 -0.003349 0.999960 213.026528
0.999923 0.008544 -0.008973 -1.706354 -0.008514 0.999958 0.003387 -4.301812 0.009001 -0.003310 0.999954 214.154550
0.999917 0.008823 -0.009347 -1.718228 -0.008801 0.999958 0.002405 -4.326860 0.009367 -0.002322 0.999953 215.267457
0.999911 0.009130 -0.009785 -1.731202 -0.009115 0.999957 0.001514 -4.351615 0.009799 -0.001424 0.999951 216.367377
0.999905 0.009065 -0.010345 -1.743664 -0.009051 0.999958 0.001322 -4.376802 0.010356 -0.001228 0.999946 217.453298
0.999898 0.008510 -0.011461 -1.756846 -0.008495 0.999963 0.001398 -4.402081 0.011472 -0.001301 0.999933 218.527958
0.999882 0.008129 -0.013047 -1.770590 -0.008102 0.999965 0.002155 -4.426871 0.013064 -0.002049 0.999913 219.586690
0.999862 0.007076 -0.015012 -1.784724 -0.007022 0.999969 0.003614 -4.450451 0.015037 -0.003508 0.999881 220.638929
0.999825 0.007305 -0.017215 -1.802856 -0.007207 0.999957 0.005783 -4.472509 0.017256 -0.005657 0.999835 221.676052
0.999783 0.007516 -0.019455 -1.823757 -0.007402 0.999955 0.005915 -4.494237 0.019499 -0.005769 0.999793 222.694306
0.999724 0.007888 -0.022139 -1.847752 -0.007773 0.999956 0.005294 -4.513126 0.022180 -0.005121 0.999741 223.692168
0.999659 0.007967 -0.024872 -1.872453 -0.007836 0.999955 0.005350 -4.532452 0.024913 -0.005153 0.999676 224.672378
0.999579 0.008538 -0.027723 -1.899931 -0.008374 0.999947 0.006029 -4.553298 0.027773 -0.005794 0.999598 225.627428
0.999489 0.008895 -0.030709 -1.929265 -0.008714 0.999944 0.006029 -4.574348 0.030761 -0.005758 0.999510 226.560970
0.999390 0.008840 -0.033772 -1.960296 -0.008664 0.999948 0.005361 -4.594192 0.033818 -0.005065 0.999415 227.470368
0.999278 0.008633 -0.037003 -1.992919 -0.008457 0.999952 0.004913 -4.613875 0.037044 -0.004596 0.999303 228.357041
0.999147 0.009830 -0.040111 -2.029548 -0.009648 0.999942 0.004731 -4.634336 0.040155 -0.004340 0.999184 229.222409
0.999019 0.010114 -0.043111 -2.066882 -0.009956 0.999943 0.003883 -4.655490 0.043147 -0.003450 0.999063 230.064038
0.998893 0.012049 -0.045469 -2.107425 -0.011879 0.999921 0.004021 -4.674144 0.045513 -0.003476 0.998958 230.888522
0.998845 0.012854 -0.046288 -2.145875 -0.012673 0.999911 0.004213 -4.692285 0.046338 -0.003622 0.998919 231.693527
0.998855 0.012918 -0.046067 -2.181877 -0.012684 0.999905 0.005376 -4.710568 0.046132 -0.004786 0.998924 232.481793
0.998877 0.013013 -0.045560 -2.215779 -0.012743 0.999900 0.006211 -4.728951 0.045637 -0.005623 0.998942 233.250378
0.998893 0.012810 -0.045251 -2.248595 -0.012567 0.999905 0.005646 -4.746558 0.045319 -0.005071 0.998960 234.002224
0.998902 0.013277 -0.044932 -2.281819 -0.013123 0.999907 0.003719 -4.762455 0.044977 -0.003125 0.998983 234.743316
0.998938 0.013291 -0.044109 -2.313181 -0.013236 0.999911 0.001535 -4.778921 0.044125 -0.000950 0.999026 235.481263
0.998987 0.013313 -0.042985 -2.343958 -0.013318 0.999911 0.000173 -4.795655 0.042984 0.000400 0.999076 236.214442
0.999039 0.014038 -0.041512 -2.373809 -0.014062 0.999901 -0.000305 -4.813178 0.041504 0.000888 0.999138 236.946607
0.999116 0.013470 -0.039817 -2.400447 -0.013503 0.999909 -0.000566 -4.830531 0.039806 0.001103 0.999207 237.674611
0.999191 0.013286 -0.037969 -2.425594 -0.013318 0.999911 -0.000574 -4.847959 0.037958 0.001079 0.999279 238.398863
0.999265 0.013364 -0.035925 -2.451099 -0.013396 0.999910 -0.000647 -4.864866 0.035913 0.001128 0.999354 239.119766
0.999342 0.013110 -0.033822 -2.473890 -0.013150 0.999913 -0.000935 -4.881579 0.033807 0.001379 0.999428 239.836409
0.999434 0.013225 -0.030943 -2.495316 -0.013253 0.999912 -0.000693 -4.896919 0.030931 0.001102 0.999521 240.549704
0.999540 0.012310 -0.027726 -2.512521 -0.012320 0.999924 -0.000175 -4.912132 0.027722 0.000517 0.999616 241.259651
0.999628 0.011268 -0.024831 -2.526761 -0.011264 0.999937 0.000288 -4.929647 0.024833 -0.000008 0.999692 241.965945
0.999701 0.010990 -0.021830 -2.539250 -0.010982 0.999940 0.000482 -4.947554 0.021834 -0.000242 0.999762 242.668284
0.999766 0.010599 -0.018872 -2.549818 -0.010598 0.999944 0.000173 -4.965562 0.018873 0.000027 0.999822 243.366158
0.999818 0.010382 -0.015996 -2.558294 -0.010388 0.999946 -0.000297 -4.981740 0.015992 0.000463 0.999872 244.063627
0.999850 0.011342 -0.013049 -2.566330 -0.011359 0.999935 -0.001234 -4.998210 0.013034 0.001382 0.999914 244.762211
0.999885 0.011262 -0.010186 -2.572579 -0.011282 0.999934 -0.001926 -5.015660 0.010164 0.002041 0.999946 245.465665
0.999909 0.011299 -0.007336 -2.576645 -0.011307 0.999935 -0.001034 -5.032044 0.007324 0.001117 0.999973 246.171960
0.999919 0.011816 -0.004763 -2.581774 -0.011818 0.999930 -0.000382 -5.048170 0.004758 0.000438 0.999989 246.884545
0.999930 0.011554 -0.002459 -2.584020 -0.011555 0.999933 -0.000559 -5.064282 0.002453 0.000588 0.999997 247.597840
0.999935 0.011393 -0.000171 -2.585306 -0.011393 0.999934 -0.001782 -5.080295 0.000151 0.001784 0.999998 248.312453
0.999932 0.011576 0.001542 -2.585081 -0.011569 0.999923 -0.004384 -5.094783 -0.001593 0.004366 0.999989 249.030821
0.999938 0.010846 0.002491 -2.584035 -0.010831 0.999924 -0.005935 -5.109038 -0.002555 0.005908 0.999979 249.755985
0.999938 0.010772 0.002673 -2.582178 -0.010754 0.999919 -0.006767 -5.126143 -0.002746 0.006738 0.999973 250.488251
0.999946 0.010013 0.002849 -2.580487 -0.009993 0.999926 -0.006992 -5.145191 -0.002919 0.006963 0.999972 251.226604
0.999936 0.010925 0.003022 -2.580337 -0.010903 0.999915 -0.007170 -5.164585 -0.003100 0.007136 0.999970 251.970842
0.999925 0.011761 0.003321 -2.580661 -0.011735 0.999900 -0.007865 -5.185382 -0.003413 0.007826 0.999964 252.723499
0.999932 0.011087 0.003527 -2.579395 -0.011052 0.999890 -0.009859 -5.205979 -0.003636 0.009819 0.999945 253.480215
0.999966 0.007323 0.003910 -2.573786 -0.007276 0.999906 -0.011664 -5.227370 -0.003995 0.011636 0.999924 254.243829
0.999983 0.004024 0.004248 -2.567565 -0.003970 0.999912 -0.012619 -5.246305 -0.004298 0.012602 0.999911 255.015660
0.999972 0.005633 0.004842 -2.567796 -0.005587 0.999939 -0.009541 -5.263872 -0.004895 0.009514 0.999943 255.801086
0.999935 0.010010 0.005515 -2.572817 -0.009991 0.999944 -0.003462 -5.282956 -0.005549 0.003406 0.999979 256.596352
0.999932 0.009754 0.006386 -2.570109 -0.009762 0.999952 0.001240 -5.300222 -0.006374 -0.001302 0.999979 257.394865
0.999931 0.008283 0.008265 -2.561089 -0.008278 0.999965 -0.000683 -5.316153 -0.008271 0.000615 0.999966 258.201088
0.999881 0.009412 0.012192 -2.555084 -0.009327 0.999931 -0.007073 -5.328791 -0.012258 0.006958 0.999901 259.007514
0.999803 0.011553 0.016109 -2.546994 -0.011366 0.999867 -0.011683 -5.345294 -0.016242 0.011498 0.999802 259.825506
0.999729 0.013018 0.019313 -2.533764 -0.012796 0.999851 -0.011566 -5.364407 -0.019460 0.011316 0.999747 260.655062
0.999677 0.011673 0.022580 -2.514078 -0.011473 0.999894 -0.008995 -5.385775 -0.022682 0.008733 0.999705 261.495271
0.999637 0.008632 0.025519 -2.489206 -0.008486 0.999947 -0.005839 -5.406872 -0.025568 0.005620 0.999657 262.342379
0.999583 0.006150 0.028219 -2.463214 -0.006038 0.999974 -0.004047 -5.425049 -0.028243 0.003875 0.999594 263.191211
0.999489 0.005930 0.031398 -2.438430 -0.005823 0.999977 -0.003499 -5.445288 -0.031418 0.003314 0.999501 264.042377
0.999390 0.008171 0.033943 -2.413710 -0.007989 0.999953 -0.005512 -5.467449 -0.033987 0.005237 0.999409 264.888774
0.999304 0.008632 0.036290 -2.383752 -0.008352 0.999934 -0.007853 -5.488513 -0.036355 0.007545 0.999310 265.737911
0.999204 0.008957 0.038882 -2.350974 -0.008641 0.999928 -0.008277 -5.509575 -0.038953 0.007934 0.999209 266.588975
0.999077 0.009861 0.041803 -2.317668 -0.009603 0.999934 -0.006368 -5.533299 -0.041863 0.005960 0.999106 267.443692
0.998917 0.011382 0.045108 -2.283746 -0.011192 0.999927 -0.004448 -5.557575 -0.045155 0.003938 0.998972 268.297799
0.998782 0.011928 0.047870 -2.245593 -0.011729 0.999921 -0.004421 -5.580169 -0.047919 0.003854 0.998844 269.149472
0.998653 0.011797 0.050521 -2.202348 -0.011549 0.999920 -0.005198 -5.601556 -0.050578 0.004607 0.998710 270.004696
0.998536 0.010196 0.053115 -2.153229 -0.009915 0.999935 -0.005568 -5.622751 -0.053168 0.005033 0.998573 270.859920
0.998464 0.007188 0.054931 -2.102851 -0.006924 0.999964 -0.005009 -5.642388 -0.054965 0.004621 0.998478 271.718086
0.998423 0.005721 0.055843 -2.051351 -0.005456 0.999973 -0.004890 -5.662313 -0.055869 0.004577 0.998428 272.577976
0.998395 0.004969 0.056421 -2.002856 -0.004700 0.999977 -0.004899 -5.683949 -0.056444 0.004626 0.998395 273.437461
0.998366 0.004849 0.056932 -1.953656 -0.004582 0.999978 -0.004819 -5.705921 -0.056954 0.004551 0.998366 274.302119
0.998368 0.004824 0.056909 -1.904834 -0.004582 0.999980 -0.004386 -5.726987 -0.056929 0.004118 0.998370 275.166981
0.998396 0.005375 0.056369 -1.857942 -0.005169 0.999980 -0.003783 -5.750154 -0.056388 0.003486 0.998403 276.034379
0.998460 0.005008 0.055247 -1.811172 -0.004766 0.999978 -0.004509 -5.773108 -0.055269 0.004239 0.998463 276.900863
0.998546 0.005133 0.053656 -1.768437 -0.004852 0.999974 -0.005361 -5.793806 -0.053682 0.005093 0.998545 277.765421
0.998628 0.005919 0.052021 -1.727513 -0.005598 0.999964 -0.006311 -5.814912 -0.052057 0.006011 0.998626 278.633529
0.998695 0.007011 0.050590 -1.686762 -0.006694 0.999957 -0.006417 -5.835884 -0.050633 0.006070 0.998699 279.498289
0.998766 0.008133 0.048994 -1.648232 -0.007822 0.999948 -0.006537 -5.858238 -0.049045 0.006146 0.998778 280.361527
0.998868 0.008613 0.046776 -1.610618 -0.008339 0.999947 -0.006069 -5.879709 -0.046826 0.005672 0.998887 281.223142
0.998995 0.008422 0.044032 -1.575179 -0.008228 0.999956 -0.004593 -5.901149 -0.044068 0.004226 0.999020 282.083337
0.999178 0.007024 0.039930 -1.541949 -0.006940 0.999973 -0.002251 -5.921904 -0.039944 0.001972 0.999200 282.940691
0.999363 0.005823 0.035195 -1.512991 -0.005819 0.999983 -0.000212 -5.941918 -0.035196 0.000007 0.999380 283.791552
0.999522 0.005332 0.030442 -1.489608 -0.005371 0.999985 0.001204 -5.960750 -0.030435 -0.001367 0.999536 284.636935
0.999657 0.004914 0.025709 -1.470869 -0.004962 0.999986 0.001818 -5.978025 -0.025699 -0.001945 0.999668 285.469840
0.999766 0.004427 0.021173 -1.454792 -0.004482 0.999987 0.002535 -5.994410 -0.021161 -0.002629 0.999773 286.295034
0.999858 0.003418 0.016490 -1.441779 -0.003464 0.999990 0.002772 -6.010847 -0.016481 -0.002829 0.999860 287.107141
0.999919 0.003020 0.012361 -1.434724 -0.003051 0.999992 0.002497 -6.026687 -0.012353 -0.002534 0.999920 287.902814
0.999959 0.003448 0.008391 -1.433892 -0.003469 0.999991 0.002408 -6.040170 -0.008383 -0.002437 0.999962 288.681341
0.999982 0.003782 0.004558 -1.437015 -0.003793 0.999990 0.002493 -6.053988 -0.004549 -0.002511 0.999987 289.442115
0.999993 0.003534 0.000766 -1.440541 -0.003536 0.999990 0.002648 -6.069167 -0.000756 -0.002651 0.999996 290.183410
0.999991 0.002664 -0.003441 -1.446275 -0.002657 0.999995 0.001910 -6.085125 0.003446 -0.001901 0.999992 290.901777
0.999958 0.003814 -0.008375 -1.458873 -0.003810 0.999993 0.000515 -6.101380 0.008377 -0.000483 0.999965 291.600869
0.999877 0.005429 -0.014695 -1.477776 -0.005450 0.999984 -0.001339 -6.117454 0.014687 0.001419 0.999891 292.277946
0.999719 0.006284 -0.022872 -1.501334 -0.006356 0.999975 -0.003101 -6.132605 0.022852 0.003246 0.999734 292.937979
0.999432 0.006168 -0.033143 -1.530488 -0.006307 0.999972 -0.004073 -6.149396 0.033117 0.004280 0.999442 293.585129
0.998896 0.006605 -0.046514 -1.570314 -0.006812 0.999968 -0.004303 -6.167037 0.046484 0.004615 0.998908 294.222539
0.997996 0.007564 -0.062820 -1.622615 -0.007790 0.999964 -0.003355 -6.182453 0.062792 0.003838 0.998019 294.842195
0.996547 0.010234 -0.082397 -1.691499 -0.010473 0.999942 -0.002466 -6.196964 0.082367 0.003320 0.996597 295.452822
0.994434 0.011933 -0.104684 -1.769968 -0.012246 0.999922 -0.002349 -6.210196 0.104648 0.003618 0.994503 296.037376
0.991448 0.013381 -0.129815 -1.863426 -0.013784 0.999903 -0.002210 -6.224247 0.129772 0.003981 0.991536 296.618481
0.987444 0.014943 -0.157264 -1.973518 -0.015382 0.999880 -0.001575 -6.237015 0.157222 0.003974 0.987555 297.184977
0.982146 0.016370 -0.187409 -2.100347 -0.016693 0.999861 -0.000144 -6.247853 0.187380 0.003270 0.982282 297.723168
0.975195 0.016363 -0.220744 -2.243953 -0.016336 0.999865 0.001952 -6.257666 0.220746 0.001703 0.975330 298.261055
0.966428 0.016637 -0.256399 -2.404626 -0.016133 0.999862 0.004070 -6.271075 0.256431 0.000204 0.966562 298.782506
0.955806 0.018166 -0.293438 -2.582656 -0.016871 0.999834 0.006944 -6.285270 0.293515 -0.001687 0.955953 299.265204
0.943122 0.019917 -0.331848 -2.781527 -0.017674 0.999796 0.009776 -6.297631 0.331975 -0.003354 0.943282 299.750945
0.928330 0.020796 -0.371175 -2.994234 -0.017502 0.999772 0.012241 -6.307941 0.371345 -0.004868 0.928482 300.192352
0.911282 0.020947 -0.411250 -3.227069 -0.016463 0.999760 0.014442 -6.314604 0.411454 -0.006391 0.911408 300.646237
0.891514 0.020873 -0.452512 -3.477694 -0.015298 0.999755 0.015976 -6.320980 0.452735 -0.007320 0.891615 301.086122
0.868843 0.020588 -0.494660 -3.743262 -0.013753 0.999753 0.017454 -6.328231 0.494897 -0.008362 0.868911 301.472949
0.843254 0.019989 -0.537144 -4.028982 -0.011546 0.999751 0.019078 -6.332760 0.537392 -0.009886 0.843275 301.878036
0.814534 0.020359 -0.579758 -4.332939 -0.009936 0.999727 0.021147 -6.336992 0.580030 -0.011464 0.814514 302.264051
0.782848 0.022098 -0.621821 -4.655320 -0.010431 0.999695 0.022394 -6.339444 0.622126 -0.011044 0.782839 302.586456
0.747890 0.021529 -0.663473 -4.996541 -0.008359 0.999700 0.023016 -6.345184 0.663770 -0.011667 0.747846 302.929354
0.709248 0.021013 -0.704646 -5.349263 -0.004494 0.999670 0.025288 -6.347814 0.704945 -0.014769 0.709109 303.202962
0.666117 0.020480 -0.745566 -5.719823 0.001868 0.999574 0.029127 -6.343982 0.745845 -0.020795 0.665794 303.505077
0.618595 0.021215 -0.785423 -6.104144 0.006372 0.999467 0.032015 -6.339964 0.785684 -0.024809 0.618131 303.775438
0.567759 0.024919 -0.822818 -6.499807 0.006451 0.999376 0.034717 -6.332310 0.823170 -0.025018 0.567244 303.953479
0.515010 0.031745 -0.856596 -6.910165 0.001903 0.999269 0.038176 -6.331276 0.857182 -0.021292 0.514573 304.152114
0.460022 0.036539 -0.887155 -7.323616 -0.000961 0.999173 0.040654 -6.326098 0.887907 -0.017849 0.459676 304.324677
0.403080 0.038749 -0.914344 -7.733164 -0.001026 0.999122 0.041890 -6.315633 0.915164 -0.015947 0.402766 304.412732
0.345398 0.040915 -0.937564 -8.146215 0.000794 0.999036 0.043890 -6.304576 0.938456 -0.015904 0.345033 304.533657
0.286916 0.044177 -0.956937 -8.561076 0.003484 0.998881 0.047158 -6.292308 0.957950 -0.016864 0.286441 304.573117
0.227628 0.048210 -0.972554 -8.980685 0.005519 0.998694 0.050798 -6.282888 0.973733 -0.016930 0.227065 304.641389
0.165841 0.051581 -0.984803 -9.407327 0.008733 0.998515 0.053770 -6.271213 0.986114 -0.017517 0.165144 304.683791
0.102029 0.055588 -0.993227 -9.839416 0.009495 0.998338 0.056849 -6.256955 0.994736 -0.015231 0.101332 304.638033
0.037282 0.060910 -0.997447 -10.285659 0.012079 0.998040 0.061398 -6.242546 0.999232 -0.014337 0.036473 304.625043
-0.028612 0.067612 -0.997301 -10.737363 0.014510 0.997633 0.067219 -6.224323 0.999485 -0.012547 -0.029525 304.582532
-0.095673 0.074333 -0.992633 -11.193713 0.017569 0.997179 0.072980 -6.199526 0.995258 -0.010457 -0.096709 304.448309
-0.162228 0.080611 -0.983455 -11.657175 0.020463 0.996718 0.078323 -6.178297 0.986541 -0.007418 -0.163345 304.343913
-0.227627 0.086613 -0.969889 -12.119023 0.025140 0.996227 0.083065 -6.150180 0.973424 -0.005475 -0.228945 304.145168
-0.291601 0.091147 -0.952187 -12.585406 0.030227 0.995831 0.086068 -6.123531 0.956062 -0.003684 -0.293140 303.977365
-0.353129 0.093636 -0.930877 -13.048948 0.034851 0.995605 0.086927 -6.094784 0.934925 -0.001745 -0.354840 303.775475
-0.412246 0.094495 -0.906159 -13.506595 0.039332 0.995525 0.085920 -6.063773 0.910223 -0.000221 -0.414118 303.480352
-0.467758 0.094545 -0.878785 -13.965662 0.042794 0.995519 0.084326 -6.028358 0.882820 0.001837 -0.469708 303.207752
-0.519594 0.094664 -0.849153 -14.421290 0.045941 0.995501 0.082868 -5.989762 0.853177 0.004047 -0.521606 302.850339
-0.566104 0.094801 -0.818864 -14.878429 0.048528 0.995475 0.081699 -5.950116 0.822904 0.006512 -0.568143 302.504593
-0.607122 0.095612 -0.788836 -15.338054 0.050497 0.995370 0.081781 -5.913525 0.793003 0.009817 -0.609139 302.119586
-0.644411 0.098910 -0.758255 -15.797637 0.055338 0.995031 0.082766 -5.871992 0.762674 0.011375 -0.646683 301.671679
-0.680915 0.105633 -0.724704 -16.259330 0.064362 0.994346 0.084463 -5.830931 0.729529 0.010869 -0.683864 301.223063
-0.716412 0.111421 -0.688723 -16.712187 0.071742 0.993697 0.086133 -5.783464 0.693979 0.012297 -0.719890 300.698968
-0.749283 0.113476 -0.652455 -17.151753 0.075932 0.993434 0.085579 -5.737737 0.657882 0.014580 -0.752980 300.166655
-0.779741 0.110185 -0.616331 -17.576314 0.076432 0.993782 0.080967 -5.692386 0.621420 0.016026 -0.783314 299.565762
-0.807232 0.107361 -0.580388 -17.988985 0.078403 0.994108 0.074845 -5.645499 0.585004 0.014913 -0.810894 298.957159
-0.832370 0.102443 -0.544670 -18.388955 0.077728 0.994633 0.068289 -5.596317 0.548742 0.014506 -0.835866 298.310209
-0.855053 0.099719 -0.508863 -18.776404 0.078903 0.994928 0.062389 -5.550791 0.512503 0.013195 -0.858584 297.602997
-0.875764 0.097833 -0.472723 -19.148413 0.078503 0.995076 0.060504 -5.509383 0.476314 0.015877 -0.879132 296.879248
-0.895430 0.094453 -0.435067 -19.495150 0.076708 0.995353 0.058213 -5.472940 0.438544 0.018752 -0.898514 296.094326
-0.913017 0.093618 -0.397033 -19.824570 0.077944 0.995413 0.055473 -5.435497 0.400406 0.019701 -0.916126 295.299867
-0.928813 0.095588 -0.358007 -20.135981 0.081619 0.995201 0.053969 -5.397191 0.361448 0.020907 -0.932158 294.449104
-0.942603 0.099212 -0.318837 -20.423836 0.086846 0.994821 0.052807 -5.364689 0.322425 0.022086 -0.946337 293.586472
-0.954698 0.099695 -0.280378 -20.680118 0.088263 0.994679 0.053141 -5.330467 0.284184 0.025987 -0.958418 292.687824
-0.964622 0.102636 -0.242839 -20.914133 0.092559 0.994318 0.052579 -5.296130 0.246856 0.028242 -0.968641 291.737235
-0.973179 0.101988 -0.206208 -21.116058 0.093287 0.994306 0.051514 -5.265003 0.210288 0.030896 -0.977151 290.776603
-0.979985 0.100218 -0.172006 -21.284291 0.093676 0.994551 0.045760 -5.231887 0.175655 0.028731 -0.984032 289.773666
-0.985364 0.098838 -0.138881 -21.425519 0.093991 0.994726 0.041055 -5.198232 0.142207 0.027400 -0.989458 288.756628
-0.989399 0.098011 -0.107164 -21.537436 0.094243 0.994758 0.039693 -5.169612 0.110493 0.029173 -0.993449 287.704995
-0.992432 0.096225 -0.076288 -21.618706 0.093518 0.994880 0.038309 -5.143301 0.079584 0.030885 -0.996350 286.616841
-0.994366 0.094834 -0.047356 -21.671143 0.093164 0.994989 0.036309 -5.118237 0.050562 0.031692 -0.998218 285.511745
-0.995236 0.095270 -0.020712 -21.696371 0.094534 0.994939 0.034043 -5.092068 0.023850 0.031922 -0.999206 284.375504
-0.995753 0.091963 0.004401 -21.689936 0.092060 0.995159 0.034403 -5.068634 -0.001216 0.034662 -0.999398 283.221104
-0.995538 0.090144 0.027897 -21.657793 0.091076 0.995258 0.034148 -5.044246 -0.024687 0.036537 -0.999027 282.038400
-0.994999 0.087442 0.048283 -21.601181 0.089068 0.995491 0.032632 -5.021530 -0.045212 0.036769 -0.998301 280.843319
-0.994471 0.082744 0.064654 -21.519489 0.084787 0.995962 0.029519 -5.001358 -0.061950 0.034838 -0.997471 279.635354
-0.993999 0.077667 0.077032 -21.420764 0.080021 0.996401 0.027959 -4.983245 -0.074584 0.033956 -0.996637 278.410345
-0.993718 0.072834 0.084972 -21.309135 0.075554 0.996713 0.029234 -4.965436 -0.082564 0.035470 -0.995954 277.168801
-0.993630 0.069235 0.088910 -21.191722 0.072245 0.996902 0.031097 -4.946924 -0.086481 0.037322 -0.995554 275.906256
-0.993731 0.067438 0.089162 -21.080812 0.070313 0.997088 0.029510 -4.927465 -0.086913 0.035594 -0.995580 274.630015
-0.994058 0.065280 0.087107 -20.968259 0.067972 0.997286 0.028299 -4.906062 -0.085024 0.034052 -0.995797 273.334398
-0.994305 0.064651 0.084719 -20.855959 0.067342 0.997300 0.029295 -4.883412 -0.082596 0.034834 -0.995974 272.023766
-0.994589 0.063580 0.082164 -20.746763 0.066268 0.997338 0.030410 -4.861751 -0.080012 0.035691 -0.996155 270.699438
