1.000000 0.000000 0.000000 0.000000 0.000000 1.000000 0.000000 -0.000000 0.000000 0.000000 1.000000 0.000000
0.999880 0.001382 0.015408 0.012277 -0.001366 0.999999 -0.001024 0.000447 -0.015409 0.001003 0.999881 0.128566
0.999341 0.004139 0.036059 0.030656 -0.004118 0.999991 -0.000655 0.000979 -0.036061 0.000506 0.999350 0.272518
0.998012 0.005709 0.062758 0.060744 -0.005761 0.999983 0.000646 0.002308 -0.062753 -0.001007 0.998029 0.436783
0.995353 0.005412 0.096144 0.106564 -0.005719 0.999979 0.002921 0.003322 -0.096126 -0.003457 0.995363 0.612212
0.990997 0.002438 0.133862 0.167693 -0.003155 0.999982 0.005145 0.005265 -0.133847 -0.005521 0.990987 0.798420
0.984881 -0.000880 0.173229 0.243677 -0.000115 0.999984 0.005732 0.007625 -0.173231 -0.005665 0.984865 0.995485
0.976339 -0.001209 0.216243 0.326724 -0.000311 0.999976 0.006994 0.011212 -0.216246 -0.006896 0.976315 1.202642
0.964481 -0.001175 0.264150 0.423052 -0.001347 0.999955 0.009367 0.014745 -0.264150 -0.009390 0.964436 1.419765
0.950099 -0.004178 0.311922 0.539538 -0.001010 0.999864 0.016468 0.013617 -0.311948 -0.015961 0.949965 1.643527
0.933357 -0.014161 0.358671 0.687038 0.005594 0.999674 0.024912 0.013042 -0.358907 -0.021245 0.933131 1.868636
0.912332 -0.020149 0.408955 0.844880 0.008865 0.999526 0.029469 0.016016 -0.409355 -0.023260 0.912079 2.092966
0.887266 -0.021777 0.460745 1.013588 0.007356 0.999426 0.033072 0.019082 -0.461200 -0.025954 0.886916 2.320065
0.859021 -0.024093 0.511373 1.205276 0.005460 0.999266 0.037908 0.024165 -0.511911 -0.029771 0.858522 2.549236
0.827045 -0.029183 0.561377 1.420074 0.006631 0.999089 0.042167 0.030702 -0.562096 -0.031151 0.826485 2.773001
0.791186 -0.034867 0.610581 1.657891 0.008792 0.998919 0.045650 0.036538 -0.611512 -0.030750 0.790637 2.990763
0.753274 -0.039285 0.656532 1.917517 0.009846 0.998776 0.048467 0.045999 -0.657633 -0.030044 0.752739 3.206349
0.713545 -0.042625 0.699311 2.197560 0.011123 0.998711 0.049525 0.059950 -0.700521 -0.027560 0.713100 3.418597
0.671642 -0.044608 0.739532 2.501651 0.010774 0.998668 0.050453 0.075811 -0.740797 -0.025919 0.671228 3.631807
0.628907 -0.044931 0.776181 2.825042 0.006144 0.998585 0.052826 0.092325 -0.777456 -0.028454 0.628293 3.847139
0.587043 -0.045774 0.808261 3.177307 0.003201 0.998524 0.054225 0.107799 -0.809550 -0.029245 0.586323 4.058373
0.546850 -0.047003 0.835910 3.558469 0.001579 0.998479 0.055111 0.124132 -0.837229 -0.028817 0.546093 4.263189
0.507997 -0.049528 0.859934 3.966039 0.000312 0.998356 0.057316 0.139237 -0.861359 -0.028848 0.507177 4.465960
0.470574 -0.049398 0.880977 4.401467 -0.002506 0.998353 0.057318 0.157556 -0.882357 -0.029180 0.469675 4.667119
0.434111 -0.048762 0.899539 4.863709 -0.003833 0.998425 0.055973 0.177527 -0.900851 -0.027747 0.433240 4.861307
0.400199 -0.047380 0.915203 5.354252 -0.002460 0.998603 0.052773 0.198795 -0.916425 -0.023371 0.399523 5.046254
0.370513 -0.045793 0.927698 5.873691 -0.000341 0.998777 0.049438 0.222015 -0.928827 -0.018634 0.370045 5.226746
0.344750 -0.043910 0.937667 6.421521 0.001048 0.998923 0.046393 0.245396 -0.938694 -0.015012 0.344425 5.408023
0.323912 -0.043205 0.945100 6.995331 0.002240 0.998989 0.044901 0.268641 -0.946085 -0.012427 0.323681 5.590887
0.308753 -0.043755 0.950135 7.598820 0.003193 0.998983 0.044967 0.290902 -0.951137 -0.010850 0.308578 5.775519
0.297136 -0.045351 0.953758 8.226822 0.004507 0.998927 0.046094 0.313121 -0.954825 -0.009398 0.297021 5.963266
0.286173 -0.047348 0.957007 8.879604 0.003323 0.998821 0.048423 0.336787 -0.958172 -0.010678 0.285994 6.156193
0.275582 -0.049112 0.960022 9.558465 0.001669 0.998717 0.050612 0.362688 -0.961276 -0.012345 0.275311 6.351055
0.265491 -0.050829 0.962773 10.258628 0.000929 0.998622 0.052466 0.390265 -0.964113 -0.013035 0.265172 6.543224
0.255287 -0.052767 0.965425 10.982941 -0.000102 0.998508 0.054602 0.419316 -0.966866 -0.014038 0.254900 6.733229
0.244707 -0.054442 0.968067 11.727319 -0.000243 0.998419 0.056210 0.451452 -0.969597 -0.013991 0.244307 6.919450
0.234478 -0.055575 0.970532 12.489969 -0.000268 0.998361 0.057233 0.486118 -0.972121 -0.013680 0.234079 7.102283
0.223960 -0.058768 0.972825 13.271956 -0.001674 0.998156 0.060683 0.523362 -0.974597 -0.015219 0.223448 7.282346
0.212692 -0.061874 0.975158 14.063022 -0.003499 0.997938 0.064082 0.563145 -0.977113 -0.017042 0.212037 7.456883
0.200565 -0.066445 0.977425 14.862356 -0.004535 0.997624 0.068749 0.603490 -0.979670 -0.018221 0.199787 7.621269
0.187692 -0.068852 0.979812 15.668244 -0.005480 0.997451 0.071141 0.644343 -0.982213 -0.018722 0.186836 7.774836
0.173660 -0.069491 0.982351 16.476729 -0.005967 0.997415 0.071612 0.684979 -0.984788 -0.018298 0.172797 7.916991
0.159331 -0.068500 0.984846 17.293148 -0.007307 0.997481 0.070561 0.727244 -0.987198 -0.018439 0.158429 8.048520
0.142960 -0.067483 0.987425 18.115907 -0.007923 0.997563 0.069323 0.767991 -0.989697 -0.017734 0.142077 8.164978
0.122735 -0.065859 0.990252 18.943475 -0.010368 0.997656 0.067636 0.806454 -0.992385 -0.018568 0.121765 8.265514
0.097570 -0.064609 0.993129 19.778439 -0.014834 0.997685 0.066363 0.845649 -0.995118 -0.021207 0.096386 8.347542
0.067703 -0.064323 0.995630 20.616669 -0.019148 0.997652 0.065755 0.885008 -0.997522 -0.023516 0.066312 8.404923
0.034799 -0.063899 0.997349 21.463026 -0.022416 0.997653 0.064700 0.923278 -0.999143 -0.024608 0.033285 8.431582
0.000555 -0.063577 0.997977 22.311604 -0.024323 0.997681 0.063572 0.958563 -0.999704 -0.024309 -0.000993 8.426776
-0.033402 -0.062478 0.997487 23.161085 -0.025200 0.997780 0.061652 0.992926 -0.999124 -0.023078 -0.034902 8.391687
-0.066188 -0.060329 0.995982 24.011479 -0.026997 0.997913 0.058652 1.025646 -0.997442 -0.023007 -0.067679 8.330199
-0.098501 -0.057724 0.993461 24.860139 -0.029714 0.998042 0.055044 1.056280 -0.994693 -0.024098 -0.100023 8.242717
-0.130916 -0.053428 0.989953 25.706029 -0.027608 0.998356 0.050231 1.084175 -0.991009 -0.020754 -0.132176 8.122578
-0.162534 -0.047773 0.985546 26.548348 -0.022282 0.998750 0.044738 1.109162 -0.986451 -0.014688 -0.163395 7.969517
-0.192981 -0.040873 0.980351 27.382916 -0.016394 0.999127 0.038428 1.128261 -0.981066 -0.008656 -0.193482 7.791232
-0.221776 -0.035483 0.974452 28.214867 -0.010322 0.999367 0.034041 1.143099 -0.975043 -0.002509 -0.222002 7.587012
-0.249796 -0.029437 0.967851 29.046108 -0.002215 0.999552 0.029830 1.152061 -0.968296 0.005308 -0.249749 7.351811
-0.276085 -0.020115 0.960923 29.864871 0.003835 0.999750 0.022030 1.152695 -0.961126 0.009767 -0.275939 7.099228
-0.301554 -0.004620 0.953438 30.668396 0.008514 0.999935 0.007538 1.146023 -0.953411 0.010391 -0.301495 6.829331
-0.326361 0.013069 0.945155 31.461309 0.009919 0.999897 -0.010401 1.131823 -0.945193 0.005981 -0.326457 6.546056
-0.351470 0.028634 0.935761 32.243884 0.009904 0.999590 -0.026868 1.108614 -0.936147 -0.000175 -0.351609 6.247029
-0.376247 0.039294 0.925686 33.022838 0.013310 0.999226 -0.037005 1.070947 -0.926424 -0.001602 -0.376479 5.921644
-0.399827 0.043415 0.915562 33.793077 0.016233 0.999056 -0.040285 1.026378 -0.916447 -0.001245 -0.400154 5.575202
-0.422347 0.043113 0.905408 34.555363 0.019533 0.999069 -0.038461 0.979089 -0.906224 0.001442 -0.422796 5.210330
-0.442680 0.039124 0.895826 35.308751 0.023068 0.999214 -0.032240 0.931990 -0.896383 0.006393 -0.443234 4.827196
-0.460686 0.036644 0.886807 36.047308 0.029655 0.999225 -0.025884 0.886977 -0.887068 0.014374 -0.461415 4.427209
-0.474591 0.038358 0.879370 36.774695 0.033682 0.999110 -0.025403 0.842691 -0.879562 0.017563 -0.475461 4.020761
-0.485803 0.041501 0.873083 37.489948 0.036663 0.998961 -0.027084 0.802550 -0.873299 0.018852 -0.486819 3.613924
-0.495720 0.044725 0.867330 38.194113 0.038639 0.998820 -0.029422 0.763024 -0.867623 0.018928 -0.496863 3.203844
-0.506304 0.044744 0.861193 38.895326 0.032995 0.998927 -0.032502 0.718993 -0.861723 0.011959 -0.507237 2.796443
-0.517882 0.042122 0.854414 39.594754 0.030666 0.999059 -0.030665 0.675754 -0.854902 0.010321 -0.518686 2.380113
-0.526631 0.044154 0.848947 40.283123 0.033315 0.998955 -0.031290 0.634835 -0.849441 0.011804 -0.527551 1.943506
-0.533753 0.047513 0.844304 40.972609 0.036983 0.998777 -0.032825 0.591596 -0.844831 0.013705 -0.534858 1.498072
-0.537740 0.050895 0.841573 41.674096 0.037824 0.998628 -0.036225 0.548704 -0.842262 0.012352 -0.538927 1.047700
-0.537586 0.052805 0.841554 42.390019 0.037756 0.998544 -0.038537 0.507750 -0.842364 0.011057 -0.538796 0.589598
-0.534423 0.053411 0.843528 43.123808 0.039720 0.998486 -0.038058 0.462197 -0.844283 0.013166 -0.535736 0.123390
-0.528820 0.051634 0.847162 43.879398 0.038042 0.998587 -0.037117 0.415768 -0.847881 0.012600 -0.530037 -0.342648
-0.522072 0.050585 0.851400 44.654761 0.035984 0.998657 -0.037269 0.369608 -0.852142 0.011180 -0.523192 -0.806669
-0.515092 0.050015 0.855674 45.448050 0.034291 0.998699 -0.037733 0.322920 -0.856449 0.009905 -0.516137 -1.273682
-0.508881 0.048450 0.859472 46.259144 0.031536 0.998794 -0.037631 0.275242 -0.860259 0.007955 -0.509795 -1.742893
-0.504419 0.046480 0.862207 47.089757 0.027358 0.998909 -0.037844 0.225120 -0.863026 0.004499 -0.505140 -2.214162
-0.502901 0.043389 0.863254 47.938621 0.022759 0.999058 -0.036956 0.172128 -0.864044 0.001062 -0.503414 -2.691076
-0.503348 0.040712 0.863124 48.799932 0.019531 0.999170 -0.035740 0.119194 -0.863863 -0.001131 -0.503726 -3.177898
-0.504413 0.039220 0.862571 49.671511 0.017993 0.999228 -0.034912 0.066144 -0.863275 -0.002090 -0.504730 -3.675030
-0.504852 0.038607 0.862342 50.551662 0.017919 0.999253 -0.034246 0.015434 -0.863020 -0.001837 -0.505166 -4.179423
-0.505050 0.037803 0.862262 51.445163 0.017858 0.999284 -0.033351 -0.033975 -0.862905 -0.001446 -0.505364 -4.693494
-0.505073 0.037266 0.862271 52.349145 0.018044 0.999305 -0.032619 -0.084612 -0.862888 -0.000916 -0.505395 -5.212918
-0.505153 0.036751 0.862247 53.257814 0.017726 0.999324 -0.032208 -0.135979 -0.862848 -0.000986 -0.505463 -5.736063
-0.505393 0.035210 0.862171 54.173685 0.016080 0.999378 -0.031387 -0.188942 -0.862740 -0.001999 -0.505644 -6.259705
-0.505362 0.034207 0.862229 55.086331 0.015574 0.999413 -0.030522 -0.242812 -0.862767 -0.001996 -0.505598 -6.783687
-0.504832 0.033579 0.862564 55.997881 0.014382 0.999432 -0.030490 -0.298703 -0.863098 -0.002987 -0.505028 -7.305707
-0.503678 0.032120 0.863294 56.908102 0.013884 0.999480 -0.029087 -0.353125 -0.863780 -0.002665 -0.503862 -7.825945
-0.501636 0.029921 0.864561 57.818678 0.014311 0.999552 -0.026289 -0.406771 -0.864961 -0.000815 -0.501839 -8.344777
-0.499224 0.028390 0.866008 58.728463 0.014638 0.999597 -0.024331 -0.458755 -0.866349 0.000530 -0.499439 -8.859846
-0.496907 0.027985 0.867352 59.635316 0.014892 0.999608 -0.023720 -0.509048 -0.867676 0.001130 -0.497129 -9.370488
-0.494733 0.028527 0.868576 60.541357 0.015539 0.999592 -0.023979 -0.559250 -0.868906 0.001634 -0.494975 -9.879390
-0.493851 0.028860 0.869067 61.446566 0.015384 0.999583 -0.024453 -0.609398 -0.869410 0.001293 -0.494089 -10.385465
-0.494376 0.030226 0.868722 62.344999 0.014786 0.999543 -0.026363 -0.661784 -0.869122 -0.000189 -0.494598 -10.886553
-0.497217 0.031922 0.867039 63.239211 0.013469 0.999487 -0.029075 -0.714447 -0.867522 -0.002778 -0.497392 -11.387205
-0.501609 0.032541 0.864482 64.125592 0.012368 0.999460 -0.030446 -0.767391 -0.865006 -0.004580 -0.501741 -11.890342
-0.507040 0.031357 0.861352 65.008919 0.012952 0.999502 -0.028762 -0.819584 -0.861825 -0.003427 -0.507194 -12.401940
-0.512531 0.028742 0.858187 65.881735 0.014377 0.999587 -0.024891 -0.874991 -0.858548 -0.000419 -0.512733 -12.921989
-0.517733 0.026565 0.855129 66.748789 0.011852 0.999645 -0.023879 -0.928203 -0.855460 -0.002228 -0.517864 -13.437473
-0.522636 0.029412 0.852048 67.603781 0.013997 0.999566 -0.025918 -0.980535 -0.852441 -0.001620 -0.522821 -13.958516
-0.527422 0.031893 0.849005 68.451083 0.014326 0.999487 -0.028647 -1.033058 -0.849483 -0.002946 -0.527609 -14.480563
-0.532312 0.031833 0.845950 69.296641 0.012675 0.999480 -0.029634 -1.087156 -0.846453 -0.005052 -0.532439 -15.003707
-0.536091 0.032260 0.843544 70.134132 0.011711 0.999458 -0.030780 -1.141061 -0.844079 -0.006622 -0.536178 -15.529832
-0.539346 0.031398 0.841499 70.966765 0.012420 0.999493 -0.029332 -1.192211 -0.841993 -0.005369 -0.539462 -16.059732
-0.541839 0.025565 0.840094 71.801153 0.013593 0.999673 -0.021654 -1.238526 -0.840373 -0.000314 -0.542009 -16.596287
-0.543962 0.016561 0.838946 72.633136 0.013290 0.999850 -0.011120 -1.282215 -0.839005 0.005100 -0.544100 -17.131401
-0.545726 0.011948 0.837878 73.458839 0.012662 0.999902 -0.006011 -1.318045 -0.837868 0.007329 -0.545824 -17.663562
-0.546792 0.019456 0.837043 74.268737 0.013886 0.999803 -0.014168 -1.352730 -0.837153 0.003876 -0.546955 -18.190195
-0.547806 0.025436 0.836218 75.072324 0.015637 0.999674 -0.020164 -1.391231 -0.836459 0.002030 -0.548026 -18.718330
-0.548250 0.030030 0.835775 75.876368 0.021187 0.999533 -0.022016 -1.430026 -0.836046 0.005637 -0.548630 -19.250704
-0.547992 0.030417 0.835931 76.681224 0.024806 0.999490 -0.020107 -1.475622 -0.836116 0.009717 -0.548467 -19.782633
-0.547453 0.027583 0.836382 77.489194 0.024010 0.999563 -0.017249 -1.517748 -0.836492 0.010639 -0.547876 -20.307713
-0.546738 0.023409 0.836977 78.296799 0.023062 0.999651 -0.012893 -1.553839 -0.836986 0.012253 -0.547087 -20.831079
-0.545964 0.016778 0.837641 79.106920 0.020076 0.999774 -0.006941 -1.590768 -0.837568 0.013027 -0.546178 -21.350570
-0.545509 0.010062 0.838044 79.915631 0.011616 0.999923 -0.004444 -1.622926 -0.838024 0.007310 -0.545584 -21.857267
-0.544067 0.005813 0.839022 80.724758 0.004338 0.999982 -0.004115 -1.647452 -0.839031 0.001400 -0.544082 -22.362666
-0.542074 0.005488 0.840313 81.525038 0.006576 0.999976 -0.002289 -1.672576 -0.840305 0.004285 -0.542097 -22.876749
-0.538963 0.007989 0.842292 82.321535 0.010781 0.999938 -0.002586 -1.699977 -0.842261 0.007687 -0.539016 -23.389554
-0.533936 0.012505 0.845433 83.119745 0.013213 0.999892 -0.006445 -1.723704 -0.845422 0.007730 -0.534043 -23.893279
-0.526242 0.015157 0.850199 83.921142 0.018990 0.999801 -0.006070 -1.744715 -0.850123 0.012951 -0.526426 -24.393950
-0.518116 0.016866 0.855144 84.728229 0.025864 0.999657 -0.004045 -1.770218 -0.854919 0.020021 -0.518375 -24.890553
-0.508315 0.017239 0.860998 85.541516 0.024520 0.999684 -0.005540 -1.788533 -0.860822 0.018295 -0.508577 -25.365061
-0.497473 0.015165 0.867347 86.365373 0.022344 0.999739 -0.004664 -1.805753 -0.867192 0.017060 -0.497683 -25.826085
-0.485892 0.011538 0.873943 87.191128 0.022125 0.999755 -0.000898 -1.822552 -0.873739 0.018900 -0.486028 -26.281256
-0.474708 0.010053 0.880086 88.017552 0.021840 0.999761 0.000360 -1.839846 -0.879872 0.019392 -0.474814 -26.720905
-0.462842 0.009425 0.886391 88.853573 0.022613 0.999744 0.001178 -1.851770 -0.886152 0.020590 -0.462936 -27.151240
-0.450818 0.010598 0.892553 89.687342 0.024965 0.999688 0.000739 -1.869075 -0.892267 0.022616 -0.450942 -27.571360
-0.438641 0.013043 0.898568 90.524793 0.024215 0.999703 -0.002690 -1.893883 -0.898336 0.020579 -0.438827 -27.974608
-0.426834 0.023866 0.904015 91.357882 0.027851 0.999524 -0.013238 -1.917750 -0.903901 0.019527 -0.427296 -28.367661
-0.414166 0.029216 0.909733 92.198580 0.028209 0.999417 -0.019254 -1.943851 -0.909764 0.017688 -0.414748 -28.749868
-0.402505 0.025177 0.915071 93.052294 0.026392 0.999525 -0.015892 -1.977509 -0.915037 0.017754 -0.402979 -29.117863
-0.390554 0.021238 0.920335 93.909610 0.025166 0.999606 -0.012388 -2.011590 -0.920236 0.018323 -0.390934 -29.476534
-0.380573 0.021969 0.924490 94.763567 0.022215 0.999646 -0.014610 -2.046250 -0.924484 0.014977 -0.380926 -29.820971
-0.373305 0.025664 0.927354 95.615485 0.018041 0.999629 -0.020402 -2.082058 -0.927533 0.009114 -0.373629 -30.152555
-0.368318 0.031181 0.929177 96.470498 0.012320 0.999513 -0.028658 -2.119871 -0.929618 0.000892 -0.368523 -30.477443
-0.364789 0.033035 0.930504 97.328016 0.009477 0.999450 -0.031767 -2.163160 -0.931042 -0.002770 -0.364901 -30.803488
-0.361078 0.032667 0.931963 98.187147 0.007429 0.999455 -0.032154 -2.209948 -0.932506 -0.004687 -0.361124 -31.127645
-0.356201 0.032993 0.933827 99.043692 0.007842 0.999447 -0.032320 -2.254489 -0.934377 -0.004189 -0.356263 -31.449084
-0.350540 0.029795 0.936074 99.906313 0.005778 0.999544 -0.029651 -2.300639 -0.936530 -0.004985 -0.350552 -31.764598
-0.345258 0.025141 0.938171 100.773824 0.004707 0.999675 -0.025057 -2.347890 -0.938496 -0.004235 -0.345264 -32.074623
-0.339492 0.022506 0.940340 101.637602 0.003821 0.999738 -0.022549 -2.394151 -0.940601 -0.004063 -0.339489 -32.376451
-0.333778 0.020638 0.942426 102.503479 -0.003821 0.999722 -0.023246 -2.436801 -0.942644 -0.011360 -0.333606 -32.662037
-0.327715 0.020987 0.944544 103.368850 -0.011772 0.999585 -0.026295 -2.479664 -0.944703 -0.019737 -0.327332 -32.939395
-0.320959 0.023941 0.946790 104.228539 -0.010760 0.999524 -0.028922 -2.524306 -0.947032 -0.019470 -0.320549 -33.220639
-0.313776 0.027943 0.949086 105.090663 -0.007876 0.999456 -0.032030 -2.567807 -0.949465 -0.017525 -0.313385 -33.501984
-0.307152 0.026367 0.951295 105.960091 -0.008735 0.999496 -0.030524 -2.610933 -0.951621 -0.017685 -0.306766 -33.771460
-0.300303 0.021187 0.953609 106.833578 -0.009618 0.999635 -0.025239 -2.657199 -0.953796 -0.016751 -0.299989 -34.039677
-0.293216 0.018018 0.955876 107.710514 -0.010950 0.999694 -0.022203 -2.704158 -0.955983 -0.016977 -0.292929 -34.299697
-0.286761 0.021119 0.957769 108.580652 -0.012498 0.999589 -0.025783 -2.745462 -0.957921 -0.019363 -0.286379 -34.551054
-0.280461 0.023798 0.959570 109.454139 -0.012538 0.999517 -0.028453 -2.790316 -0.959784 -0.020011 -0.280027 -34.795349
-0.273732 0.025473 0.961469 110.329350 -0.013774 0.999443 -0.030401 -2.835895 -0.961707 -0.021565 -0.273229 -35.034288
-0.266896 0.024011 0.963426 111.210140 -0.014573 0.999475 -0.028947 -2.882830 -0.963615 -0.021766 -0.266406 -35.267262
-0.258928 0.024183 0.965594 112.089206 -0.011255 0.999543 -0.028051 -2.928512 -0.965831 -0.018131 -0.258538 -35.500174
-0.251101 0.024993 0.967638 112.968273 -0.007609 0.999585 -0.027793 -2.973590 -0.967931 -0.014341 -0.250807 -35.728673
-0.244418 0.025395 0.969337 113.849672 -0.005922 0.999599 -0.027681 -3.017837 -0.969652 -0.012506 -0.244169 -35.945689
-0.237813 0.024557 0.971001 114.734521 -0.011640 0.999537 -0.028130 -3.062720 -0.971241 -0.017992 -0.237416 -36.147253
-0.231998 0.022871 0.972447 115.621601 -0.015571 0.999508 -0.027222 -3.106520 -0.972592 -0.021458 -0.231528 -36.343288
-0.227213 0.022401 0.973587 116.507160 -0.013474 0.999567 -0.026144 -3.150123 -0.973752 -0.019058 -0.226813 -36.545076
-0.222444 0.022497 0.974686 117.392719 -0.011894 0.999597 -0.025786 -3.193868 -0.974873 -0.017329 -0.222086 -36.742856
-0.217808 0.024990 0.975672 118.276350 -0.011177 0.999543 -0.028097 -3.239438 -0.975928 -0.017025 -0.217429 -36.935259
-0.211926 0.023422 0.977005 119.165764 -0.005456 0.999669 -0.025149 -3.279199 -0.977271 -0.010661 -0.211728 -37.131903
-0.206561 0.022227 0.978181 120.052845 0.001708 0.999749 -0.022356 -3.318375 -0.978432 -0.002947 -0.206547 -37.327502
-0.201580 0.021032 0.979246 120.938809 0.004224 0.999779 -0.020604 -3.361858 -0.979463 -0.000017 -0.201624 -37.510450
-0.197352 0.023140 0.980060 121.826397 0.002788 0.999731 -0.023043 -3.401094 -0.980329 -0.001816 -0.197363 -37.682725
-0.193715 0.025007 0.980739 122.710130 0.001453 0.999681 -0.025203 -3.438516 -0.981057 -0.003457 -0.193690 -37.851734
-0.191843 0.023959 0.981133 123.597109 -0.001259 0.999695 -0.024658 -3.481415 -0.981425 -0.005966 -0.191754 -38.017435
-0.190960 0.022597 0.981338 124.483276 -0.001834 0.999725 -0.023377 -3.521474 -0.981596 -0.006264 -0.190866 -38.183988
-0.189788 0.019400 0.981633 125.367415 0.000182 0.999805 -0.019724 -3.558368 -0.981825 -0.003565 -0.189755 -38.356334
-0.188693 0.013530 0.981943 126.257133 -0.000789 0.999903 -0.013929 -3.596100 -0.982036 -0.003403 -0.188664 -38.526357
-0.187898 0.010597 0.982131 127.137823 -0.001241 0.999938 -0.011027 -3.631060 -0.982188 -0.003291 -0.187873 -38.693935
-0.186455 0.015829 0.982336 128.007859 -0.000743 0.999868 -0.016253 -3.664261 -0.982463 -0.003761 -0.186419 -38.860793
-0.186384 0.020132 0.982271 128.875867 -0.000506 0.999788 -0.020587 -3.697685 -0.982477 -0.004334 -0.186334 -39.026951
-0.186556 0.019044 0.982260 129.746209 -0.003457 0.999793 -0.020040 -3.731608 -0.982438 -0.007134 -0.186451 -39.188908
-0.185917 0.018581 0.982390 130.616043 -0.005011 0.999790 -0.019858 -3.773125 -0.982553 -0.008615 -0.185785 -39.350998
-0.185494 0.017812 0.982484 131.481312 -0.002315 0.999825 -0.018563 -3.812511 -0.982643 -0.005718 -0.185420 -39.518859
-0.184411 0.021009 0.982625 132.340189 -0.002083 0.999761 -0.021766 -3.847217 -0.982847 -0.006061 -0.184323 -39.681933
-0.184721 0.022662 0.982530 133.198356 -0.010277 0.999635 -0.024988 -3.890191 -0.982737 -0.014713 -0.184421 -39.823377
-0.184556 0.023404 0.982543 134.050437 -0.016906 0.999493 -0.026983 -3.932338 -0.982677 -0.021591 -0.184066 -39.966130
-0.184046 0.027315 0.982538 134.898053 -0.014529 0.999429 -0.030506 -3.974607 -0.982810 -0.019890 -0.183544 -40.118703
-0.183669 0.027660 0.982599 135.740597 -0.012953 0.999449 -0.030555 -4.018902 -0.982903 -0.018339 -0.183209 -40.272585
-0.181956 0.029429 0.982866 136.575330 -0.013604 0.999381 -0.032442 -4.063364 -0.983213 -0.019274 -0.181443 -40.421395
-0.180114 0.028468 0.983234 137.413714 -0.006218 0.999528 -0.030079 -4.105477 -0.983626 -0.011531 -0.179852 -40.579121
-0.176519 0.025902 0.983956 138.243374 -0.000032 0.999653 -0.026321 -4.146973 -0.984297 -0.004678 -0.176457 -40.734363
-0.174523 0.020035 0.984449 139.078817 0.003831 0.999799 -0.019668 -4.188573 -0.984646 0.000339 -0.174565 -40.884247
-0.170916 0.019847 0.985086 139.902085 0.004991 0.999802 -0.019278 -4.226372 -0.985273 0.001622 -0.170981 -41.023460
-0.165710 0.024616 0.985867 140.717136 0.007088 0.999692 -0.023770 -4.266655 -0.986149 0.003049 -0.165834 -41.158766
-0.159513 0.027412 0.986815 141.529042 0.007561 0.999619 -0.026545 -4.303913 -0.987167 0.003227 -0.159660 -41.285530
-0.151062 0.029789 0.988075 142.340035 0.008530 0.999548 -0.028831 -4.337506 -0.988487 0.004073 -0.151248 -41.403306
-0.141467 0.024715 0.989634 143.154478 0.009550 0.999676 -0.023600 -4.377901 -0.989897 0.006112 -0.141657 -41.511210
-0.129592 0.022660 0.991308 143.964050 0.013295 0.999689 -0.021114 -4.419464 -0.991478 0.010443 -0.129853 -41.612663
-0.115812 0.025629 0.992941 144.765710 0.018167 0.999555 -0.023681 -4.456348 -0.993105 0.015296 -0.116226 -41.705289
-0.101503 0.026777 0.994475 145.566963 0.017859 0.999526 -0.025090 -4.491871 -0.994675 0.015214 -0.101933 -41.780557
-0.087549 0.026697 0.995802 146.368217 0.019661 0.999492 -0.025068 -4.527880 -0.995966 0.017383 -0.088030 -41.845801
-0.073781 0.028712 0.996861 147.158514 0.020872 0.999411 -0.027241 -4.567642 -0.997056 0.018797 -0.074337 -41.901682
-0.060074 0.033964 0.997616 147.942115 0.018175 0.999293 -0.032927 -4.612403 -0.998028 0.016154 -0.060649 -41.943573
-0.047293 0.043718 0.997924 148.716078 0.011852 0.998996 -0.043204 -4.657895 -0.998811 0.009784 -0.047764 -41.965905
-0.033651 0.051946 0.998083 149.486998 0.007775 0.998632 -0.051712 -4.704613 -0.999403 0.006020 -0.034009 -41.981074
-0.020026 0.053690 0.998357 150.264816 0.007113 0.998539 -0.053557 -4.754981 -0.999774 0.006029 -0.020379 -41.989516
-0.008164 0.049529 0.998739 151.045475 0.003500 0.998768 -0.049502 -4.810016 -0.999961 0.003092 -0.008327 -41.983797
0.002646 0.046150 0.998931 151.817307 -0.000933 0.998934 -0.046148 -4.866196 -0.999996 -0.000810 0.002687 -41.963905
0.011924 0.052251 0.998563 152.575444 -0.004532 0.998626 -0.052200 -4.922570 -0.999919 -0.003904 0.012144 -41.936434
0.018784 0.060770 0.997975 153.328407 -0.007116 0.998134 -0.060645 -4.975189 -0.999798 -0.005962 0.019182 -41.905585
0.022190 0.064364 0.997680 154.086138 -0.010678 0.997884 -0.064140 -5.025972 -0.999697 -0.009230 0.022830 -41.869319
0.022194 0.060860 0.997900 154.853811 -0.012565 0.998084 -0.060592 -5.085267 -0.999675 -0.011194 0.022916 -41.840347
0.020457 0.054971 0.998278 155.618948 -0.015200 0.998389 -0.054665 -5.150084 -0.999675 -0.014056 0.021260 -41.813444
0.017561 0.052156 0.998484 156.383780 -0.013649 0.998558 -0.051920 -5.204637 -0.999753 -0.012717 0.018248 -41.789311
0.014817 0.052557 0.998508 157.142526 -0.011084 0.998565 -0.052396 -5.253941 -0.999829 -0.010291 0.015378 -41.768120
0.011246 0.052869 0.998538 157.898228 -0.009790 0.998559 -0.052760 -5.309298 -0.999889 -0.009182 0.011748 -41.753584
0.006389 0.050455 0.998706 158.660524 -0.011013 0.998669 -0.050383 -5.366278 -0.999919 -0.010676 0.006936 -41.734300
0.001200 0.051694 0.998662 159.418255 -0.010826 0.998605 -0.051678 -5.416962 -0.999941 -0.010750 0.001758 -41.724776
-0.004773 0.049701 0.998753 160.175276 -0.012109 0.998688 -0.049755 -5.470893 -0.999915 -0.012332 -0.004165 -41.717625
-0.010750 0.045894 0.998888 160.930573 -0.010679 0.998884 -0.046009 -5.528080 -0.999885 -0.011162 -0.010248 -41.716846
-0.015938 0.046830 0.998776 161.675318 -0.010696 0.998837 -0.047004 -5.577823 -0.999816 -0.011432 -0.015418 -41.718410
-0.021396 0.047939 0.998621 162.416817 -0.012206 0.998763 -0.048207 -5.628365 -0.999697 -0.013221 -0.020784 -41.721790
-0.025582 0.049899 0.998427 163.153650 -0.013056 0.998652 -0.050244 -5.683305 -0.999587 -0.014321 -0.024897 -41.728579
-0.028205 0.051789 0.998260 163.884091 -0.013245 0.998550 -0.052178 -5.738588 -0.999514 -0.014694 -0.027478 -41.739050
-0.029926 0.053858 0.998100 164.608851 -0.010488 0.998475 -0.054193 -5.787286 -0.999497 -0.012089 -0.029315 -41.754959
-0.029403 0.052656 0.998180 165.338176 -0.006988 0.998576 -0.052883 -5.840496 -0.999543 -0.008530 -0.028993 -41.769092
-0.025611 0.048586 0.998491 166.064864 -0.004532 0.998802 -0.048717 -5.895410 -0.999662 -0.005773 -0.025360 -41.780791
-0.018445 0.047805 0.998686 166.783435 -0.003510 0.998847 -0.047877 -5.950404 -0.999824 -0.004388 -0.018256 -41.782173
-0.007418 0.048955 0.998773 167.493079 -0.000649 0.998800 -0.048961 -6.001598 -0.999972 -0.001011 -0.007378 -41.780094
0.007121 0.049097 0.998769 168.198868 0.002005 0.998791 -0.049113 -6.048437 -0.999973 0.002352 0.007014 -41.765812
0.022440 0.047349 0.998626 168.900091 0.001627 0.998875 -0.047398 -6.093238 -0.999747 0.002689 0.022337 -41.735439
0.038417 0.042159 0.998372 169.594720 -0.003669 0.999109 -0.042049 -6.137223 -0.999255 -0.002047 0.038538 -41.685558
0.054919 0.035708 0.997852 170.287117 -0.004641 0.999359 -0.035507 -6.181673 -0.998480 -0.002681 0.055049 -41.630695
0.071925 0.028688 0.996997 170.974036 -0.004992 0.999584 -0.028403 -6.221562 -0.997398 -0.002934 0.072038 -41.568417
0.089580 0.021085 0.995756 171.653751 -0.005086 0.999772 -0.020713 -6.257878 -0.995967 -0.003208 0.089667 -41.493579
0.106909 0.015068 0.994155 172.324641 -0.007268 0.999870 -0.014373 -6.291791 -0.994242 -0.005689 0.107004 -41.405065
0.124729 0.012246 0.992115 172.983255 -0.008081 0.999903 -0.011326 -6.321698 -0.992158 -0.006604 0.124816 -41.307381
0.142878 0.011258 0.989676 173.639738 -0.005929 0.999927 -0.010519 -6.345942 -0.989722 -0.004365 0.142935 -41.202595
0.160323 0.010511 0.987009 174.276844 -0.007328 0.999928 -0.009458 -6.364809 -0.987037 -0.005716 0.160389 -41.084884
0.176537 0.010275 0.984240 174.913849 -0.011419 0.999900 -0.008391 -6.383917 -0.984228 -0.009757 0.176637 -40.952676
0.190988 0.006266 0.981572 175.544260 -0.014173 0.999893 -0.003625 -6.398487 -0.981490 -0.013219 0.191056 -40.816684
0.203374 0.002555 0.979098 176.175177 -0.011214 0.999937 -0.000280 -6.414475 -0.979037 -0.010923 0.203389 -40.681219
0.214372 0.001172 0.976751 176.799197 -0.008050 0.999967 0.000567 -6.429852 -0.976719 -0.007984 0.214374 -40.539962
0.224297 0.004603 0.974510 177.409418 -0.012427 0.999921 -0.001863 -6.445461 -0.974442 -0.011692 0.224336 -40.380839
0.233092 0.011277 0.972389 178.010611 -0.017344 0.999822 -0.007438 -6.462030 -0.972300 -0.015132 0.233246 -40.217151
0.242273 0.021269 0.969975 178.606427 -0.016825 0.999701 -0.017719 -6.476780 -0.970062 -0.012027 0.242559 -40.060829
0.250741 0.027614 0.967660 179.205895 -0.011570 0.999607 -0.025528 -6.491511 -0.967985 -0.004795 0.250962 -39.906535
0.257424 0.026470 0.965936 179.808610 -0.009984 0.999644 -0.024733 -6.503706 -0.966247 -0.003277 0.257596 -39.743618
0.263312 0.019278 0.964518 180.419846 -0.012999 0.999780 -0.016435 -6.523425 -0.964623 -0.008210 0.263505 -39.562511
0.267602 0.008850 0.963489 181.033415 -0.016485 0.999853 -0.004606 -6.542753 -0.963388 -0.014651 0.267709 -39.379416
0.269765 -0.000218 0.962926 181.647695 -0.018698 0.999810 0.005465 -6.563672 -0.962745 -0.019479 0.269710 -39.196899
0.270810 -0.001356 0.962632 182.254873 -0.014657 0.999877 0.005531 -6.577018 -0.962521 -0.015607 0.270757 -39.024851
0.272159 0.001350 0.962251 182.859109 -0.011186 0.999936 0.001761 -6.587494 -0.962187 -0.011243 0.272157 -38.852641
0.273782 0.000661 0.961792 183.464867 -0.007396 0.999972 0.001418 -6.589823 -0.961763 -0.007501 0.273779 -38.681780
0.275504 -0.000520 0.961300 184.072857 -0.009753 0.999947 0.003336 -6.592495 -0.961250 -0.010295 0.275485 -38.502996
0.278149 -0.004482 0.960528 184.683281 -0.009572 0.999927 0.007438 -6.599489 -0.960490 -0.011263 0.278085 -38.320144
0.281282 -0.009934 0.959574 185.303242 -0.009451 0.999869 0.013121 -6.610135 -0.959579 -0.012760 0.281151 -38.128851
0.285450 -0.013192 0.958303 185.925434 -0.008169 0.999835 0.016197 -6.618163 -0.958359 -0.012451 0.285295 -37.934200
0.291585 -0.014836 0.956430 186.549656 -0.006155 0.999830 0.017386 -6.622539 -0.956525 -0.010956 0.291444 -37.733970
0.299558 -0.017949 0.953909 187.174689 -0.004142 0.999789 0.020113 -6.624971 -0.954069 -0.009976 0.299421 -37.529366
0.309041 -0.020052 0.950837 187.796171 -0.001794 0.999764 0.021667 -6.625315 -0.951047 -0.008402 0.308932 -37.319447
0.320149 -0.018421 0.947188 188.413798 -0.002835 0.999788 0.020402 -6.626474 -0.947363 -0.009217 0.320029 -37.097536
0.331665 -0.014675 0.943283 189.028382 -0.004383 0.999844 0.017096 -6.629118 -0.943387 -0.009804 0.331549 -36.861849
0.343209 -0.011111 0.939194 189.648038 -0.005266 0.999892 0.013753 -6.630873 -0.939245 -0.009666 0.343113 -36.619719
0.354934 -0.010355 0.934834 190.275302 -0.004155 0.999911 0.012653 -6.636302 -0.934882 -0.008376 0.354860 -36.365781
0.366326 -0.013420 0.930390 190.908451 -0.002983 0.999874 0.015596 -6.641727 -0.930482 -0.008489 0.366240 -36.101362
0.377331 -0.014995 0.925957 191.532976 -0.004478 0.999828 0.018017 -6.647005 -0.926068 -0.010945 0.377198 -35.822375
0.388728 -0.015682 0.921219 192.155574 -0.005481 0.999798 0.019333 -6.647317 -0.921336 -0.012564 0.388564 -35.538753
0.398348 -0.017042 0.917076 192.789026 -0.009711 0.999693 0.022796 -6.646563 -0.917183 -0.017987 0.398060 -35.247460
0.405595 -0.015461 0.913922 193.422986 -0.012969 0.999659 0.022667 -6.645353 -0.913961 -0.021046 0.405256 -34.951744
0.410017 -0.018011 0.911900 194.072367 -0.013768 0.999569 0.025933 -6.646441 -0.911974 -0.023188 0.409592 -34.652224
0.412536 -0.022603 0.910661 194.734428 -0.011151 0.999492 0.029860 -6.642430 -0.910873 -0.022473 0.412075 -34.356690
0.412800 -0.020846 0.910583 195.391417 -0.006835 0.999639 0.025983 -6.636461 -0.910796 -0.016949 0.412509 -34.062506
0.411606 -0.021101 0.911117 196.056725 -0.005653 0.999654 0.025705 -6.629339 -0.911344 -0.015731 0.411344 -33.761616
0.410846 -0.019983 0.911486 196.734511 -0.002138 0.999736 0.022882 -6.624605 -0.911702 -0.011350 0.410695 -33.461192
0.410652 -0.021162 0.911547 197.429645 0.001910 0.999748 0.022349 -6.620022 -0.911790 -0.007437 0.410589 -33.162472
0.409990 -0.027689 0.911670 198.125490 0.005156 0.999594 0.028040 -6.613679 -0.912075 -0.006796 0.409966 -32.860456
0.408926 -0.030619 0.912053 198.823870 0.005803 0.999504 0.030953 -6.607632 -0.912549 -0.007364 0.408901 -32.555872
0.407312 -0.033081 0.912690 199.520830 0.005724 0.999417 0.033670 -6.601884 -0.913271 -0.008490 0.407264 -32.248317
0.405948 -0.033609 0.913278 200.219617 0.005665 0.999397 0.034260 -6.590085 -0.913879 -0.008734 0.405894 -31.939584
0.404010 -0.033580 0.914138 200.916577 0.004209 0.999384 0.034852 -6.577998 -0.914745 -0.010232 0.403902 -31.630121
0.402282 -0.032833 0.914927 201.610392 0.003351 0.999403 0.034391 -6.568027 -0.915510 -0.010769 0.402152 -31.324370
0.401030 -0.029851 0.915578 202.305323 0.003828 0.999515 0.030911 -6.558335 -0.916057 -0.008891 0.400950 -31.020406
0.400298 -0.023800 0.916076 202.998022 0.004663 0.999703 0.023935 -6.544179 -0.916373 -0.005309 0.400290 -30.720347
0.399329 -0.019984 0.916590 203.689910 0.002298 0.999781 0.020796 -6.530959 -0.916805 -0.006198 0.399287 -30.415337
0.397841 -0.022558 0.917177 204.385957 0.000905 0.999707 0.024195 -6.520036 -0.917454 -0.008795 0.397745 -30.107629
0.396725 -0.025871 0.917573 205.080381 -0.001167 0.999588 0.028688 -6.508843 -0.917937 -0.012452 0.396531 -29.802081
0.394369 -0.025892 0.918588 205.774094 -0.004853 0.999530 0.030258 -6.500732 -0.918940 -0.016391 0.394058 -29.494738
0.389666 -0.025349 0.920607 206.469837 -0.007896 0.999492 0.030863 -6.489796 -0.920922 -0.019296 0.389268 -29.191818
0.383329 -0.026410 0.923234 207.166391 -0.007201 0.999475 0.031581 -6.476282 -0.923584 -0.018754 0.382938 -28.902006
0.374619 -0.026834 0.926790 207.867714 -0.007432 0.999462 0.031942 -6.466747 -0.927149 -0.018854 0.374218 -28.619863
0.364746 -0.026354 0.930734 208.566703 -0.005492 0.999521 0.030454 -6.460876 -0.931091 -0.016219 0.364427 -28.350482
0.354258 -0.023168 0.934861 209.271678 -0.005510 0.999624 0.026861 -6.457291 -0.935131 -0.014666 0.353997 -28.083191
0.342720 -0.022158 0.939176 209.978986 -0.008462 0.999608 0.026672 -6.451620 -0.939400 -0.017088 0.342398 -27.821398
0.331727 -0.030128 0.942894 210.696338 -0.004646 0.999426 0.033569 -6.442866 -0.943364 -0.015517 0.331397 -27.574255
0.323083 -0.039656 0.945539 211.417037 0.000499 0.999129 0.041733 -6.431564 -0.946370 -0.013011 0.322822 -27.338556
0.315838 -0.045207 0.947736 212.131853 0.001449 0.998886 0.047165 -6.412693 -0.948812 -0.013523 0.315551 -27.102308
0.311193 -0.046239 0.949221 212.846364 -0.004291 0.998737 0.050058 -6.390837 -0.950337 -0.019651 0.310601 -26.859355
0.308729 -0.048288 0.949924 213.564020 -0.003850 0.998639 0.052016 -6.368113 -0.951142 -0.019716 0.308123 -26.627216
0.307054 -0.049062 0.950427 214.289691 -0.002654 0.998622 0.052407 -6.344077 -0.951689 -0.018615 0.306501 -26.391739
0.306042 -0.047540 0.950830 215.011101 -0.002550 0.998708 0.050755 -6.316282 -0.952015 -0.017958 0.305525 -26.154528
0.305640 -0.044957 0.951085 215.736771 -0.005827 0.998778 0.049084 -6.288388 -0.952129 -0.020544 0.305004 -25.911422
0.306093 -0.045940 0.950893 216.468732 -0.006699 0.998706 0.050407 -6.266484 -0.951978 -0.021800 0.305389 -25.671806
0.307865 -0.046982 0.950269 217.203838 -0.007345 0.998633 0.051752 -6.250693 -0.951402 -0.022913 0.307099 -25.436015
0.309207 -0.048795 0.949742 217.941175 -0.005912 0.998565 0.053229 -6.233950 -0.950976 -0.022074 0.308475 -25.200061
0.310711 -0.049848 0.949196 218.682266 -0.002316 0.998581 0.053199 -6.215613 -0.950502 -0.018728 0.310154 -24.965203
0.313738 -0.051117 0.948133 219.428429 -0.001125 0.998529 0.054206 -6.192151 -0.949509 -0.018073 0.313219 -24.718861
0.318016 -0.052861 0.946611 220.172970 -0.001996 0.998405 0.056424 -6.170889 -0.948083 -0.019833 0.317403 -24.463377
0.323029 -0.056899 0.944677 220.921872 -0.004224 0.998094 0.061561 -6.141465 -0.946380 -0.023876 0.322173 -24.196938
0.328260 -0.060532 0.942646 221.668035 -0.004871 0.997823 0.065771 -6.107629 -0.944575 -0.026182 0.327250 -23.928926
0.332702 -0.060762 0.941072 222.416430 -0.005425 0.997782 0.066341 -6.076588 -0.943016 -0.027178 0.331635 -23.654177
0.337182 -0.057106 0.939706 223.162796 -0.011732 0.997826 0.064847 -6.048783 -0.941366 -0.032890 0.335779 -23.369639
0.341860 -0.050386 0.938399 223.908554 -0.015206 0.998134 0.059133 -6.010950 -0.939628 -0.034485 0.340456 -23.081052
0.346471 -0.046880 0.936888 224.656644 -0.019038 0.998193 0.056988 -5.978570 -0.937867 -0.037581 0.344953 -22.789980
0.351015 -0.047109 0.935184 225.409097 -0.021390 0.998070 0.058306 -5.953439 -0.936125 -0.040470 0.349330 -22.494749
0.355036 -0.045392 0.933750 226.157187 -0.023398 0.998076 0.057416 -5.925935 -0.934560 -0.042233 0.353290 -22.196403
0.359075 -0.042450 0.932343 226.910655 -0.023591 0.998233 0.054535 -5.900824 -0.933011 -0.041577 0.357439 -21.895125
0.363681 -0.041913 0.930580 227.665136 -0.023539 0.998255 0.054161 -5.878524 -0.931226 -0.041602 0.362060 -21.592437
0.368259 -0.043567 0.928702 228.416778 -0.023576 0.998143 0.056174 -5.852608 -0.929424 -0.042582 0.366548 -21.288156
0.372566 -0.044087 0.926958 229.163143 -0.020038 0.998256 0.055532 -5.821468 -0.927789 -0.039264 0.371033 -20.985680
0.376869 -0.044007 0.925221 229.903321 -0.016806 0.998381 0.054332 -5.786416 -0.926114 -0.036025 0.375520 -20.682881
0.381063 -0.041397 0.923622 230.641063 -0.017052 0.998512 0.051790 -5.748608 -0.924392 -0.035485 0.379790 -20.370413
0.385359 -0.041940 0.921813 231.379211 -0.021680 0.998279 0.054483 -5.713135 -0.922512 -0.040980 0.383787 -20.046257
0.390009 -0.042353 0.919836 232.111982 -0.024857 0.998093 0.056495 -5.670054 -0.920475 -0.044898 0.388213 -19.721930
0.394014 -0.040171 0.918226 232.836333 -0.022595 0.998319 0.053371 -5.635042 -0.918827 -0.041776 0.392444 -19.405333
0.398019 -0.033725 0.916757 233.558553 -0.021204 0.998719 0.045947 -5.598456 -0.917132 -0.037727 0.396794 -19.084191
0.401292 -0.027063 0.915550 234.280469 -0.026806 0.998788 0.041273 -5.563405 -0.915558 -0.041105 0.400080 -18.750926
0.404326 -0.027124 0.914213 235.010602 -0.033603 0.998445 0.044484 -5.531661 -0.913998 -0.048706 0.402786 -18.410772
0.407009 -0.037173 0.912667 235.749765 -0.033654 0.997883 0.055653 -5.500836 -0.912804 -0.053366 0.404896 -18.075964
0.408894 -0.049222 0.911254 236.493087 -0.029526 0.997308 0.067119 -5.462204 -0.912104 -0.054350 0.406340 -17.742973
0.410520 -0.057447 0.910040 237.233466 -0.030206 0.996609 0.076537 -5.421735 -0.911351 -0.058909 0.407392 -17.401814
0.412628 -0.060195 0.908909 237.969281 -0.032298 0.996220 0.080641 -5.383327 -0.910327 -0.062631 0.409124 -17.059814
0.415394 -0.055915 0.907922 238.695457 -0.031375 0.996634 0.075734 -5.338707 -0.909101 -0.059945 0.412241 -16.723119
0.419537 -0.049785 0.906372 239.421431 -0.029960 0.997191 0.068642 -5.291877 -0.907244 -0.055953 0.416867 -16.384335
0.423791 -0.045377 0.904623 240.145477 -0.029662 0.997513 0.063932 -5.248129 -0.905274 -0.053926 0.421391 -16.037079
0.427968 -0.043413 0.902751 240.869219 -0.028127 0.997722 0.061315 -5.210063 -0.903356 -0.051633 0.425772 -15.687318
0.432046 -0.041092 0.900915 241.589815 -0.027488 0.997897 0.058698 -5.166998 -0.901433 -0.050125 0.430008 -15.334685
0.435911 -0.042481 0.898987 242.315282 -0.025587 0.997897 0.059561 -5.126556 -0.899626 -0.048966 0.433907 -14.977193
0.439320 -0.047347 0.897082 243.045719 -0.025000 0.997579 0.064894 -5.089701 -0.897983 -0.050936 0.437072 -14.613381
0.442283 -0.053007 0.895308 243.777475 -0.022853 0.997262 0.070333 -5.054711 -0.896584 -0.051567 0.439861 -14.248270
0.444783 -0.058556 0.893722 244.511869 -0.020939 0.996908 0.075738 -5.014917 -0.895393 -0.052400 0.442182 -13.879729
0.446710 -0.064005 0.892386 245.245755 -0.018910 0.996539 0.080942 -4.967915 -0.894479 -0.053032 0.443954 -13.508450
0.448219 -0.070735 0.891121 245.984308 -0.017382 0.995986 0.087802 -4.919889 -0.893755 -0.054844 0.445190 -13.134229
0.449943 -0.072125 0.890140 246.715760 -0.017350 0.995839 0.089460 -4.866153 -0.892889 -0.055696 0.446819 -12.758912
0.451741 -0.061564 0.890023 247.429254 -0.025736 0.996302 0.081978 -4.820597 -0.891778 -0.059939 0.448486 -12.377427
0.452618 -0.048220 0.890400 248.144778 -0.028109 0.997269 0.068296 -4.768203 -0.891261 -0.055940 0.450027 -12.002089
0.453485 -0.038675 0.890424 248.860911 -0.027816 0.997957 0.057512 -4.715412 -0.890830 -0.050848 0.451483 -11.632758
0.453439 -0.041063 0.890341 249.591551 -0.027644 0.997810 0.060098 -4.666974 -0.890859 -0.051863 0.451310 -11.256609
