0.999468 0.004526 -0.032294 -0.373816 -0.005030 0.999867 -0.015544 -0.222549 0.032219 0.015698 0.999358 6.688332
0.999462 0.004515 -0.032500 -0.400047 -0.005021 0.999867 -0.015528 -0.238069 0.032425 0.015683 0.999351 7.153272
0.999455 0.004503 -0.032712 -0.427250 -0.005012 0.999867 -0.015511 -0.254146 0.032638 0.015666 0.999344 7.634829
0.999448 0.004491 -0.032930 -0.455439 -0.005003 0.999867 -0.015491 -0.270787 0.032856 0.015648 0.999338 8.133217
0.999440 0.004479 -0.033152 -0.484629 -0.004994 0.999868 -0.015470 -0.287998 0.033079 0.015627 0.999331 8.648640
0.999433 0.004467 -0.033379 -0.514834 -0.004984 0.999868 -0.015446 -0.305785 0.033306 0.015604 0.999323 9.181294
0.999425 0.004454 -0.033610 -0.546070 -0.004975 0.999869 -0.015421 -0.324155 0.033537 0.015579 0.999316 9.731366
0.999417 0.004442 -0.033845 -0.578349 -0.004965 0.999869 -0.015394 -0.343114 0.033772 0.015553 0.999309 10.299033
0.999409 0.004429 -0.034084 -0.611686 -0.004955 0.999870 -0.015365 -0.362667 0.034012 0.015525 0.999301 10.884462
0.999401 0.004417 -0.034327 -0.646094 -0.004945 0.999870 -0.015336 -0.382819 0.034255 0.015497 0.999293 11.487811
0.999392 0.004404 -0.034573 -0.681586 -0.004936 0.999871 -0.015306 -0.403577 0.034502 0.015467 0.999285 12.109228
0.999384 0.004392 -0.034824 -0.718175 -0.004927 0.999871 -0.015275 -0.424944 0.034753 0.015437 0.999277 12.748850
0.999375 0.004381 -0.035079 -0.755874 -0.004918 0.999872 -0.015242 -0.446927 0.035008 0.015405 0.999268 13.406802
0.999366 0.004370 -0.035338 -0.794695 -0.004910 0.999872 -0.015209 -0.469528 0.035267 0.015373 0.999260 14.083200
0.999357 0.004361 -0.035601 -0.834649 -0.004903 0.999873 -0.015176 -0.492754 0.035531 0.015341 0.999251 14.778149
0.999347 0.004352 -0.035869 -0.875749 -0.004898 0.999873 -0.015143 -0.516608 0.035798 0.015308 0.999242 15.491741
0.999337 0.004345 -0.036140 -0.918005 -0.004894 0.999874 -0.015109 -0.541094 0.036070 0.015276 0.999233 16.224057
0.999327 0.004340 -0.036415 -0.961427 -0.004891 0.999874 -0.015075 -0.566217 0.036345 0.015243 0.999223 16.975168
0.999317 0.004336 -0.036694 -1.006027 -0.004891 0.999875 -0.015041 -0.591978 0.036624 0.015210 0.999213 17.745129
0.999307 0.004335 -0.036976 -1.051811 -0.004893 0.999875 -0.015007 -0.618380 0.036907 0.015177 0.999203 18.533985
0.999296 0.004336 -0.037261 -1.098788 -0.004896 0.999876 -0.014972 -0.645425 0.037192 0.015144 0.999193 19.341767
0.999285 0.004338 -0.037549 -1.146966 -0.004902 0.999876 -0.014937 -0.673113 0.037479 0.015111 0.999183 20.168493
0.999274 0.004343 -0.037837 -1.196350 -0.004910 0.999877 -0.014902 -0.701444 0.037768 0.015077 0.999173 21.014168
0.999263 0.004351 -0.038127 -1.246945 -0.004920 0.999877 -0.014867 -0.730420 0.038057 0.015044 0.999162 21.878785
0.999252 0.004360 -0.038416 -1.298754 -0.004933 0.999878 -0.014832 -0.760038 0.038347 0.015010 0.999152 22.762324
0.999241 0.004371 -0.038703 -1.351779 -0.004947 0.999878 -0.014797 -0.790298 0.038634 0.014977 0.999141 23.664752
0.999226 0.004382 -0.039091 -1.399128 -0.004962 0.999879 -0.014755 -0.817088 0.039022 0.014937 0.999127 24.461590
0.999211 0.004396 -0.039480 -1.447195 -0.004980 0.999879 -0.014712 -0.844219 0.039410 0.014897 0.999112 25.268249
0.999195 0.004412 -0.039866 -1.495954 -0.005000 0.999880 -0.014668 -0.871676 0.039797 0.014856 0.999097 26.084276
0.999180 0.004430 -0.040249 -1.545378 -0.005022 0.999880 -0.014624 -0.899444 0.040179 0.014814 0.999083 26.909213
0.999165 0.004450 -0.040624 -1.595439 -0.005046 0.999881 -0.014579 -0.927508 0.040554 0.014772 0.999068 27.742592
0.999150 0.004472 -0.040987 -1.646107 -0.005071 0.999882 -0.014533 -0.955851 0.040917 0.014729 0.999054 28.583940
0.999135 0.004496 -0.041336 -1.697346 -0.005098 0.999882 -0.014486 -0.984457 0.041266 0.014684 0.999040 29.432775
0.999121 0.004521 -0.041665 -1.749121 -0.005127 0.999883 -0.014437 -1.013310 0.041595 0.014637 0.999027 30.288611
0.999108 0.004549 -0.041971 -1.801395 -0.005156 0.999883 -0.014386 -1.042393 0.041901 0.014590 0.999015 31.150951
0.999097 0.004578 -0.042249 -1.854124 -0.005187 0.999884 -0.014335 -1.071690 0.042178 0.014541 0.999004 32.019293
0.999086 0.004609 -0.042493 -1.907264 -0.005220 0.999884 -0.014282 -1.101183 0.042422 0.014491 0.998995 32.893127
0.999077 0.004642 -0.042698 -1.960770 -0.005253 0.999885 -0.014228 -1.130856 0.042627 0.014439 0.998987 33.771935
0.999070 0.004677 -0.042859 -2.014588 -0.005288 0.999886 -0.014173 -1.160691 0.042788 0.014386 0.998981 34.655193
0.999065 0.004714 -0.042969 -2.068667 -0.005325 0.999886 -0.014116 -1.190671 0.042898 0.014332 0.998977 35.542367
0.999063 0.004754 -0.043023 -2.122949 -0.005363 0.999887 -0.014060 -1.220779 0.042951 0.014277 0.998975 36.432916
0.999063 0.004797 -0.043013 -2.177373 -0.005404 0.999887 -0.014003 -1.250998 0.042941 0.014222 0.998976 37.326293
0.999066 0.004843 -0.042934 -2.231873 -0.005446 0.999888 -0.013946 -1.281311 0.042861 0.014166 0.998981 38.221939
0.999073 0.004892 -0.042777 -2.286382 -0.005491 0.999888 -0.013889 -1.311701 0.042705 0.014111 0.998988 39.119291
0.999083 0.004945 -0.042538 -2.340827 -0.005538 0.999889 -0.013833 -1.342151 0.042464 0.014055 0.998999 40.017779
0.999096 0.005001 -0.042206 -2.395133 -0.005587 0.999889 -0.013777 -1.372643 0.042133 0.014000 0.999014 40.916822
0.999114 0.005061 -0.041776 -2.449220 -0.005638 0.999890 -0.013722 -1.403160 0.041702 0.013945 0.999033 41.815837
0.999136 0.005124 -0.041240 -2.503004 -0.005692 0.999890 -0.013668 -1.433684 0.041165 0.013891 0.999056 42.714230
0.999162 0.005190 -0.040588 -2.556397 -0.005747 0.999891 -0.013615 -1.464197 0.040513 0.013837 0.999083 43.611404
0.999193 0.005260 -0.039814 -2.609309 -0.005804 0.999891 -0.013565 -1.494681 0.039738 0.013785 0.999115 44.506755
0.999229 0.005333 -0.038907 -2.661644 -0.005863 0.999891 -0.013516 -1.525118 0.038831 0.013734 0.999151 45.399677
0.999268 0.005410 -0.037860 -2.713302 -0.005924 0.999892 -0.013470 -1.555490 0.037783 0.013684 0.999192 46.289554
0.999313 0.005490 -0.036659 -2.764297 -0.005985 0.999892 -0.013427 -1.585848 0.036582 0.013637 0.999238 47.177883
0.999361 0.005572 -0.035296 -2.814531 -0.006048 0.999892 -0.013388 -1.616182 0.035218 0.013593 0.999287 48.064219
0.999414 0.005657 -0.033761 -2.863903 -0.006111 0.999892 -0.013353 -1.646478 0.033682 0.013552 0.999341 48.948123
0.999470 0.005745 -0.032044 -2.912306 -0.006175 0.999892 -0.013324 -1.676724 0.031964 0.013515 0.999398 49.829158
0.999529 0.005836 -0.030137 -2.959632 -0.006239 0.999892 -0.013300 -1.706910 0.030056 0.013482 0.999457 50.706895
0.999590 0.005929 -0.028027 -3.005767 -0.006303 0.999892 -0.013282 -1.737024 0.027945 0.013453 0.999519 51.580908
0.999651 0.006024 -0.025705 -3.050591 -0.006366 0.999892 -0.013269 -1.767054 0.025622 0.013428 0.999581 52.450779
0.999713 0.006121 -0.023160 -3.093984 -0.006429 0.999891 -0.013263 -1.796990 0.023076 0.013408 0.999644 53.316093
0.999773 0.006219 -0.020379 -3.135816 -0.006490 0.999891 -0.013264 -1.826820 0.020294 0.013393 0.999704 54.176447
0.999829 0.006319 -0.017351 -3.175957 -0.006549 0.999890 -0.013271 -1.856534 0.017266 0.013383 0.999761 55.031441
0.999880 0.006419 -0.014065 -3.214269 -0.006606 0.999890 -0.013286 -1.886120 0.013978 0.013377 0.999813 55.880687
0.999924 0.006520 -0.010506 -3.250612 -0.006659 0.999889 -0.013308 -1.915567 0.010418 0.013377 0.999856 56.723804
0.999956 0.006621 -0.006662 -3.284838 -0.006709 0.999889 -0.013338 -1.944865 0.006573 0.013382 0.999889 57.560422
0.999974 0.006721 -0.002520 -3.316798 -0.006754 0.999888 -0.013375 -1.974003 0.002430 0.013392 0.999907 58.390179
0.999975 0.006821 0.001935 -3.346333 -0.006794 0.999887 -0.013420 -2.002970 -0.002027 0.013407 0.999908 59.212726
0.999954 0.006919 0.006717 -3.373283 -0.006828 0.999886 -0.013473 -2.031755 -0.006809 0.013427 0.999887 60.027722
0.999905 0.007015 0.011840 -3.397483 -0.006855 0.999885 -0.013535 -2.060350 -0.011933 0.013453 0.999838 60.834841
0.999825 0.007109 0.017319 -3.418762 -0.006874 0.999884 -0.013606 -2.088746 -0.017413 0.013485 0.999757 61.633768
0.999706 0.007201 0.023169 -3.436945 -0.006885 0.999883 -0.013687 -2.116935 -0.023264 0.013524 0.999638 62.424202
0.999541 0.007289 0.029405 -3.451854 -0.006886 0.999881 -0.013778 -2.144912 -0.029502 0.013569 0.999473 63.205856
0.999323 0.007374 0.036043 -3.463302 -0.006878 0.999880 -0.013879 -2.172668 -0.036141 0.013622 0.999254 63.978453
0.999043 0.007454 0.043099 -3.471103 -0.006857 0.999879 -0.013992 -2.200201 -0.043198 0.013683 0.998973 64.741733
0.998691 0.007530 0.050586 -3.475064 -0.006824 0.999877 -0.014115 -2.227503 -0.050686 0.013751 0.998620 65.495449
0.998257 0.007601 0.058521 -3.474990 -0.006778 0.999875 -0.014250 -2.254571 -0.058622 0.013828 0.998184 66.239367
0.997729 0.007667 0.066917 -3.470681 -0.006717 0.999874 -0.014396 -2.281402 -0.067019 0.013914 0.997655 66.973268
0.997094 0.007726 0.075788 -3.461935 -0.006642 0.999872 -0.014556 -2.307991 -0.075890 0.014010 0.997018 67.696947
0.996338 0.007780 0.085148 -3.448548 -0.006549 0.999870 -0.014728 -2.334336 -0.085251 0.014116 0.996260 68.410213
0.995446 0.007829 0.095009 -3.430313 -0.006440 0.999868 -0.014913 -2.360436 -0.095113 0.014234 0.995365 69.112883
0.994400 0.007871 0.105385 -3.407019 -0.006312 0.999866 -0.015113 -2.386288 -0.105489 0.014363 0.994317 69.804782
0.993184 0.007906 0.116285 -3.378457 -0.006165 0.999864 -0.015327 -2.411892 -0.116390 0.014505 0.993098 70.485743
0.991778 0.007936 0.127720 -3.344415 -0.005997 0.999861 -0.015555 -2.437247 -0.127826 0.014662 0.991688 71.155607
0.990162 0.007960 0.139699 -3.304682 -0.005808 0.999858 -0.015799 -2.462353 -0.139805 0.014832 0.990068 71.814226
0.988313 0.007977 0.152228 -3.259044 -0.005597 0.999855 -0.016058 -2.487210 -0.152334 0.015018 0.988215 72.461458
0.986209 0.007988 0.165312 -3.207292 -0.005361 0.999852 -0.016332 -2.511820 -0.165418 0.015220 0.986106 73.097176
0.983825 0.007993 0.178955 -3.149214 -0.005100 0.999849 -0.016620 -2.536185 -0.179060 0.015439 0.983717 73.721257
0.981135 0.007992 0.193156 -3.084601 -0.004813 0.999845 -0.016923 -2.560306 -0.193262 0.015674 0.981022 74.333595
0.978114 0.007985 0.207916 -3.013247 -0.004497 0.999841 -0.017240 -2.584185 -0.208021 0.015928 0.977995 74.934089
0.974733 0.007972 0.223229 -2.934944 -0.004153 0.999837 -0.017572 -2.607827 -0.223333 0.016201 0.974608 75.522654
0.970965 0.007953 0.239090 -2.849491 -0.003777 0.999832 -0.017916 -2.631233 -0.239192 0.016493 0.970832 76.099215
0.966780 0.007928 0.255487 -2.756688 -0.003370 0.999827 -0.018273 -2.654408 -0.255588 0.016805 0.966640 76.663710
0.962149 0.007898 0.272409 -2.656338 -0.002930 0.999822 -0.018641 -2.677356 -0.272508 0.017137 0.962001 77.216089
0.957043 0.007863 0.289840 -2.548247 -0.002455 0.999816 -0.019019 -2.700080 -0.289936 0.017490 0.956886 77.756315
0.951432 0.007824 0.307758 -2.432224 -0.001945 0.999810 -0.019406 -2.722585 -0.307851 0.017865 0.951267 78.284361
0.945289 0.007781 0.326141 -2.308082 -0.001398 0.999803 -0.019801 -2.744878 -0.326231 0.018261 0.945114 78.800215
0.938585 0.007735 0.344962 -2.175639 -0.000814 0.999796 -0.020202 -2.766963 -0.345048 0.018681 0.938399 79.303876
0.931293 0.007687 0.364190 -2.034715 -0.000193 0.999788 -0.020609 -2.788848 -0.364271 0.019123 0.931097 79.795355
0.923389 0.007639 0.383789 -1.885135 0.000465 0.999779 -0.021019 -2.810539 -0.383865 0.019587 0.923182 80.274677
0.914851 0.007592 0.403721 -1.726727 0.001160 0.999770 -0.021430 -2.832044 -0.403790 0.020074 0.914631 80.741875
0.905658 0.007547 0.423942 -1.559326 0.001892 0.999760 -0.021841 -2.853371 -0.424005 0.020583 0.905426 81.196994
0.895794 0.007505 0.444406 -1.382768 0.002662 0.999749 -0.022250 -2.874527 -0.444462 0.021115 0.895549 81.640088
0.885246 0.007467 0.465064 -1.196897 0.003469 0.999737 -0.022655 -2.895521 -0.465111 0.021668 0.884987 82.071226
0.874004 0.007434 0.485862 -1.001560 0.004312 0.999725 -0.023053 -2.916361 -0.485899 0.022243 0.873732 82.490484
0.862065 0.007407 0.506743 -0.796610 0.005190 0.999712 -0.023441 -2.937056 -0.506770 0.022838 0.861779 82.897948
0.849430 0.007387 0.527649 -0.581908 0.006101 0.999698 -0.023818 -2.957617 -0.527666 0.023451 0.849128 83.293717
0.836104 0.007375 0.548521 -0.357319 0.007045 0.999683 -0.024180 -2.978053 -0.548526 0.024082 0.835787 83.677895
0.822099 0.007372 0.569297 -0.122716 0.008020 0.999667 -0.024526 -2.998373 -0.569288 0.024729 0.821766 84.050596
0.807433 0.007379 0.589914 0.122020 0.009023 0.999650 -0.024854 -3.018589 -0.589891 0.025391 0.807084 84.411943
0.792127 0.007397 0.610311 0.377000 0.010053 0.999633 -0.025163 -3.038708 -0.610273 0.026067 0.791762 84.762067
0.776212 0.007427 0.630428 0.642331 0.011106 0.999614 -0.025450 -3.058744 -0.630374 0.026756 0.775830 85.101105
0.759721 0.007469 0.650206 0.918105 0.012180 0.999595 -0.025715 -3.078705 -0.650135 0.027456 0.759322 85.429203
0.742693 0.007525 0.669590 1.204411 0.013273 0.999575 -0.025955 -3.098604 -0.669500 0.028164 0.742278 85.746513
0.725173 0.007595 0.688525 1.501326 0.014380 0.999554 -0.026172 -3.118452 -0.688417 0.028880 0.724740 86.053192
0.707208 0.007679 0.706964 1.808916 0.015500 0.999532 -0.026363 -3.138260 -0.706835 0.029602 0.706758 86.349402
0.688851 0.007778 0.724862 2.127240 0.016630 0.999510 -0.026528 -3.158041 -0.724713 0.030328 0.688384 86.635312
0.670155 0.007891 0.742179 2.456341 0.017765 0.999486 -0.026668 -3.177807 -0.742009 0.031057 0.669670 86.911096
0.651177 0.008019 0.758883 2.796255 0.018904 0.999463 -0.026782 -3.197571 -0.758690 0.031786 0.650676 87.176932
0.631976 0.008161 0.774945 3.147003 0.020044 0.999438 -0.026871 -3.217345 -0.774728 0.032514 0.631458 87.433003
0.612611 0.008316 0.790341 3.508596 0.021180 0.999413 -0.026933 -3.237141 -0.790101 0.033239 0.612075 87.679495
0.593140 0.008485 0.805055 3.881033 0.022310 0.999387 -0.026971 -3.256971 -0.804790 0.033959 0.592587 87.916600
0.573621 0.008667 0.819075 4.264296 0.023431 0.999361 -0.026984 -3.276849 -0.818786 0.034671 0.573051 88.144512
0.554111 0.008861 0.832396 4.658359 0.024540 0.999335 -0.026974 -3.296786 -0.832081 0.035374 0.553525 88.363429
0.534664 0.009067 0.845016 5.063178 0.025634 0.999308 -0.026942 -3.316793 -0.844676 0.036066 0.534062 88.573552
0.515334 0.009285 0.856939 5.478699 0.026709 0.999282 -0.026889 -3.336884 -0.856573 0.036745 0.514716 88.775087
0.496169 0.009513 0.868174 5.904855 0.027764 0.999255 -0.026816 -3.357069 -0.867782 0.037410 0.495536 88.968239
0.477217 0.009750 0.878731 6.341563 0.028796 0.999228 -0.026725 -3.377360 -0.878313 0.038058 0.476568 89.153219
0.458521 0.009996 0.888627 6.788730 0.029802 0.999201 -0.026617 -3.397768 -0.888184 0.038688 0.457857 89.330238
0.440121 0.010249 0.897880 7.246248 0.030782 0.999175 -0.026494 -3.418304 -0.897411 0.039299 0.439443 89.499513
0.422054 0.010509 0.906510 7.713996 0.031732 0.999149 -0.026356 -3.438979 -0.906015 0.039889 0.421361 89.661260
0.404353 0.010773 0.914540 8.191844 0.032652 0.999123 -0.026206 -3.459802 -0.914020 0.040458 0.403647 89.815699
0.387049 0.011042 0.921993 8.679646 0.033540 0.999098 -0.026045 -3.480783 -0.921449 0.041004 0.386329 89.963051
0.370168 0.011313 0.928896 9.177246 0.034395 0.999073 -0.025874 -3.501932 -0.928328 0.041528 0.369435 90.103538
0.353734 0.011585 0.935274 9.684477 0.035218 0.999049 -0.025695 -3.523255 -0.934683 0.042028 0.352990 90.237387
0.337768 0.011858 0.941155 10.201158 0.036006 0.999026 -0.025510 -3.544762 -0.940540 0.042504 0.337012 90.364822
0.322289 0.012131 0.946564 10.727102 0.036760 0.999003 -0.025320 -3.566459 -0.945927 0.042956 0.321522 90.486071
0.307310 0.012403 0.951528 11.262106 0.037480 0.998981 -0.025126 -3.588352 -0.950871 0.043385 0.306533 90.601362
0.292846 0.012672 0.956076 11.805960 0.038165 0.998960 -0.024930 -3.610447 -0.955398 0.043790 0.292058 90.710923
0.278906 0.012938 0.960231 12.358442 0.038815 0.998940 -0.024734 -3.632748 -0.959534 0.044170 0.278108 90.814983
0.265497 0.013201 0.964021 12.919322 0.039431 0.998921 -0.024538 -3.655260 -0.963305 0.044527 0.264690 90.913770
0.252627 0.013458 0.967470 13.488358 0.040012 0.998903 -0.024344 -3.677987 -0.966736 0.044861 0.251811 91.007512
0.240298 0.013710 0.970602 14.065299 0.040560 0.998885 -0.024151 -3.700932 -0.969851 0.045171 0.239474 91.096437
0.228514 0.013956 0.973440 14.649885 0.041074 0.998869 -0.023962 -3.724097 -0.972674 0.045459 0.227683 91.180771
0.217276 0.014194 0.976007 15.241844 0.041555 0.998853 -0.023778 -3.747483 -0.975225 0.045724 0.216437 91.260740
0.206584 0.014426 0.978323 15.840898 0.042003 0.998839 -0.023598 -3.771091 -0.977527 0.045967 0.205738 91.336569
0.196435 0.014649 0.980407 16.446755 0.042418 0.998825 -0.023423 -3.794922 -0.979599 0.046188 0.195583 91.408484
0.186829 0.014863 0.982280 17.059118 0.042802 0.998813 -0.023255 -3.818974 -0.981459 0.046388 0.185971 91.476708
0.177764 0.015069 0.983958 17.677680 0.043155 0.998801 -0.023092 -3.843247 -0.983127 0.046568 0.176900 91.541463
0.169235 0.015264 0.985458 18.302125 0.043478 0.998791 -0.022937 -3.867737 -0.984616 0.046727 0.168367 91.602973
0.161241 0.015449 0.986794 18.932127 0.043772 0.998782 -0.022789 -3.892443 -0.985944 0.046868 0.160368 91.661461
0.153777 0.015623 0.987982 19.567354 0.044036 0.998773 -0.022648 -3.917360 -0.987124 0.046989 0.152901 91.717149
0.146842 0.015787 0.989034 20.207465 0.044271 0.998766 -0.022516 -3.942486 -0.988169 0.047092 0.145962 91.770263
0.140432 0.015941 0.989962 20.852111 0.044478 0.998759 -0.022392 -3.967817 -0.989091 0.047176 0.139549 91.821026
0.134544 0.016083 0.990777 21.500938 0.044657 0.998754 -0.022277 -3.993349 -0.989901 0.047242 0.133658 91.869664
0.129176 0.016216 0.991489 22.153583 0.044808 0.998750 -0.022173 -4.019075 -0.990609 0.047291 0.128288 91.916401
0.124327 0.016339 0.992107 22.809681 0.044932 0.998746 -0.022079 -4.044990 -0.991223 0.047323 0.123437 91.961465
0.119994 0.016453 0.992638 23.468858 0.045030 0.998743 -0.021997 -4.071088 -0.991753 0.047338 0.119102 92.005086
0.116177 0.016558 0.993091 24.130738 0.045101 0.998742 -0.021928 -4.097363 -0.992204 0.047337 0.115284 92.047494
0.112876 0.016653 0.993470 24.794941 0.045146 0.998741 -0.021871 -4.123810 -0.992583 0.047320 0.111982 92.088922
0.110090 0.016741 0.993781 25.461082 0.045165 0.998741 -0.021827 -4.150420 -0.992895 0.047287 0.109196 92.129605
0.107822 0.016819 0.994028 26.128774 0.045157 0.998742 -0.021797 -4.177189 -0.993144 0.047238 0.106927 92.169781
0.106072 0.016889 0.994215 26.797630 0.045123 0.998744 -0.021780 -4.204108 -0.993334 0.047172 0.105176 92.209690
0.104842 0.016951 0.994344 27.467259 0.045062 0.998747 -0.021778 -4.231171 -0.993467 0.047091 0.103947 92.249575
0.104136 0.017006 0.994418 28.137271 0.044975 0.998750 -0.021789 -4.258371 -0.993546 0.046993 0.103241 92.289681
0.103957 0.017052 0.994436 28.807276 0.044862 0.998755 -0.021816 -4.285700 -0.993569 0.046880 0.103063 92.330256
0.104309 0.017092 0.994398 29.476885 0.044721 0.998760 -0.021858 -4.313150 -0.993539 0.046750 0.103416 92.371552
0.105197 0.017125 0.994304 30.145712 0.044554 0.998767 -0.021915 -4.340713 -0.993453 0.046605 0.104304 92.413823
0.106626 0.017151 0.994151 30.813375 0.044359 0.998774 -0.021988 -4.368382 -0.993309 0.046444 0.105735 92.457325
0.108602 0.017171 0.993937 31.479493 0.044137 0.998782 -0.022077 -4.396149 -0.993105 0.046267 0.107712 92.502318
0.111130 0.017185 0.993657 32.143693 0.043887 0.998790 -0.022182 -4.424005 -0.992836 0.046074 0.110242 92.549064
0.114218 0.017194 0.993307 32.805605 0.043610 0.998800 -0.022303 -4.451942 -0.992498 0.045865 0.113331 92.597825
0.117870 0.017197 0.992880 33.464867 0.043304 0.998810 -0.022440 -4.479952 -0.992084 0.045641 0.116985 92.648868
0.122095 0.017195 0.992369 34.121122 0.042971 0.998821 -0.022593 -4.508025 -0.991588 0.045402 0.121213 92.702459
0.126899 0.017188 0.991767 34.774021 0.042610 0.998832 -0.022762 -4.536154 -0.991000 0.045148 0.126019 92.758868
0.132288 0.017176 0.991063 35.423220 0.042222 0.998845 -0.022946 -4.564328 -0.990312 0.044880 0.131410 92.818366
0.138268 0.017159 0.990246 36.068385 0.041806 0.998858 -0.023146 -4.592541 -0.989512 0.044598 0.137393 92.881225
0.144846 0.017139 0.989306 36.709188 0.041362 0.998871 -0.023360 -4.620783 -0.988589 0.044304 0.143973 92.947719
0.152025 0.017114 0.988228 37.345312 0.040892 0.998885 -0.023589 -4.649045 -0.987530 0.043996 0.151156 93.018121
0.159811 0.017087 0.987000 37.976446 0.040394 0.998900 -0.023833 -4.677320 -0.986321 0.043677 0.158945 93.092706
0.168207 0.017056 0.985604 38.602289 0.039868 0.998914 -0.024091 -4.705599 -0.984945 0.043347 0.167344 93.171749
0.177213 0.017024 0.984025 39.222550 0.039316 0.998930 -0.024363 -4.733873 -0.983387 0.043005 0.176354 93.255523
0.186832 0.016992 0.982245 39.836948 0.038735 0.998945 -0.024648 -4.762135 -0.981628 0.042652 0.185976 93.344301
0.197060 0.016959 0.980245 40.445210 0.038126 0.998961 -0.024947 -4.790379 -0.979650 0.042289 0.196209 93.438356
0.207896 0.016927 0.978005 41.047078 0.037488 0.998978 -0.025258 -4.818596 -0.977432 0.041915 0.207049 93.537957
0.219333 0.016895 0.975504 41.642303 0.036820 0.998994 -0.025581 -4.846780 -0.974955 0.041529 0.218491 93.643372
0.231366 0.016866 0.972721 42.230647 0.036122 0.999011 -0.025914 -4.874927 -0.972196 0.041132 0.230528 93.754866
0.243983 0.016839 0.969633 42.811887 0.035393 0.999029 -0.026256 -4.903030 -0.969133 0.040724 0.243150 93.872699
0.257174 0.016816 0.966219 43.385811 0.034632 0.999046 -0.026605 -4.931084 -0.965744 0.040304 0.256346 93.997131
0.270924 0.016796 0.962454 43.952220 0.033839 0.999064 -0.026961 -4.959085 -0.962006 0.039873 0.270102 94.128415
0.285216 0.016782 0.958316 44.510930 0.033014 0.999081 -0.027322 -4.987028 -0.957894 0.039431 0.284400 94.266803
0.300031 0.016775 0.953782 45.061769 0.032156 0.999099 -0.027687 -5.014909 -0.953387 0.038977 0.299221 94.412540
0.315345 0.016775 0.948829 45.604582 0.031265 0.999117 -0.028055 -5.042726 -0.948462 0.038512 0.314542 94.565867
0.331133 0.016784 0.943435 46.139229 0.030340 0.999135 -0.028424 -5.070475 -0.943096 0.038036 0.330337 94.727023
0.347365 0.016804 0.937579 46.665584 0.029381 0.999154 -0.028793 -5.098155 -0.937269 0.037549 0.346578 94.896236
0.364011 0.016835 0.931243 47.183539 0.028389 0.999172 -0.029160 -5.125765 -0.930962 0.037052 0.363231 95.073734
0.381034 0.016879 0.924407 47.692999 0.027365 0.999189 -0.029525 -5.153305 -0.924156 0.036547 0.380264 95.259735
0.398397 0.016937 0.917057 48.193887 0.026310 0.999207 -0.029884 -5.180776 -0.916836 0.036033 0.397636 95.454453
0.416059 0.017009 0.909179 48.686139 0.025223 0.999224 -0.030236 -5.208179 -0.908988 0.035512 0.415307 95.658097
0.433975 0.017097 0.900763 49.169709 0.024105 0.999242 -0.030580 -5.235516 -0.900603 0.034984 0.433233 95.870866
0.452099 0.017202 0.891802 49.644565 0.022958 0.999258 -0.030913 -5.262790 -0.891672 0.034450 0.451369 96.092954
0.470382 0.017323 0.882293 50.110689 0.021784 0.999275 -0.031234 -5.290005 -0.882194 0.033912 0.469664 96.324546
0.488774 0.017462 0.872235 50.568080 0.020584 0.999291 -0.031541 -5.317162 -0.872167 0.033370 0.488068 96.565820
0.507223 0.017619 0.861635 51.016749 0.019360 0.999306 -0.031831 -5.344267 -0.861597 0.032827 0.506530 96.816945
0.525676 0.017793 0.850499 51.456724 0.018116 0.999320 -0.032104 -5.371323 -0.850492 0.032283 0.524996 97.078080
0.544080 0.017985 0.838841 51.888042 0.016852 0.999334 -0.032357 -5.398334 -0.838864 0.031741 0.543414 97.349379
0.562381 0.018194 0.826678 52.310756 0.015573 0.999348 -0.032588 -5.425306 -0.826732 0.031201 0.561731 97.630982
0.580528 0.018419 0.814032 52.724930 0.014280 0.999360 -0.032796 -5.452243 -0.814115 0.030663 0.579893 97.923021
0.598469 0.018660 0.800929 53.130641 0.012977 0.999372 -0.032979 -5.479150 -0.801041 0.030131 0.597851 98.225616
0.616156 0.018916 0.787397 53.527976 0.011666 0.999383 -0.033137 -5.506033 -0.787538 0.029604 0.615555 98.538879
0.633542 0.019186 0.773471 53.917033 0.010352 0.999393 -0.033270 -5.532895 -0.773639 0.029084 0.632958 98.862909
0.650583 0.019471 0.759186 54.297921 0.009036 0.999402 -0.033375 -5.559743 -0.759382 0.028574 0.650018 99.197793
0.667239 0.019768 0.744581 54.670760 0.007724 0.999410 -0.033455 -5.586581 -0.744804 0.028074 0.666693 99.543608
0.683474 0.020077 0.729699 55.035677 0.006417 0.999418 -0.033509 -5.613416 -0.729947 0.027585 0.682947 99.900418
0.699255 0.020398 0.714582 55.392807 0.005119 0.999424 -0.033538 -5.640252 -0.714854 0.027110 0.698748 100.268278
0.714553 0.020728 0.699274 55.742296 0.003833 0.999430 -0.033541 -5.667094 -0.699571 0.026647 0.714066 100.647229
0.729345 0.021066 0.683821 56.084295 0.002561 0.999435 -0.033520 -5.693949 -0.684141 0.026199 0.728879 101.037302
0.743611 0.021412 0.668269 56.418961 0.001305 0.999439 -0.033475 -5.720822 -0.668611 0.025765 0.743166 101.438513
0.757336 0.021764 0.652663 56.746459 0.000069 0.999442 -0.033407 -5.747717 -0.653026 0.025345 0.756911 101.850868
0.770507 0.022121 0.637048 57.066956 -0.001147 0.999444 -0.033317 -5.774640 -0.637431 0.024941 0.770104 102.274362
0.783118 0.022482 0.621467 57.380626 -0.002339 0.999446 -0.033208 -5.801595 -0.621869 0.024552 0.782737 102.708976
0.795166 0.022846 0.605961 57.687648 -0.003506 0.999447 -0.033079 -5.828588 -0.606382 0.024179 0.794806 103.154679
0.806651 0.023212 0.590572 57.988201 -0.004647 0.999447 -0.032935 -5.855623 -0.591010 0.023822 0.806312 103.611431
0.817576 0.023579 0.575338 58.282472 -0.005761 0.999446 -0.032774 -5.882705 -0.575792 0.023481 0.817259 104.079178
0.827948 0.023947 0.560293 58.570647 -0.006846 0.999445 -0.032601 -5.909840 -0.560763 0.023156 0.827653 104.557857
0.837777 0.024315 0.545471 58.852918 -0.007902 0.999443 -0.032415 -5.937032 -0.545956 0.022846 0.837502 105.047392
0.847073 0.024682 0.530904 59.129477 -0.008929 0.999441 -0.032219 -5.964285 -0.531402 0.022551 0.846820 105.547697
0.855850 0.025048 0.516617 59.400520 -0.009926 0.999438 -0.032014 -5.991605 -0.517129 0.022271 0.855618 106.058675
0.864124 0.025413 0.502637 59.666243 -0.010895 0.999435 -0.031802 -6.018995 -0.503161 0.022004 0.863912 106.580219
0.871911 0.025777 0.488985 59.926843 -0.011834 0.999431 -0.031583 -6.046460 -0.489521 0.021751 0.871720 107.112213
0.879229 0.026138 0.475681 60.182519 -0.012745 0.999427 -0.031360 -6.074004 -0.476228 0.021510 0.879059 107.654530
0.886098 0.026497 0.462741 60.433470 -0.013628 0.999422 -0.031133 -6.101630 -0.463298 0.021280 0.885947 108.207035
0.892535 0.026853 0.450178 60.679893 -0.014482 0.999417 -0.030902 -6.129343 -0.450745 0.021062 0.892404 108.769587
0.898562 0.027205 0.438002 60.921985 -0.015309 0.999412 -0.030670 -6.157146 -0.438579 0.020854 0.898451 109.342033
0.904199 0.027553 0.426222 61.159942 -0.016107 0.999407 -0.030438 -6.185042 -0.426808 0.020657 0.904106 109.924216
0.909465 0.027896 0.414843 61.393955 -0.016877 0.999401 -0.030206 -6.213032 -0.415437 0.020470 0.909391 110.515972
0.914382 0.028235 0.403868 61.624213 -0.017620 0.999395 -0.029976 -6.241120 -0.404470 0.020294 0.914326 111.117130
0.918968 0.028568 0.393296 61.850901 -0.018336 0.999389 -0.029750 -6.269307 -0.393906 0.020128 0.918930 111.727515
0.923244 0.028896 0.383127 62.074197 -0.019026 0.999383 -0.029527 -6.297595 -0.383744 0.019971 0.923224 112.346946
0.927228 0.029218 0.373356 62.294277 -0.019691 0.999376 -0.029308 -6.325986 -0.373980 0.019824 0.927225 112.975237
0.930939 0.029535 0.363978 62.511309 -0.020331 0.999370 -0.029094 -6.354481 -0.364608 0.019685 0.930953 113.612198
0.934396 0.029845 0.354984 62.725454 -0.020947 0.999363 -0.028886 -6.383081 -0.355621 0.019555 0.934426 114.257636
0.937614 0.030149 0.346367 62.936867 -0.021539 0.999356 -0.028683 -6.411787 -0.347009 0.019433 0.937660 114.911353
0.940612 0.030446 0.338115 63.145694 -0.022108 0.999350 -0.028486 -6.440598 -0.338762 0.019319 0.940674 115.573151
0.943405 0.030736 0.330216 63.352074 -0.022655 0.999343 -0.028294 -6.469513 -0.330869 0.019212 0.943481 116.242827
0.946007 0.031018 0.322658 63.556134 -0.023180 0.999336 -0.028106 -6.498531 -0.323316 0.019110 0.946098 116.920179
0.948433 0.031293 0.315429 63.757995 -0.023685 0.999329 -0.027923 -6.527648 -0.316091 0.019012 0.948538 117.605004
0.950696 0.031560 0.308513 63.957767 -0.024171 0.999323 -0.027743 -6.556860 -0.309180 0.018918 0.950815 118.297093
0.952809 0.031820 0.301898 64.155552 -0.024638 0.999316 -0.027568 -6.586162 -0.302568 0.018829 0.952942 118.996239
0.954783 0.032072 0.295568 64.351443 -0.025086 0.999310 -0.027398 -6.615550 -0.296243 0.018744 0.954929 119.702232
0.956629 0.032316 0.289511 64.545525 -0.025517 0.999303 -0.027232 -6.645017 -0.290189 0.018663 0.956787 120.414865
0.958357 0.032553 0.283711 64.737870 -0.025930 0.999297 -0.027069 -6.674557 -0.284393 0.018585 0.958528 121.133928
0.959976 0.032783 0.278156 64.928546 -0.026329 0.999291 -0.026911 -6.704166 -0.278841 0.018510 0.960159 121.859215
0.961496 0.033007 0.272831 65.117607 -0.026712 0.999285 -0.026755 -6.733835 -0.273519 0.018437 0.961690 122.590517
0.962923 0.033224 0.267724 65.305105 -0.027082 0.999279 -0.026602 -6.763558 -0.268414 0.018365 0.963128 123.327628
0.964265 0.033436 0.262821 65.491078 -0.027440 0.999273 -0.026452 -6.793328 -0.263514 0.018295 0.964482 124.070344
0.965530 0.033642 0.258110 65.675561 -0.027786 0.999268 -0.026304 -6.823139 -0.258806 0.018226 0.965757 124.818462
0.966722 0.033843 0.253579 65.858581 -0.028120 0.999262 -0.026160 -6.852982 -0.254277 0.018158 0.966961 125.571779
0.967849 0.034040 0.249217 66.040155 -0.028445 0.999257 -0.026017 -6.882852 -0.249917 0.018092 0.968098 126.330099
0.968916 0.034232 0.245012 66.220296 -0.028760 0.999251 -0.025877 -6.912740 -0.245714 0.018027 0.969175 127.093226
0.969926 0.034420 0.240953 66.399010 -0.029066 0.999246 -0.025739 -6.942639 -0.241657 0.017962 0.970196 127.860968
0.970886 0.034603 0.237029 66.576297 -0.029363 0.999241 -0.025603 -6.972542 -0.237735 0.017897 0.971165 128.633138
0.971799 0.034783 0.233231 66.752148 -0.029653 0.999236 -0.025467 -7.002442 -0.233938 0.017833 0.972088 129.409550
0.972669 0.034958 0.229547 66.926554 -0.029935 0.999231 -0.025331 -7.032330 -0.230256 0.017768 0.972968 130.190025
0.973501 0.035130 0.225970 67.099495 -0.030210 0.999226 -0.025196 -7.062199 -0.226680 0.017702 0.973808 130.974386
0.974296 0.035297 0.222488 67.270950 -0.030478 0.999221 -0.025061 -7.092040 -0.223199 0.017636 0.974613 131.762459
0.975059 0.035462 0.219093 67.440891 -0.030740 0.999217 -0.024926 -7.121847 -0.219805 0.017569 0.975386 132.554078
0.975793 0.035623 0.215775 67.609287 -0.030996 0.999212 -0.024791 -7.151611 -0.216488 0.017503 0.976128 133.349078
0.976500 0.035780 0.212526 67.776102 -0.031246 0.999208 -0.024658 -7.181326 -0.213240 0.017438 0.976844 134.147300
0.977183 0.035935 0.209337 67.941297 -0.031491 0.999203 -0.024525 -7.210983 -0.210052 0.017373 0.977536 134.948593
0.977844 0.036086 0.206200 68.104830 -0.031731 0.999199 -0.024392 -7.240576 -0.206915 0.017309 0.978206 135.752806
0.978486 0.036235 0.203105 68.266653 -0.031967 0.999195 -0.024258 -7.270100 -0.203821 0.017244 0.978856 136.559799
0.979111 0.036382 0.200046 68.426719 -0.032199 0.999190 -0.024124 -7.299545 -0.200762 0.017179 0.979489 137.369434
0.979720 0.036526 0.197015 68.584973 -0.032428 0.999186 -0.023989 -7.328906 -0.197731 0.017114 0.980107 138.181576
0.980315 0.036667 0.194003 68.741362 -0.032653 0.999182 -0.023852 -7.358176 -0.194719 0.017048 0.980711 138.996100
0.980899 0.036806 0.191003 68.895827 -0.032874 0.999178 -0.023714 -7.387348 -0.191719 0.016982 0.981303 139.812882
0.981472 0.036942 0.188009 69.048309 -0.033093 0.999174 -0.023574 -7.416415 -0.188724 0.016916 0.981884 140.631806
0.982036 0.037076 0.185013 69.198746 -0.033308 0.999170 -0.023432 -7.445372 -0.185729 0.016848 0.982457 141.452759
0.982593 0.037206 0.182010 69.347076 -0.033519 0.999167 -0.023287 -7.474211 -0.182725 0.016781 0.983021 142.275630
0.983142 0.037332 0.178993 69.493235 -0.033727 0.999163 -0.023141 -7.502927 -0.179707 0.016714 0.983578 143.100316
0.983685 0.037454 0.175957 69.637158 -0.033930 0.999160 -0.022992 -7.531513 -0.176670 0.016647 0.984129 143.926717
0.984223 0.037571 0.172896 69.778778 -0.034129 0.999156 -0.022842 -7.559963 -0.173609 0.016581 0.984675 144.754735
0.984756 0.037685 0.169807 69.918029 -0.034323 0.999153 -0.022690 -7.588272 -0.170519 0.016516 0.985216 145.584279
0.985286 0.037794 0.166685 70.054845 -0.034514 0.999150 -0.022537 -7.616434 -0.167395 0.016452 0.985753 146.415261
0.985811 0.037900 0.163527 70.189159 -0.034700 0.999147 -0.022381 -7.644443 -0.164236 0.016389 0.986285 147.247596
0.986332 0.038000 0.160329 70.320906 -0.034882 0.999144 -0.022222 -7.672295 -0.161036 0.016326 0.986813 148.081203
0.986849 0.038096 0.157089 70.450022 -0.035059 0.999142 -0.022062 -7.699985 -0.157795 0.016264 0.987338 148.916006
0.987363 0.038187 0.153806 70.576443 -0.035231 0.999139 -0.021899 -7.727508 -0.154510 0.016204 0.987858 149.751929
0.987872 0.038273 0.150477 70.700107 -0.035399 0.999137 -0.021735 -7.754860 -0.151179 0.016145 0.988374 150.588900
0.988377 0.038353 0.147103 70.820956 -0.035560 0.999135 -0.021570 -7.782037 -0.147803 0.016088 0.988886 151.426853
0.988877 0.038428 0.143684 70.938932 -0.035716 0.999133 -0.021404 -7.809035 -0.144382 0.016034 0.989392 152.265722
0.989372 0.038496 0.140219 71.053978 -0.035866 0.999131 -0.021236 -7.835852 -0.140915 0.015981 0.989893 153.105445
0.989860 0.038559 0.136712 71.166043 -0.036010 0.999129 -0.021068 -7.862484 -0.137405 0.015931 0.990387 153.945963
0.990342 0.038616 0.133163 71.275078 -0.036149 0.999128 -0.020899 -7.888929 -0.133854 0.015884 0.990874 154.787216
0.990815 0.038668 0.129575 71.381039 -0.036282 0.999127 -0.020730 -7.915186 -0.130264 0.015839 0.991353 155.629147
0.991281 0.038715 0.125952 71.483884 -0.036409 0.999125 -0.020563 -7.941255 -0.126638 0.015798 0.991823 156.471697
0.991736 0.038756 0.122298 71.583579 -0.036530 0.999124 -0.020397 -7.967136 -0.122981 0.015761 0.992284 157.314810
0.992182 0.038792 0.118615 71.680092 -0.036645 0.999124 -0.020233 -7.992831 -0.119296 0.015728 0.992734 158.158432
0.992617 0.038823 0.114909 71.773395 -0.036754 0.999123 -0.020071 -8.018341 -0.115588 0.015699 0.993173 159.002508
0.993040 0.038850 0.111184 71.863466 -0.036859 0.999122 -0.019909 -8.043668 -0.111860 0.015673 0.993600 159.846986
0.993451 0.038872 0.107444 71.950287 -0.036958 0.999122 -0.019749 -8.068815 -0.108117 0.015649 0.994015 160.691811
0.993849 0.038891 0.103694 72.033847 -0.037053 0.999121 -0.019591 -8.093783 -0.104365 0.015628 0.994416 161.536929
0.994233 0.038905 0.099939 72.114137 -0.037143 0.999121 -0.019436 -8.118577 -0.100608 0.015611 0.994804 162.382287
0.994603 0.038916 0.096184 72.191157 -0.037227 0.999121 -0.019284 -8.143197 -0.096850 0.015599 0.995177 163.227829
0.994958 0.038922 0.092433 72.264907 -0.037307 0.999121 -0.019136 -8.167649 -0.093097 0.015591 0.995535 164.073504
0.995298 0.038923 0.088692 72.335397 -0.037380 0.999121 -0.018993 -8.191934 -0.089353 0.015588 0.995878 164.919256
0.995624 0.038920 0.084964 72.402635 -0.037448 0.999121 -0.018853 -8.216057 -0.085623 0.015589 0.996206 165.765032
0.995934 0.038912 0.081254 72.466638 -0.037509 0.999121 -0.018719 -8.240021 -0.081911 0.015595 0.996518 166.610776
0.996228 0.038900 0.077566 72.527424 -0.037565 0.999121 -0.018589 -8.263829 -0.078221 0.015605 0.996814 167.456434
0.996507 0.038883 0.073905 72.585017 -0.037616 0.999122 -0.018465 -8.287485 -0.074558 0.015621 0.997094 168.301947
0.996770 0.038862 0.070275 72.639445 -0.037661 0.999122 -0.018346 -8.310993 -0.070926 0.015640 0.997359 169.147260
0.997018 0.038838 0.066680 72.690738 -0.037700 0.999123 -0.018233 -8.334355 -0.067329 0.015664 0.997608 169.992313
0.997251 0.038809 0.063124 72.738932 -0.037735 0.999123 -0.018125 -8.357576 -0.063772 0.015693 0.997841 170.837047
0.997468 0.038778 0.059611 72.784064 -0.037765 0.999124 -0.018022 -8.380659 -0.060257 0.015726 0.998059 171.681400
0.997671 0.038743 0.056144 72.826178 -0.037790 0.999125 -0.017926 -8.403609 -0.056790 0.015763 0.998262 172.525310
0.997859 0.038705 0.052728 72.865319 -0.037811 0.999126 -0.017836 -8.426429 -0.053373 0.015804 0.998450 173.368715
0.998032 0.038663 0.049366 72.901538 -0.037828 0.999127 -0.017752 -8.449122 -0.050009 0.015849 0.998623 174.211549
0.998192 0.038619 0.046062 72.934886 -0.037839 0.999128 -0.017673 -8.471694 -0.046704 0.015898 0.998782 175.053748
0.998338 0.038571 0.042818 72.965418 -0.037846 0.999129 -0.017599 -8.494147 -0.043459 0.015949 0.998928 175.895246
0.998471 0.038519 0.039638 72.993192 -0.037848 0.999130 -0.017529 -8.516485 -0.040279 0.016002 0.999060 176.735974
0.998592 0.038463 0.036525 73.018270 -0.037845 0.999131 -0.017465 -8.538712 -0.037165 0.016058 0.999180 177.575865
0.998701 0.038402 0.033482 73.040716 -0.037835 0.999132 -0.017407 -8.560831 -0.034121 0.016117 0.999288 178.414846
0.998799 0.038336 0.030512 73.060597 -0.037819 0.999134 -0.017354 -8.582846 -0.031151 0.016179 0.999384 179.252848
0.998886 0.038265 0.027617 73.077980 -0.037796 0.999136 -0.017307 -8.604759 -0.028255 0.016244 0.999469 180.089798
0.998963 0.038188 0.024799 73.092938 -0.037766 0.999137 -0.017266 -8.626576 -0.025437 0.016311 0.999543 180.925623
0.999030 0.038105 0.022062 73.105544 -0.037728 0.999139 -0.017231 -8.648299 -0.022700 0.016382 0.999608 181.760249
0.999089 0.038015 0.019407 73.115872 -0.037683 0.999142 -0.017202 -8.669933 -0.020044 0.016455 0.999664 182.593602
0.999139 0.037919 0.016835 73.123999 -0.037629 0.999144 -0.017179 -8.691482 -0.017472 0.016531 0.999711 183.425613
0.999182 0.037815 0.014349 73.130001 -0.037568 0.999147 -0.017163 -8.712950 -0.014986 0.016610 0.999750 184.256213
0.999217 0.037705 0.011950 73.133956 -0.037497 0.999150 -0.017152 -8.734343 -0.012586 0.016691 0.999781 185.085333
0.999247 0.037588 0.009637 73.135944 -0.037419 0.999153 -0.017146 -8.755663 -0.010274 0.016773 0.999807 185.912906
0.999271 0.037463 0.007414 73.136043 -0.037332 0.999156 -0.017145 -8.776916 -0.008050 0.016855 0.999826 186.738867
0.999289 0.037330 0.005279 73.134334 -0.037235 0.999159 -0.017147 -8.798107 -0.005914 0.016938 0.999839 187.563151
0.999303 0.037190 0.003233 73.130897 -0.037129 0.999163 -0.017153 -8.819241 -0.003868 0.017021 0.999848 188.385692
0.999313 0.037042 0.001277 73.125813 -0.037014 0.999167 -0.017163 -8.840321 -0.001911 0.017104 0.999852 189.206427
0.999319 0.036885 -0.000591 73.119163 -0.036890 0.999172 -0.017177 -8.861353 -0.000043 0.017187 0.999852 190.025291
0.999323 0.036720 -0.002369 73.111027 -0.036756 0.999176 -0.017193 -8.882341 0.001736 0.017268 0.999849 190.842220
0.999324 0.036547 -0.004060 73.101486 -0.036612 0.999181 -0.017211 -8.903288 0.003428 0.017348 0.999844 191.657152
0.999322 0.036366 -0.005665 73.090620 -0.036458 0.999187 -0.017229 -8.924198 0.005034 0.017424 0.999836 192.470022
0.999320 0.036176 -0.007184 73.078507 -0.036295 0.999192 -0.017249 -8.945076 0.006554 0.017498 0.999825 193.280769
0.999315 0.035977 -0.008621 73.065228 -0.036121 0.999198 -0.017268 -8.965925 0.007993 0.017568 0.999814 194.089328
0.999310 0.035768 -0.009977 73.050859 -0.035937 0.999205 -0.017287 -8.986747 0.009351 0.017633 0.999801 194.895635
0.999304 0.035550 -0.011256 73.035476 -0.035742 0.999211 -0.017304 -9.007546 0.010632 0.017695 0.999787 195.699628
0.999298 0.035322 -0.012463 73.019152 -0.035535 0.999218 -0.017320 -9.028323 0.011841 0.017751 0.999772 196.501245
0.999292 0.035084 -0.013601 73.001955 -0.035317 0.999226 -0.017334 -9.049081 0.012982 0.017803 0.999757 197.300428
0.999285 0.034835 -0.014677 72.983951 -0.035088 0.999234 -0.017346 -9.069821 0.014061 0.017848 0.999742 198.097118
0.999279 0.034575 -0.015695 72.965202 -0.034846 0.999242 -0.017354 -9.090542 0.015083 0.017889 0.999726 198.891258
0.999273 0.034305 -0.016663 72.945765 -0.034593 0.999251 -0.017360 -9.111246 0.016055 0.017923 0.999710 199.682794
0.999266 0.034023 -0.017588 72.925692 -0.034328 0.999260 -0.017363 -9.131932 0.016984 0.017954 0.999695 200.471670
0.999260 0.033730 -0.018476 72.905031 -0.034051 0.999269 -0.017363 -9.152599 0.017877 0.017980 0.999679 201.257831
0.999254 0.033425 -0.019337 72.883827 -0.033762 0.999279 -0.017361 -9.173249 0.018743 0.018001 0.999662 202.041225
0.999248 0.033108 -0.020178 72.862115 -0.033460 0.999289 -0.017356 -9.193880 0.019589 0.018019 0.999646 202.821798
