0.537480 -0.020814 0.843019 4.534784 0.058129 0.998232 -0.012415 -0.197284 -0.841270 0.055677 0.537740 4.770537
0.530926 -0.020796 0.847163 4.880066 0.058647 0.998204 -0.012251 -0.209464 -0.845386 0.056188 0.531192 5.061630
0.524132 -0.020773 0.851384 5.241410 0.059181 0.998174 -0.012079 -0.221900 -0.849578 0.056716 0.524404 5.358343
0.517129 -0.020745 0.855656 5.619245 0.059728 0.998144 -0.011898 -0.234582 -0.853821 0.057259 0.517408 5.660480
0.509943 -0.020713 0.859959 6.014000 0.060286 0.998112 -0.011708 -0.247503 -0.858093 0.057814 0.510229 5.967837
0.502597 -0.020676 0.864273 6.426104 0.060855 0.998080 -0.011511 -0.260655 -0.862376 0.058381 0.502891 6.280204
0.495113 -0.020634 0.868583 6.855987 0.061431 0.998047 -0.011307 -0.274027 -0.866654 0.058956 0.495414 6.597363
0.487509 -0.020587 0.872875 7.304075 0.062014 0.998014 -0.011096 -0.287610 -0.870913 0.059540 0.487817 6.919090
0.479800 -0.020535 0.877137 7.770795 0.062602 0.997979 -0.010879 -0.301395 -0.875141 0.060131 0.480116 7.245154
0.472003 -0.020478 0.881359 8.256572 0.063195 0.997944 -0.010656 -0.315372 -0.879329 0.060728 0.472327 7.575320
0.464129 -0.020417 0.885532 8.761831 0.063792 0.997909 -0.010428 -0.329531 -0.883467 0.061330 0.464461 7.909346
0.456192 -0.020350 0.889648 9.286996 0.064393 0.997873 -0.010194 -0.343860 -0.887548 0.061937 0.456532 8.246986
0.448203 -0.020278 0.893702 9.832487 0.064995 0.997836 -0.009955 -0.358350 -0.891566 0.062548 0.448551 8.587991
0.440172 -0.020201 0.897686 10.398724 0.065600 0.997799 -0.009712 -0.372990 -0.895514 0.063163 0.440528 8.932106
0.432109 -0.020119 0.901597 10.986125 0.066205 0.997761 -0.009465 -0.387768 -0.899388 0.063781 0.432473 9.279074
0.424021 -0.020032 0.905431 11.595107 0.066812 0.997723 -0.009215 -0.402673 -0.903184 0.064401 0.424394 9.628634
0.415918 -0.019940 0.909183 12.226082 0.067419 0.997685 -0.008961 -0.417696 -0.906900 0.065023 0.416299 9.980522
0.407807 -0.019843 0.912853 12.879464 0.068025 0.997646 -0.008704 -0.432824 -0.910531 0.065646 0.408196 10.334473
0.399694 -0.019740 0.916436 13.555660 0.068630 0.997606 -0.008444 -0.448046 -0.914076 0.066270 0.400092 10.690219
0.391585 -0.019632 0.919933 14.255078 0.069232 0.997567 -0.008181 -0.463354 -0.917534 0.066893 0.391991 11.047490
0.383486 -0.019518 0.923341 14.978122 0.069832 0.997527 -0.007917 -0.478734 -0.920903 0.067515 0.383900 11.406013
0.375401 -0.019399 0.926659 15.725193 0.070429 0.997487 -0.007650 -0.494177 -0.924183 0.068136 0.375824 11.765515
0.367336 -0.019273 0.929889 16.496689 0.071022 0.997447 -0.007382 -0.509674 -0.927373 0.068754 0.367767 12.125721
0.359293 -0.019142 0.933028 17.293009 0.071611 0.997407 -0.007113 -0.525212 -0.930473 0.069370 0.359733 12.486353
0.351278 -0.019006 0.936078 18.114544 0.072194 0.997367 -0.006842 -0.540782 -0.933484 0.069983 0.351725 12.847135
0.343291 -0.018864 0.939039 18.961684 0.072773 0.997327 -0.006570 -0.556375 -0.936405 0.070592 0.343747 13.207786
0.331887 -0.018654 0.943135 19.761477 0.073574 0.997271 -0.006166 -0.567759 -0.940446 0.071436 0.332353 13.463975
0.320380 -0.018431 0.947110 20.581556 0.074375 0.997214 -0.005752 -0.578879 -0.944365 0.072284 0.320858 13.713096
0.308792 -0.018196 0.950955 21.421973 0.075175 0.997156 -0.005330 -0.589720 -0.948154 0.073134 0.309282 13.954700
0.297142 -0.017949 0.954665 22.282761 0.075974 0.997098 -0.004900 -0.600264 -0.951806 0.073986 0.297643 14.188359
0.285445 -0.017690 0.958232 23.163944 0.076770 0.997039 -0.004462 -0.610497 -0.955315 0.074837 0.285958 14.413659
0.273718 -0.017419 0.961652 24.065528 0.077561 0.996979 -0.004017 -0.620404 -0.958678 0.075687 0.274242 14.630205
0.261975 -0.017137 0.964922 24.987509 0.078349 0.996920 -0.003566 -0.629972 -0.961889 0.076535 0.262511 14.837617
0.250230 -0.016845 0.968040 25.929868 0.079131 0.996859 -0.003108 -0.639187 -0.964947 0.077380 0.250777 15.035533
0.238494 -0.016542 0.971003 26.892573 0.079908 0.996799 -0.002646 -0.648037 -0.967851 0.078222 0.239052 15.223606
0.226779 -0.016228 0.973811 27.875580 0.080678 0.996738 -0.002178 -0.656510 -0.970599 0.079059 0.227349 15.401506
0.215095 -0.015904 0.976464 28.878833 0.081442 0.996677 -0.001706 -0.664598 -0.973191 0.079892 0.215675 15.568920
0.203450 -0.015571 0.978961 29.902263 0.082198 0.996615 -0.001231 -0.672289 -0.975629 0.080719 0.204042 15.725550
0.191854 -0.015228 0.981305 30.945789 0.082947 0.996554 -0.000752 -0.679575 -0.977912 0.081540 0.192456 15.871112
0.180312 -0.014876 0.983497 32.009319 0.083687 0.996492 -0.000271 -0.686450 -0.980043 0.082355 0.180924 16.005340
0.168831 -0.014515 0.985538 33.092749 0.084420 0.996430 0.000214 -0.692904 -0.982023 0.083163 0.169454 16.127978
0.157416 -0.014146 0.987431 34.195963 0.085144 0.996368 0.000700 -0.698934 -0.983855 0.083963 0.158049 16.238788
0.146072 -0.013768 0.989178 35.318834 0.085859 0.996307 0.001189 -0.704532 -0.985541 0.084756 0.146714 16.337543
0.134801 -0.013383 0.990782 36.461223 0.086564 0.996245 0.001679 -0.709695 -0.987084 0.085540 0.135453 16.424030
0.123607 -0.012989 0.992246 37.622981 0.087260 0.996183 0.002171 -0.714418 -0.988487 0.086316 0.124269 16.498047
0.112492 -0.012589 0.993573 38.803946 0.087947 0.996122 0.002664 -0.718697 -0.989753 0.087082 0.113162 16.559403
0.101456 -0.012181 0.994766 40.003947 0.088624 0.996060 0.003158 -0.722532 -0.990885 0.087839 0.102135 16.607921
0.090500 -0.011766 0.995827 41.222799 0.089290 0.995999 0.003653 -0.725918 -0.991886 0.088587 0.091188 16.643431
0.079624 -0.011343 0.996760 42.460310 0.089946 0.995938 0.004149 -0.728855 -0.992759 0.089324 0.080320 16.665775
0.068826 -0.010914 0.997569 43.716274 0.090591 0.995877 0.004645 -0.731342 -0.993507 0.090051 0.069531 16.674801
0.058106 -0.010478 0.998255 44.990475 0.091226 0.995817 0.005142 -0.733379 -0.994134 0.090768 0.058819 16.670369
0.047461 -0.010034 0.998823 46.282688 0.091850 0.995757 0.005639 -0.734965 -0.994641 0.091474 0.048181 16.652343
0.037058 -0.009590 0.999267 47.593581 0.092455 0.995698 0.006127 -0.736182 -0.995027 0.092160 0.037786 16.622747
0.026899 -0.009146 0.999596 48.923014 0.093041 0.995640 0.006606 -0.737038 -0.995299 0.092826 0.027633 16.581614
0.016984 -0.008702 0.999818 50.270841 0.093608 0.995584 0.007075 -0.737541 -0.995464 0.093471 0.017723 16.528988
0.007312 -0.008258 0.999939 51.636915 0.094156 0.995529 0.007533 -0.737700 -0.995531 0.094095 0.008056 16.464919
-0.002118 -0.007815 0.999967 53.021088 0.094685 0.995475 0.007980 -0.737525 -0.995505 0.094699 -0.001369 16.389465
-0.011307 -0.007373 0.999909 54.423204 0.095195 0.995423 0.008417 -0.737026 -0.995394 0.095282 -0.010554 16.302692
-0.020257 -0.006933 0.999771 55.843109 0.095686 0.995372 0.008841 -0.736212 -0.995205 0.095843 -0.019500 16.204669
-0.028970 -0.006495 0.999559 57.280644 0.096157 0.995323 0.009255 -0.735096 -0.994945 0.096383 -0.028210 16.095473
-0.037449 -0.006059 0.999280 58.735646 0.096609 0.995276 0.009655 -0.733688 -0.994618 0.096901 -0.036686 15.975182
-0.045696 -0.005626 0.998940 60.207952 0.097041 0.995230 0.010044 -0.732001 -0.994231 0.097397 -0.044932 15.843881
-0.053716 -0.005195 0.998543 61.697393 0.097453 0.995186 0.010420 -0.730046 -0.993789 0.097870 -0.052951 15.701656
-0.061512 -0.004767 0.998095 63.203802 0.097845 0.995143 0.010783 -0.727836 -0.993299 0.098322 -0.060747 15.548595
-0.069087 -0.004342 0.997601 64.727005 0.098217 0.995103 0.011133 -0.725384 -0.992764 0.098750 -0.068322 15.384789
-0.076446 -0.003921 0.997066 66.266828 0.098569 0.995064 0.011471 -0.722703 -0.992190 0.099156 -0.075682 15.210331
-0.083592 -0.003504 0.996494 67.823095 0.098900 0.995027 0.011795 -0.719805 -0.991580 0.099539 -0.082830 15.025312
-0.090530 -0.003091 0.995889 69.395627 0.099211 0.994993 0.012107 -0.716703 -0.990940 0.099900 -0.089770 14.829825
-0.097264 -0.002683 0.995255 70.984244 0.099503 0.994960 0.012406 -0.713410 -0.990272 0.100238 -0.096507 14.623965
-0.103797 -0.002279 0.994596 72.588764 0.099775 0.994929 0.012693 -0.709939 -0.989581 0.100553 -0.103044 14.407822
-0.110135 -0.001881 0.993915 74.209002 0.100028 0.994900 0.012966 -0.706301 -0.988870 0.100848 -0.109385 14.181491
-0.116279 -0.001487 0.993215 75.844773 0.100263 0.994873 0.013228 -0.702509 -0.988143 0.101121 -0.115534 13.945062
-0.122235 -0.001100 0.992501 77.495886 0.100479 0.994848 0.013478 -0.698575 -0.987402 0.101373 -0.121495 13.698629
-0.128006 -0.000719 0.991773 79.162153 0.100677 0.994825 0.013715 -0.694510 -0.986650 0.101604 -0.127271 13.442281
-0.133595 -0.000343 0.991036 80.843380 0.100858 0.994803 0.013941 -0.690325 -0.985891 0.101816 -0.132866 13.176109
-0.139005 0.000026 0.990292 82.539373 0.101021 0.994784 0.014154 -0.686034 -0.985126 0.102008 -0.138282 12.900204
-0.144239 0.000389 0.989543 84.249939 0.101168 0.994766 0.014356 -0.681646 -0.984358 0.102180 -0.143523 12.614653
-0.149300 0.000746 0.988792 85.974881 0.101298 0.994750 0.014545 -0.677172 -0.983590 0.102334 -0.148592 12.319546
-0.154198 0.001096 0.988039 87.714004 0.101411 0.994736 0.014723 -0.672625 -0.982822 0.102469 -0.153498 12.014970
-0.158944 0.001441 0.987287 89.467111 0.101510 0.994723 0.014890 -0.668014 -0.982055 0.102586 -0.158251 11.701005
-0.163546 0.001781 0.986534 91.234006 0.101593 0.994712 0.015046 -0.663350 -0.981291 0.102686 -0.162863 11.377719
-0.168016 0.002116 0.985782 93.014490 0.101662 0.994703 0.015192 -0.658642 -0.980528 0.102769 -0.167341 11.045176
-0.172361 0.002446 0.985031 94.808367 0.101717 0.994695 0.015329 -0.653901 -0.979768 0.102836 -0.171696 10.703429
-0.176592 0.002772 0.984280 96.615438 0.101758 0.994689 0.015455 -0.649134 -0.979010 0.102888 -0.175936 10.352522
-0.180717 0.003094 0.983530 98.435505 0.101785 0.994684 0.015574 -0.644352 -0.978254 0.102923 -0.180071 9.992492
-0.184744 0.003412 0.982781 100.268366 0.101799 0.994681 0.015684 -0.639563 -0.977500 0.102944 -0.184109 9.623369
-0.188682 0.003726 0.982031 102.113823 0.101801 0.994680 0.015786 -0.634773 -0.976747 0.102950 -0.188058 9.245173
-0.192539 0.004037 0.981281 103.971673 0.101790 0.994679 0.015880 -0.629991 -0.975996 0.102942 -0.191926 8.857918
-0.196323 0.004346 0.980530 105.841715 0.101768 0.994680 0.015968 -0.625223 -0.975244 0.102921 -0.195721 8.461609
-0.200041 0.004651 0.979776 107.723745 0.101734 0.994682 0.016049 -0.620476 -0.974491 0.102887 -0.199451 8.056246
-0.203701 0.004955 0.979021 109.617559 0.101689 0.994686 0.016124 -0.615754 -0.973738 0.102840 -0.203122 7.641822
-0.207307 0.005257 0.978262 111.522955 0.101634 0.994690 0.016193 -0.611065 -0.972982 0.102782 -0.206741 7.218324
-0.210868 0.005557 0.977499 113.439726 0.101569 0.994696 0.016256 -0.606412 -0.972223 0.102712 -0.210314 6.785733
-0.214388 0.005856 0.976731 115.367668 0.101495 0.994702 0.016314 -0.601801 -0.971461 0.102631 -0.213847 6.344025
-0.217874 0.006154 0.975957 117.306576 0.101413 0.994710 0.016367 -0.597236 -0.970694 0.102540 -0.217346 5.893171
-0.221331 0.006451 0.975177 119.256244 0.101321 0.994718 0.016416 -0.592721 -0.969921 0.102440 -0.220815 5.433139
-0.224763 0.006748 0.974390 121.216466 0.101223 0.994728 0.016460 -0.588260 -0.969142 0.102330 -0.224261 4.963891
-0.228175 0.007045 0.973595 123.187038 0.101117 0.994738 0.016500 -0.583856 -0.968355 0.102211 -0.227686 4.485388
-0.231571 0.007341 0.972790 125.167751 0.101004 0.994749 0.016537 -0.579513 -0.967560 0.102085 -0.231096 3.997585
-0.234955 0.007638 0.971976 127.158402 0.100886 0.994760 0.016570 -0.575232 -0.966756 0.101952 -0.234495 3.500437
-0.238331 0.007935 0.971152 129.158783 0.100762 0.994772 0.016600 -0.571017 -0.965943 0.101812 -0.237885 2.993895
-0.241701 0.008233 0.970316 131.168688 0.100634 0.994785 0.016627 -0.566869 -0.965118 0.101666 -0.241269 2.477909
-0.245069 0.008531 0.969468 133.187914 0.100501 0.994798 0.016652 -0.562791 -0.964282 0.101514 -0.244651 1.952428
-0.248437 0.008830 0.968608 135.216253 0.100364 0.994811 0.016674 -0.558783 -0.963435 0.101356 -0.248034 1.417401
-0.251806 0.009129 0.967735 137.253503 0.100224 0.994825 0.016694 -0.554849 -0.962574 0.101194 -0.251418 0.872775
-0.255179 0.009429 0.966848 139.299458 0.100080 0.994839 0.016712 -0.550988 -0.961700 0.101027 -0.254806 0.318496
-0.258558 0.009730 0.965947 141.353917 0.099934 0.994853 0.016728 -0.547202 -0.960813 0.100856 -0.258200 -0.245488
-0.261943 0.010032 0.965031 143.416676 0.099785 0.994868 0.016743 -0.543493 -0.959911 0.100682 -0.261600 -0.819230
-0.265336 0.010335 0.964101 145.487534 0.099636 0.994883 0.016756 -0.539861 -0.958994 0.100505 -0.265008 -1.402781
-0.268736 0.010639 0.963155 147.566293 0.099485 0.994898 0.016768 -0.536306 -0.958062 0.100325 -0.268424 -1.996193
-0.272146 0.010944 0.962194 149.652753 0.099333 0.994913 0.016779 -0.532828 -0.957115 0.100144 -0.271848 -2.599516
-0.275564 0.011250 0.961217 151.746719 0.099182 0.994928 0.016789 -0.529426 -0.956152 0.099962 -0.275282 -3.212796
-0.278990 0.011557 0.960224 153.847995 0.099031 0.994943 0.016799 -0.526100 -0.955174 0.099779 -0.278724 -3.836079
-0.282425 0.011864 0.959216 155.956387 0.098881 0.994957 0.016808 -0.522849 -0.954180 0.099595 -0.282174 -4.469410
-0.285867 0.012173 0.958192 158.071707 0.098733 0.994972 0.016816 -0.519672 -0.953169 0.099412 -0.285632 -5.112831
-0.289317 0.012482 0.957152 160.193765 0.098586 0.994986 0.016824 -0.516567 -0.952143 0.099229 -0.289097 -5.766379
-0.292773 0.012793 0.956096 162.322375 0.098441 0.995001 0.016831 -0.513533 -0.951101 0.099047 -0.292569 -6.430092
-0.296236 0.013104 0.955025 164.457353 0.098299 0.995014 0.016838 -0.510568 -0.950043 0.098866 -0.296047 -7.104003
-0.299703 0.013416 0.953938 166.598518 0.098159 0.995028 0.016845 -0.507670 -0.948969 0.098686 -0.299530 -7.788146
-0.303174 0.013729 0.952836 168.745692 0.098022 0.995042 0.016851 -0.504837 -0.947880 0.098508 -0.303017 -8.482549
-0.306649 0.014044 0.951719 170.898699 0.097887 0.995055 0.016857 -0.502067 -0.946776 0.098330 -0.306507 -9.187239
-0.310126 0.014359 0.950587 173.057365 0.097755 0.995068 0.016862 -0.499358 -0.945656 0.098154 -0.310000 -9.902241
-0.313605 0.014674 0.949440 175.221522 0.097626 0.995080 0.016867 -0.496708 -0.944522 0.097980 -0.313495 -10.627578
-0.317085 0.014991 0.948279 177.391002 0.097500 0.995093 0.016871 -0.494114 -0.943372 0.097806 -0.316990 -11.363272
-0.320565 0.015308 0.947103 179.565642 0.097376 0.995105 0.016875 -0.491574 -0.942208 0.097634 -0.320486 -12.109340
-0.324044 0.015625 0.945913 181.745280 0.097254 0.995116 0.016879 -0.489084 -0.941030 0.097463 -0.323981 -12.865801
-0.327522 0.015943 0.944709 183.929760 0.097135 0.995128 0.016883 -0.486641 -0.939837 0.097294 -0.327475 -13.632671
-0.330998 0.016260 0.943491 186.118927 0.097019 0.995139 0.016886 -0.484240 -0.938631 0.097126 -0.330967 -14.409964
-0.334472 0.016578 0.942260 188.312629 0.096906 0.995150 0.016890 -0.481876 -0.937410 0.096959 -0.334456 -15.197693
-0.337942 0.016895 0.941015 190.510718 0.096794 0.995161 0.016894 -0.479545 -0.936176 0.096794 -0.337942 -15.995872
-0.341409 0.017211 0.939757 192.713048 0.096685 0.995172 0.016899 -0.477242 -0.934929 0.096630 -0.341425 -16.804512
-0.344872 0.017527 0.938486 194.919478 0.096579 0.995182 0.016904 -0.474960 -0.933668 0.096468 -0.344903 -17.623623
-0.348330 0.017843 0.937202 197.129868 0.096475 0.995192 0.016910 -0.472695 -0.932394 0.096306 -0.348377 -18.453217
-0.351783 0.018157 0.935905 199.344083 0.096373 0.995202 0.016917 -0.470438 -0.931107 0.096147 -0.351845 -19.293303
-0.355231 0.018471 0.934596 201.561989 0.096274 0.995211 0.016924 -0.468183 -0.929808 0.095989 -0.355308 -20.143890
-0.358672 0.018783 0.933275 203.783459 0.096177 0.995220 0.016933 -0.465923 -0.928496 0.095833 -0.358764 -21.004988
-0.362107 0.019094 0.931941 206.008365 0.096083 0.995229 0.016942 -0.463650 -0.927171 0.095679 -0.362214 -21.876605
-0.365534 0.019404 0.930596 208.236588 0.095992 0.995238 0.016954 -0.461357 -0.925835 0.095527 -0.365656 -22.758749
-0.368954 0.019712 0.929239 210.468007 0.095902 0.995246 0.016966 -0.459033 -0.924487 0.095376 -0.369091 -23.651428
-0.372366 0.020018 0.927870 212.702509 0.095815 0.995254 0.016981 -0.456671 -0.923127 0.095227 -0.372517 -24.554650
-0.375771 0.020321 0.926490 214.939982 0.095730 0.995262 0.016997 -0.454261 -0.921755 0.095080 -0.375936 -25.468423
-0.379167 0.020623 0.925098 217.180318 0.095647 0.995270 0.017016 -0.451793 -0.920372 0.094935 -0.379346 -26.392755
-0.382555 0.020921 0.923696 219.423413 0.095565 0.995277 0.017037 -0.449256 -0.918977 0.094791 -0.382747 -27.327654
-0.385934 0.021217 0.922283 221.669165 0.095485 0.995285 0.017060 -0.446641 -0.917572 0.094648 -0.386140 -28.273131
-0.389304 0.021509 0.920858 223.917475 0.095406 0.995292 0.017087 -0.443936 -0.916155 0.094507 -0.389523 -29.229192
-0.392666 0.021797 0.919423 226.168248 0.095328 0.995299 0.017116 -0.441131 -0.914727 0.094367 -0.392898 -30.195849
-0.396019 0.022082 0.917977 228.421391 0.095250 0.995306 0.017149 -0.438213 -0.913289 0.094228 -0.396264 -31.173109
-0.399364 0.022363 0.916519 230.676816 0.095172 0.995313 0.017184 -0.435171 -0.911839 0.094089 -0.399621 -32.160985
-0.402701 0.022639 0.915052 232.934434 0.095093 0.995319 0.017224 -0.431994 -0.910379 0.093951 -0.402969 -33.159487
-0.406029 0.022911 0.913573 235.194161 0.095014 0.995326 0.017267 -0.428669 -0.908908 0.093813 -0.406308 -34.168625
-0.409349 0.023176 0.912084 237.455916 0.094933 0.995333 0.017315 -0.425183 -0.907426 0.093674 -0.409638 -35.188411
-0.412660 0.023436 0.910583 239.719617 0.094850 0.995340 0.017367 -0.421522 -0.905933 0.093536 -0.412960 -36.218857
-0.415964 0.023689 0.909072 241.985187 0.094766 0.995347 0.017425 -0.417671 -0.904430 0.093397 -0.416274 -37.259974
-0.419261 0.023936 0.907550 244.252549 0.094680 0.995354 0.017487 -0.413617 -0.902915 0.093259 -0.419579 -38.311776
-0.422550 0.024176 0.906017 246.521628 0.094591 0.995361 0.017556 -0.409343 -0.901390 0.093120 -0.422876 -39.374274
-0.425831 0.024408 0.904473 248.792349 0.094500 0.995369 0.017631 -0.404834 -0.899854 0.092980 -0.426165 -40.447483
-0.429106 0.024632 0.902918 251.064640 0.094405 0.995376 0.017711 -0.400073 -0.898307 0.092840 -0.429447 -41.531414
-0.432374 0.024848 0.901352 253.338428 0.094307 0.995384 0.017798 -0.395043 -0.896749 0.092699 -0.432721 -42.626082
-0.435635 0.025055 0.899774 255.613643 0.094204 0.995392 0.017892 -0.389727 -0.895180 0.092557 -0.435988 -43.731500
-0.438891 0.025254 0.898185 257.890213 0.094098 0.995400 0.017993 -0.384108 -0.893600 0.092414 -0.439249 -44.847682
-0.442141 0.025443 0.896584 260.168067 0.093986 0.995409 0.018100 -0.378169 -0.892008 0.092269 -0.442503 -45.974641
-0.445386 0.025624 0.894972 262.447136 0.093869 0.995418 0.018215 -0.371892 -0.890404 0.092123 -0.445751 -47.112393
-0.448627 0.025794 0.893347 264.727347 0.093747 0.995427 0.018337 -0.365258 -0.888789 0.091975 -0.448993 -48.260953
-0.451863 0.025954 0.891710 267.008631 0.093619 0.995437 0.018467 -0.358250 -0.887161 0.091826 -0.452231 -49.420335
-0.455095 0.026104 0.890060 269.290916 0.093485 0.995447 0.018605 -0.350849 -0.885522 0.091675 -0.455463 -50.590554
-0.458324 0.026243 0.888398 271.574129 0.093345 0.995457 0.018751 -0.343034 -0.883870 0.091521 -0.458691 -51.771624
-0.461549 0.026371 0.886723 273.858197 0.093198 0.995468 0.018906 -0.334787 -0.882206 0.091366 -0.461915 -52.963560
-0.464771 0.026488 0.885035 276.143047 0.093044 0.995479 0.019068 -0.326089 -0.880529 0.091209 -0.465134 -54.166374
-0.467989 0.026593 0.883334 278.428604 0.092882 0.995491 0.019240 -0.316921 -0.878840 0.091050 -0.468349 -55.380077
-0.471204 0.026686 0.881620 280.714793 0.092713 0.995503 0.019420 -0.307263 -0.877138 0.090889 -0.471560 -56.604681
-0.474416 0.026767 0.879894 283.001535 0.092536 0.995516 0.019609 -0.297095 -0.875424 0.090725 -0.474766 -57.840193
-0.477624 0.026836 0.878154 285.288753 0.092351 0.995530 0.019806 -0.286397 -0.873697 0.090558 -0.477967 -59.086620
-0.480829 0.026892 0.876402 287.576370 0.092157 0.995543 0.020013 -0.275151 -0.871958 0.090390 -0.481164 -60.343967
-0.484029 0.026935 0.874637 289.864304 0.091955 0.995558 0.020229 -0.263335 -0.870207 0.090219 -0.484355 -61.612237
-0.487224 0.026965 0.872861 292.152475 0.091744 0.995573 0.020454 -0.250930 -0.868444 0.090045 -0.487541 -62.891428
-0.490414 0.026982 0.871072 294.440802 0.091523 0.995588 0.020688 -0.237917 -0.866670 0.089869 -0.490720 -64.181538
-0.493599 0.026986 0.869271 296.729204 0.091293 0.995604 0.020932 -0.224275 -0.864885 0.089690 -0.493893 -65.482561
-0.496777 0.026975 0.867459 299.017596 0.091054 0.995621 0.021184 -0.209987 -0.863089 0.089509 -0.497057 -66.794486
-0.499947 0.026951 0.865636 301.305898 0.090804 0.995638 0.021445 -0.195032 -0.861282 0.089324 -0.500214 -68.117300
-0.503110 0.026913 0.863803 303.594024 0.090544 0.995656 0.021715 -0.179394 -0.859466 0.089137 -0.503361 -69.450986
-0.506264 0.026861 0.861960 305.881891 0.090273 0.995674 0.021993 -0.163053 -0.857641 0.088946 -0.506498 -70.795522
-0.509408 0.026794 0.860108 308.169413 0.089991 0.995693 0.022280 -0.145993 -0.855807 0.088752 -0.509625 -72.150883
-0.512541 0.026713 0.858247 310.456507 0.089699 0.995713 0.022576 -0.128195 -0.853965 0.088555 -0.512739 -73.517037
-0.515662 0.026617 0.856379 312.743085 0.089395 0.995733 0.022880 -0.109644 -0.852116 0.088354 -0.515841 -74.893952
-0.518771 0.026507 0.854502 315.029061 0.089079 0.995755 0.023192 -0.090322 -0.850260 0.088149 -0.518929 -76.281585
-0.521866 0.026381 0.852620 317.314349 0.088751 0.995776 0.023512 -0.070213 -0.848398 0.087941 -0.522003 -77.679894
-0.524946 0.026240 0.850731 319.598860 0.088410 0.995799 0.023839 -0.049302 -0.846531 0.087728 -0.525061 -79.088827
-0.528011 0.026084 0.848837 321.882507 0.088057 0.995822 0.024175 -0.027572 -0.844660 0.087511 -0.528102 -80.508332
-0.531060 0.025912 0.846938 324.165200 0.087691 0.995846 0.024517 -0.005011 -0.842785 0.087289 -0.531126 -81.938347
-0.534090 0.025726 0.845036 326.446849 0.087313 0.995871 0.024867 0.018396 -0.840907 0.087063 -0.534131 -83.378809
-0.537102 0.025523 0.843131 328.727365 0.086921 0.995896 0.025223 0.042663 -0.839027 0.086833 -0.537116 -84.829647
-0.540094 0.025306 0.841224 331.006656 0.086516 0.995922 0.025586 0.067802 -0.837146 0.086598 -0.540080 -86.290785
-0.543064 0.025073 0.839317 333.284634 0.086097 0.995949 0.025956 0.093826 -0.835265 0.086359 -0.543023 -87.762143
-0.546013 0.024825 0.837409 335.561208 0.085666 0.995976 0.026331 0.120746 -0.833385 0.086114 -0.545943 -89.243635
-0.548938 0.024562 0.835502 337.836286 0.085222 0.996004 0.026712 0.148574 -0.831507 0.085866 -0.548838 -90.735169
-0.551839 0.024285 0.833597 340.109781 0.084766 0.996032 0.027098 0.177322 -0.829631 0.085615 -0.551708 -92.236650
-0.554714 0.023992 0.831695 342.381602 0.084298 0.996061 0.027491 0.207002 -0.827760 0.085360 -0.554552 -93.747975
-0.557562 0.023684 0.829797 344.651662 0.083817 0.996091 0.027889 0.237625 -0.825893 0.085101 -0.557368 -95.269036
-0.560382 0.023362 0.827905 346.919872 0.083326 0.996121 0.028292 0.269203 -0.824032 0.084840 -0.560155 -96.799722
-0.563172 0.023026 0.826019 349.186147 0.082823 0.996151 0.028700 0.301746 -0.822178 0.084576 -0.562912 -98.339915
-0.565932 0.022676 0.824140 351.450401 0.082309 0.996182 0.029111 0.335263 -0.820333 0.084309 -0.565637 -99.889492
-0.568660 0.022315 0.822270 353.712551 0.081785 0.996213 0.029525 0.369760 -0.818497 0.084039 -0.568331 -101.448326
-0.571354 0.021940 0.820410 355.972516 0.081250 0.996244 0.029942 0.405244 -0.816672 0.083766 -0.570991 -103.016286
-0.574014 0.021554 0.818562 358.230218 0.080706 0.996275 0.030361 0.441722 -0.814858 0.083490 -0.573616 -104.593235
-0.576638 0.021156 0.816725 360.485581 0.080152 0.996307 0.030782 0.479197 -0.813058 0.083212 -0.576205 -106.179031
-0.579226 0.020747 0.814903 362.738532 0.079588 0.996339 0.031204 0.517674 -0.811273 0.082930 -0.578757 -107.773528
-0.581775 0.020327 0.813096 364.989002 0.079015 0.996372 0.031627 0.557156 -0.809503 0.082646 -0.581270 -109.376576
-0.584284 0.019895 0.811305 367.236924 0.078432 0.996404 0.032051 0.597645 -0.807750 0.082359 -0.583744 -110.988020
-0.586753 0.019453 0.809533 369.482236 0.077841 0.996437 0.032475 0.639143 -0.806016 0.082069 -0.586176 -112.607699
-0.589179 0.019001 0.807779 371.724880 0.077241 0.996470 0.032898 0.681652 -0.804302 0.081776 -0.588566 -114.235450
-0.591561 0.018539 0.806047 373.964802 0.076632 0.996502 0.033322 0.725172 -0.802610 0.081481 -0.590913 -115.871105
-0.593898 0.018066 0.804337 376.201952 0.076015 0.996536 0.033744 0.769702 -0.800941 0.081182 -0.593214 -117.514490
-0.596190 0.017585 0.802651 378.436286 0.075390 0.996569 0.034165 0.815241 -0.799296 0.080880 -0.595470 -119.165428
-0.598434 0.017094 0.800990 380.667762 0.074756 0.996602 0.034583 0.861786 -0.797677 0.080574 -0.597678 -120.823738
-0.600629 0.016594 0.799356 382.896345 0.074114 0.996635 0.034999 0.909333 -0.796085 0.080265 -0.599838 -122.489237
-0.602774 0.016085 0.797749 385.122006 0.073463 0.996669 0.035412 0.957879 -0.794523 0.079951 -0.601948 -124.161737
-0.604869 0.015568 0.796173 387.344719 0.072805 0.996703 0.035823 1.007417 -0.792990 0.079633 -0.604008 -125.841046
-0.606912 0.015042 0.794626 389.564465 0.072139 0.996736 0.036230 1.057944 -0.791488 0.079311 -0.606017 -127.526973
-0.608903 0.014508 0.793112 391.781229 0.071465 0.996770 0.036633 1.109453 -0.790019 0.078986 -0.607973 -129.219321
-0.610840 0.013967 0.791631 393.995002 0.070784 0.996804 0.037032 1.161938 -0.788584 0.078656 -0.609876 -130.917892
-0.612722 0.013418 0.790184 396.205781 0.070097 0.996838 0.037427 1.215393 -0.787184 0.078322 -0.611725 -132.622488
-0.614550 0.012862 0.788773 398.413568 0.069403 0.996872 0.037818 1.269809 -0.785819 0.077984 -0.613520 -134.332906
-0.616321 0.012299 0.787399 400.618370 0.068703 0.996905 0.038204 1.325180 -0.784492 0.077643 -0.615259 -136.048945
-0.618037 0.011731 0.786062 402.820200 0.067997 0.996939 0.038585 1.381496 -0.783203 0.077297 -0.616943 -137.770399
-0.619695 0.011156 0.784763 405.019077 0.067285 0.996973 0.038960 1.438747 -0.781953 0.076946 -0.618570 -139.497064
-0.621297 0.010575 0.783504 407.215022 0.066567 0.997007 0.039329 1.496922 -0.780742 0.076590 -0.620141 -141.228736
-0.622841 0.009989 0.782284 409.408064 0.065844 0.997040 0.039692 1.556011 -0.779572 0.076230 -0.621656 -142.965210
-0.624328 0.009398 0.781105 411.598233 0.065116 0.997074 0.040049 1.616001 -0.778443 0.075866 -0.623114 -144.706282
-0.625758 0.008803 0.779967 413.785564 0.064383 0.997107 0.040400 1.676882 -0.777355 0.075498 -0.624515 -146.451748
-0.627131 0.008203 0.778871 415.970098 0.063647 0.997140 0.040745 1.738640 -0.776309 0.075125 -0.625859 -148.201405
-0.628446 0.007599 0.777816 418.151877 0.062907 0.997173 0.041084 1.801264 -0.775305 0.074749 -0.627147 -149.955052
-0.629704 0.006992 0.776804 420.330948 0.062163 0.997206 0.041416 1.864739 -0.774344 0.074369 -0.628380 -151.712491
-0.630906 0.006381 0.775833 422.507362 0.061417 0.997239 0.041742 1.929054 -0.773424 0.073985 -0.629556 -153.473524
-0.632052 0.005768 0.774904 424.681171 0.060669 0.997271 0.042061 1.994195 -0.772547 0.073598 -0.630677 -155.237957
-0.633142 0.005153 0.774018 426.852432 0.059920 0.997303 0.042375 2.060148 -0.771713 0.073208 -0.631744 -157.005598
-0.634177 0.004536 0.773174 429.021203 0.059170 0.997335 0.042682 2.126900 -0.770920 0.072817 -0.632756 -158.776258
-0.635158 0.003918 0.772373 431.187547 0.058421 0.997366 0.042983 2.194437 -0.770170 0.072423 -0.633714 -160.549751
-0.636084 0.003299 0.771613 433.351529 0.057672 0.997397 0.043278 2.262745 -0.769462 0.072029 -0.634619 -162.325893
-0.636957 0.002680 0.770895 435.513216 0.056925 0.997427 0.043566 2.331812 -0.768795 0.071633 -0.635471 -164.104507
-0.637777 0.002062 0.770218 437.672677 0.056179 0.997457 0.043849 2.401623 -0.768169 0.071236 -0.636272 -165.885415
-0.638546 0.001444 0.769582 439.829985 0.055437 0.997487 0.044126 2.472165 -0.767584 0.070840 -0.637021 -167.668446
-0.639264 0.000828 0.768987 441.985213 0.054698 0.997515 0.044397 2.543425 -0.767040 0.070443 -0.637721 -169.453431
-0.639931 0.000213 0.768432 444.138436 0.053962 0.997544 0.044662 2.615391 -0.766535 0.070047 -0.638371 -171.240206
-0.640550 -0.000401 0.767917 446.289731 0.053231 0.997571 0.044923 2.688050 -0.766070 0.069652 -0.638973 -173.028611
-0.641120 -0.001013 0.767440 448.439177 0.052503 0.997598 0.045177 2.761388 -0.765643 0.069257 -0.639527 -174.818489
-0.641643 -0.001622 0.767002 450.586851 0.051780 0.997625 0.045426 2.835392 -0.765254 0.068863 -0.640035 -176.609687
-0.642120 -0.002228 0.766601 452.732832 0.051061 0.997651 0.045669 2.910048 -0.764902 0.068468 -0.640498 -178.402059
-0.642552 -0.002831 0.766237 454.877201 0.050347 0.997676 0.045906 2.985341 -0.764586 0.068075 -0.640916 -180.195462
-0.642940 -0.003431 0.765909 457.020038 0.049638 0.997701 0.046138 3.061256 -0.764306 0.067682 -0.641291 -181.989758
-0.643285 -0.004027 0.765616 459.161423 0.048934 0.997725 0.046364 3.137780 -0.764061 0.067290 -0.641625 -183.784813
-0.643589 -0.004621 0.765357 461.301437 0.048236 0.997749 0.046585 3.214900 -0.763850 0.066900 -0.641918 -185.580498
-0.643853 -0.005211 0.765132 463.440159 0.047543 0.997772 0.046802 3.292605 -0.763671 0.066511 -0.642171 -187.376686
-0.644078 -0.005797 0.764938 465.577670 0.046856 0.997795 0.047015 3.370882 -0.763524 0.066124 -0.642385 -189.173259
-0.644265 -0.006380 0.764776 467.714047 0.046176 0.997816 0.047224 3.449721 -0.763408 0.065739 -0.642563 -190.970101
-0.644415 -0.006960 0.764644 469.849367 0.045501 0.997838 0.047429 3.529111 -0.763321 0.065356 -0.642705 -192.767101
-0.644531 -0.007535 0.764541 471.983707 0.044834 0.997858 0.047630 3.609043 -0.763263 0.064976 -0.642813 -194.564154
-0.644613 -0.008105 0.764466 474.117141 0.044173 0.997878 0.047828 3.689506 -0.763232 0.064599 -0.642887 -196.361158
-0.644663 -0.008671 0.764418 476.249742 0.043520 0.997898 0.048022 3.770491 -0.763227 0.064226 -0.642930 -198.158016
-0.644682 -0.009232 0.764395 478.381581 0.042875 0.997916 0.048212 3.851990 -0.763248 0.063855 -0.642943 -199.954639
-0.644672 -0.009787 0.764397 480.512726 0.042239 0.997935 0.048400 3.933994 -0.763292 0.063489 -0.642927 -201.750939
-0.644634 -0.010337 0.764421 482.643244 0.041610 0.997952 0.048584 4.016494 -0.763358 0.063127 -0.642884 -203.546837
-0.644570 -0.010880 0.764468 484.773200 0.040991 0.997969 0.048766 4.099484 -0.763446 0.062770 -0.642815 -205.342255
-0.644481 -0.011418 0.764535 486.902656 0.040382 0.997985 0.048945 4.182955 -0.763553 0.062418 -0.642721 -207.137123
-0.644369 -0.011949 0.764621 489.031672 0.039783 0.998000 0.049122 4.266903 -0.763679 0.062072 -0.642605 -208.931375
-0.644235 -0.012473 0.764726 491.160303 0.039194 0.998015 0.049297 4.351320 -0.763822 0.061732 -0.642467 -210.724949
-0.644081 -0.012990 0.764847 493.288605 0.038617 0.998029 0.049471 4.436203 -0.763982 0.061399 -0.642310 -212.517789
-0.643908 -0.013500 0.764984 495.416627 0.038051 0.998042 0.049642 4.521545 -0.764156 0.061073 -0.642133 -214.309842
-0.643717 -0.014002 0.765135 497.544420 0.037498 0.998054 0.049811 4.607343 -0.764344 0.060755 -0.641940 -216.101060
-0.643511 -0.014496 0.765300 499.672027 0.036956 0.998066 0.049979 4.693591 -0.764545 0.060445 -0.641730 -217.891399
-0.643289 -0.014982 0.765477 501.799492 0.036426 0.998077 0.050146 4.780285 -0.764756 0.060142 -0.641507 -219.680822
-0.643055 -0.015459 0.765664 503.926853 0.035909 0.998088 0.050311 4.867419 -0.764977 0.059847 -0.641270 -221.469294
-0.642809 -0.015928 0.765861 506.054145 0.035404 0.998098 0.050474 4.954991 -0.765208 0.059560 -0.641023 -223.256783
-0.642553 -0.016389 0.766066 508.181402 0.034913 0.998107 0.050637 5.042995 -0.765445 0.059282 -0.640764 -225.043265
-0.642288 -0.016840 0.766278 510.308651 0.034435 0.998115 0.050798 5.131429 -0.765690 0.059014 -0.640497 -226.828716
-0.642015 -0.017283 0.766497 512.435918 0.033971 0.998123 0.050959 5.220291 -0.765939 0.058755 -0.640223 -228.613117
-0.641735 -0.017717 0.766722 514.563227 0.033521 0.998130 0.051120 5.309578 -0.766193 0.058507 -0.639941 -230.396454
-0.641450 -0.018141 0.766950 516.690597 0.033085 0.998136 0.051280 5.399289 -0.766451 0.058268 -0.639654 -232.178713
-0.641160 -0.018556 0.767183 518.818045 0.032664 0.998142 0.051440 5.489422 -0.766712 0.058041 -0.639363 -233.959884
-0.640867 -0.018962 0.767418 520.945587 0.032257 0.998147 0.051600 5.579976 -0.766974 0.057823 -0.639067 -235.739961
-0.640570 -0.019358 0.767655 523.073236 0.031865 0.998151 0.051760 5.670950 -0.767238 0.057617 -0.638769 -237.518939
-0.640272 -0.019744 0.767895 525.201002 0.031488 0.998155 0.051919 5.762345 -0.767503 0.057422 -0.638469 -239.296815
-0.639972 -0.020121 0.768135 527.328893 0.031126 0.998158 0.052079 5.854160 -0.767768 0.057238 -0.638167 -241.073588
-0.639671 -0.020488 0.768376 529.456917 0.030778 0.998160 0.052238 5.946395 -0.768032 0.057064 -0.637863 -242.849257
-0.639370 -0.020846 0.768617 531.585079 0.030445 0.998162 0.052397 6.039050 -0.768297 0.056902 -0.637560 -244.623824
-0.639068 -0.021194 0.768858 533.713383 0.030126 0.998163 0.052556 6.132124 -0.768560 0.056749 -0.637256 -246.397292
-0.638768 -0.021533 0.769098 535.841832 0.029820 0.998164 0.052714 6.225617 -0.768822 0.056607 -0.636953 -248.169664
-0.638468 -0.021864 0.769338 537.970424 0.029528 0.998165 0.052872 6.319530 -0.769082 0.056474 -0.636651 -249.940944
-0.638170 -0.022185 0.769576 540.099161 0.029248 0.998165 0.053029 6.413861 -0.769340 0.056350 -0.636350 -251.711137
-0.637874 -0.022499 0.769812 542.228039 0.028980 0.998164 0.053186 6.508611 -0.769596 0.056235 -0.636050 -253.480249
-0.637579 -0.022804 0.770047 544.357056 0.028725 0.998163 0.053342 6.603779 -0.769849 0.056129 -0.635753 -255.248287
-0.637287 -0.023100 0.770280 546.486207 0.028480 0.998162 0.053497 6.699364 -0.770100 0.056031 -0.635458 -257.015256
-0.636998 -0.023389 0.770511 548.615486 0.028247 0.998160 0.053651 6.795363 -0.770348 0.055940 -0.635165 -258.781164
-0.636711 -0.023670 0.770739 550.744886 0.028024 0.998158 0.053804 6.891777 -0.770593 0.055857 -0.634875 -260.546018
-0.636427 -0.023942 0.770965 552.874400 0.027812 0.998156 0.053956 6.988602 -0.770835 0.055781 -0.634588 -262.309825
-0.636146 -0.024207 0.771189 555.004020 0.027610 0.998153 0.054107 7.085835 -0.771074 0.055712 -0.634303 -264.072594
-0.635869 -0.024465 0.771409 557.133738 0.027417 0.998151 0.054256 7.183477 -0.771310 0.055650 -0.634022 -265.834333
-0.635594 -0.024715 0.771627 559.263544 0.027235 0.998148 0.054404 7.281523 -0.771543 0.055594 -0.633744 -267.595050
-0.635323 -0.024958 0.771843 561.393429 0.027062 0.998144 0.054550 7.379973 -0.771772 0.055545 -0.633469 -269.354751
-0.635056 -0.025193 0.772055 563.523382 0.026898 0.998141 0.054695 7.478824 -0.771998 0.055501 -0.633198 -271.113444
-0.634792 -0.025422 0.772265 565.653393 0.026742 0.998137 0.054839 7.578074 -0.772220 0.055463 -0.632929 -272.871138
-0.634531 -0.025643 0.772472 567.783451 0.026595 0.998133 0.054980 7.677719 -0.772440 0.055431 -0.632664 -274.627841
-0.634274 -0.025857 0.772676 569.913547 0.026457 0.998129 0.055120 7.777757 -0.772656 0.055403 -0.632403 -276.383561
-0.634020 -0.026065 0.772878 572.043668 0.026326 0.998125 0.055257 7.878183 -0.772869 0.055381 -0.632145 -278.138305
-0.633769 -0.026265 0.773076 574.173805 0.026203 0.998121 0.055392 7.978992 -0.773078 0.055363 -0.631890 -279.892081
-0.633522 -0.026458 0.773272 576.303945 0.026088 0.998116 0.055525 8.080181 -0.773285 0.055350 -0.631638 -281.644898
-0.633278 -0.026645 0.773466 578.434078 0.025981 0.998112 0.055655 8.181744 -0.773488 0.055340 -0.631390 -283.396762
-0.633037 -0.026825 0.773657 580.564193 0.025880 0.998107 0.055783 8.283675 -0.773689 0.055335 -0.631145 -285.147681
-0.632799 -0.026998 0.773845 582.694278 0.025787 0.998103 0.055908 8.385968 -0.773887 0.055333 -0.630902 -286.897661
-0.632564 -0.027165 0.774032 584.824322 0.025700 0.998098 0.056031 8.488618 -0.774082 0.055335 -0.630663 -288.646709
-0.632332 -0.027325 0.774216 586.954316 0.025619 0.998094 0.056151 8.591617 -0.774274 0.055341 -0.630426 -290.394830
-0.632102 -0.027479 0.774398 589.084247 0.025545 0.998089 0.056268 8.694960 -0.774464 0.055349 -0.630192 -292.142029
-0.631874 -0.027627 0.774578 591.214105 0.025477 0.998084 0.056382 8.798639 -0.774652 0.055360 -0.629960 -293.888311
-0.631649 -0.027769 0.774757 593.343881 0.025415 0.998079 0.056494 8.902648 -0.774838 0.055374 -0.629730 -295.633680
-0.631426 -0.027905 0.774934 595.473564 0.025358 0.998075 0.056602 9.006980 -0.775022 0.055390 -0.629502 -297.378138
-0.631204 -0.028036 0.775110 597.603145 0.025306 0.998070 0.056707 9.111626 -0.775204 0.055408 -0.629276 -299.121687
-0.630984 -0.028160 0.775285 599.732613 0.025258 0.998065 0.056809 9.216580 -0.775385 0.055428 -0.629052 -300.864331
-0.630764 -0.028279 0.775459 601.861961 0.025216 0.998061 0.056908 9.321833 -0.775565 0.055449 -0.628828 -302.606068
-0.630546 -0.028393 0.775632 603.991178 0.025177 0.998056 0.057003 9.427378 -0.775743 0.055471 -0.628606 -304.346899
-0.630329 -0.028502 0.775805 606.120257 0.025143 0.998052 0.057095 9.533206 -0.775921 0.055495 -0.628384 -306.086824
-0.630111 -0.028605 0.775978 608.249190 0.025113 0.998048 0.057183 9.639310 -0.776099 0.055519 -0.628163 -307.825840
-0.629894 -0.028703 0.776150 610.377969 0.025086 0.998044 0.057268 9.745680 -0.776276 0.055543 -0.627942 -309.563945
-0.629677 -0.028796 0.776323 612.506588 0.025063 0.998040 0.057349 9.852310 -0.776453 0.055568 -0.627721 -311.301135
-0.629459 -0.028884 0.776497 614.635040 0.025043 0.998036 0.057426 9.959189 -0.776630 0.055593 -0.627499 -313.037406
-0.629240 -0.028968 0.776671 616.763319 0.025026 0.998032 0.057500 10.066310 -0.776808 0.055618 -0.627277 -314.772753
-0.629021 -0.029046 0.776845 618.891422 0.025012 0.998028 0.057569 10.173662 -0.776986 0.055643 -0.627054 -316.507170
-0.628801 -0.029120 0.777021 621.019344 0.025000 0.998025 0.057634 10.281237 -0.777165 0.055666 -0.626830 -318.240651
-0.628579 -0.029190 0.777198 623.147081 0.024991 0.998021 0.057696 10.389025 -0.777344 0.055689 -0.626606 -319.973189
-0.628356 -0.029255 0.777376 625.274630 0.024983 0.998018 0.057753 10.497015 -0.777525 0.055711 -0.626379 -321.704778
-0.628131 -0.029316 0.777555 627.401987 0.024978 0.998015 0.057806 10.605199 -0.777707 0.055731 -0.626152 -323.435410
-0.627905 -0.029373 0.777736 629.529150 0.024973 0.998013 0.057855 10.713567 -0.777889 0.055750 -0.625923 -325.165078
-0.627677 -0.029426 0.777918 631.656117 0.024971 0.998010 0.057899 10.822106 -0.778073 0.055767 -0.625693 -326.893773
-0.627448 -0.029474 0.778101 633.782886 0.024969 0.998008 0.057939 10.930808 -0.778258 0.055782 -0.625462 -328.621490
-0.627216 -0.029519 0.778285 635.909454 0.024969 0.998006 0.057974 11.039659 -0.778445 0.055796 -0.625229 -330.348220
-0.626984 -0.029559 0.778471 638.035821 0.024970 0.998004 0.058005 11.148650 -0.778632 0.055807 -0.624994 -332.073956
-0.626749 -0.029595 0.778659 640.161984 0.024973 0.998002 0.058032 11.257769 -0.778821 0.055817 -0.624758 -333.798693
-0.626514 -0.029626 0.778847 642.287943 0.024977 0.998001 0.058054 11.367005 -0.779010 0.055824 -0.624521 -335.522423
-0.626276 -0.029653 0.779037 644.413696 0.024982 0.998000 0.058071 11.476345 -0.779201 0.055831 -0.624283 -337.245140
-0.626037 -0.029676 0.779229 646.539243 0.024990 0.997999 0.058084 11.585780 -0.779393 0.055836 -0.624042 -338.966838
-0.625796 -0.029694 0.779421 648.664583 0.024999 0.997998 0.058093 11.695296 -0.779586 0.055839 -0.623801 -340.687510
-0.625553 -0.029707 0.779615 650.789716 0.025010 0.997998 0.058097 11.804884 -0.779780 0.055841 -0.623558 -342.407151
-0.625309 -0.029716 0.779811 652.914641 0.025024 0.997997 0.058097 11.914530 -0.779976 0.055843 -0.623313 -344.125756
-0.625063 -0.029721 0.780008 655.039359 0.025040 0.997997 0.058093 12.024226 -0.780172 0.055843 -0.623067 -345.843318
-0.624816 -0.029720 0.780206 657.163870 0.025059 0.997997 0.058085 12.133959 -0.780370 0.055843 -0.622820 -347.559832
-0.624566 -0.029715 0.780406 659.288174 0.025080 0.997997 0.058072 12.243720 -0.780569 0.055843 -0.622570 -349.275292
-0.624315 -0.029706 0.780608 661.412272 0.025104 0.997998 0.058056 12.353497 -0.780769 0.055842 -0.622319 -350.989691
-0.624062 -0.029691 0.780811 663.536164 0.025131 0.997998 0.058036 12.463279 -0.780971 0.055840 -0.622066 -352.703025
