0.999346 -0.003514 0.035979 -0.036088 0.003401 0.999989 0.003202 -0.142896 -0.035990 -0.003077 0.999347 10.552940
0.999252 -0.003598 0.038512 -0.030614 0.003477 0.999989 0.003201 -0.152209 -0.038523 -0.003064 0.999253 11.261873
0.999146 -0.003683 0.041163 -0.023777 0.003554 0.999989 0.003197 -0.161787 -0.041175 -0.003048 0.999147 11.993122
0.999027 -0.003768 0.043935 -0.015440 0.003631 0.999988 0.003191 -0.171630 -0.043947 -0.003028 0.999029 12.746772
0.998895 -0.003853 0.046829 -0.005461 0.003708 0.999988 0.003182 -0.181739 -0.046841 -0.003005 0.998898 13.522890
0.998749 -0.003938 0.049846 0.006311 0.003785 0.999988 0.003171 -0.192115 -0.049858 -0.002978 0.998752 14.321521
0.998587 -0.004023 0.052987 0.020036 0.003861 0.999988 0.003157 -0.202760 -0.053000 -0.002948 0.998590 15.142694
0.998408 -0.004107 0.056256 0.035878 0.003937 0.999987 0.003142 -0.213674 -0.056268 -0.002915 0.998411 15.986417
0.998210 -0.004190 0.059653 0.054013 0.004011 0.999987 0.003124 -0.224858 -0.059666 -0.002879 0.998214 16.852681
0.997993 -0.004273 0.063181 0.074621 0.004085 0.999987 0.003105 -0.236315 -0.063193 -0.002840 0.997997 17.741455
0.997754 -0.004354 0.066840 0.097894 0.004158 0.999987 0.003083 -0.248045 -0.066853 -0.002798 0.997759 18.652693
0.997492 -0.004435 0.070633 0.124028 0.004229 0.999986 0.003060 -0.260049 -0.070646 -0.002753 0.997498 19.586328
0.997206 -0.004514 0.074562 0.153229 0.004300 0.999986 0.003035 -0.272330 -0.074575 -0.002706 0.997212 20.542272
0.996893 -0.004592 0.078628 0.185709 0.004369 0.999986 0.003008 -0.284889 -0.078641 -0.002655 0.996899 21.520423
0.996553 -0.004669 0.082833 0.221691 0.004438 0.999986 0.002980 -0.297729 -0.082846 -0.002602 0.996559 22.520654
0.996181 -0.004746 0.087178 0.261403 0.004506 0.999986 0.002949 -0.310851 -0.087191 -0.002545 0.996188 23.542822
0.995778 -0.004821 0.091666 0.305081 0.004573 0.999985 0.002917 -0.324258 -0.091679 -0.002486 0.995786 24.586766
0.995340 -0.004895 0.096298 0.352969 0.004639 0.999985 0.002883 -0.337954 -0.096311 -0.002423 0.995348 25.652302
0.994866 -0.004970 0.101075 0.405318 0.004706 0.999985 0.002847 -0.351941 -0.101088 -0.002357 0.994875 26.739229
0.994353 -0.005044 0.105999 0.462386 0.004773 0.999985 0.002809 -0.366223 -0.106012 -0.002287 0.994362 27.847329
0.993799 -0.005118 0.111071 0.524438 0.004840 0.999984 0.002768 -0.380804 -0.111084 -0.002214 0.993809 28.976362
0.993201 -0.005192 0.116292 0.591744 0.004908 0.999984 0.002725 -0.395687 -0.116304 -0.002136 0.993211 30.126070
0.992557 -0.005266 0.121663 0.664581 0.004977 0.999984 0.002679 -0.410879 -0.121675 -0.002054 0.992568 31.296178
0.991865 -0.005341 0.127185 0.743233 0.005048 0.999984 0.002630 -0.426383 -0.127197 -0.001967 0.991875 32.486392
0.991120 -0.005417 0.132860 0.827987 0.005120 0.999984 0.002578 -0.442206 -0.132871 -0.001875 0.991132 33.696398
0.990321 -0.005493 0.138686 0.919137 0.005193 0.999983 0.002521 -0.458353 -0.138698 -0.001777 0.990333 34.925868
0.989260 -0.005596 0.146062 1.019474 0.005294 0.999983 0.002459 -0.471949 -0.146073 -0.001659 0.989272 35.969414
0.988096 -0.005702 0.153735 1.126928 0.005399 0.999983 0.002391 -0.485689 -0.153746 -0.001532 0.988109 37.017540
0.986821 -0.005810 0.161713 1.241796 0.005508 0.999982 0.002316 -0.499575 -0.161723 -0.001395 0.986835 38.069324
0.985426 -0.005919 0.170002 1.364375 0.005620 0.999982 0.002235 -0.513608 -0.170012 -0.001247 0.985441 39.123847
0.983901 -0.006027 0.178611 1.494963 0.005736 0.999981 0.002146 -0.527793 -0.178621 -0.001087 0.983917 40.180186
0.982237 -0.006136 0.187546 1.633857 0.005855 0.999981 0.002049 -0.542132 -0.187555 -0.000914 0.982254 41.237424
0.980421 -0.006242 0.196813 1.781354 0.005977 0.999980 0.001943 -0.556633 -0.196821 -0.000729 0.980439 42.294643
0.978443 -0.006346 0.206421 1.937750 0.006100 0.999980 0.001828 -0.571300 -0.206428 -0.000529 0.978462 43.350927
0.976289 -0.006446 0.216375 2.103337 0.006225 0.999979 0.001702 -0.586142 -0.216381 -0.000315 0.976309 44.405363
0.973947 -0.006540 0.226682 2.278407 0.006350 0.999979 0.001567 -0.601166 -0.226688 -0.000087 0.973968 45.457040
0.971402 -0.006628 0.237349 2.463247 0.006476 0.999978 0.001421 -0.616381 -0.237353 0.000157 0.971423 46.505051
0.968639 -0.006709 0.248382 2.658140 0.006602 0.999977 0.001263 -0.631798 -0.248385 0.000416 0.968661 47.548491
0.965642 -0.006780 0.259787 2.863366 0.006727 0.999977 0.001093 -0.647428 -0.259788 0.000692 0.965665 48.586460
0.962395 -0.006840 0.271569 3.079198 0.006851 0.999976 0.000910 -0.663283 -0.271568 0.000985 0.962419 49.618062
0.958879 -0.006889 0.283733 3.305906 0.006974 0.999975 0.000713 -0.679375 -0.283731 0.001295 0.958903 50.642407
0.955075 -0.006925 0.296284 3.543752 0.007095 0.999975 0.000502 -0.695719 -0.296280 0.001623 0.955100 51.658608
0.950963 -0.006946 0.309226 3.792990 0.007215 0.999974 0.000276 -0.712330 -0.309220 0.001969 0.950989 52.665786
0.946523 -0.006952 0.322562 4.053870 0.007333 0.999973 0.000033 -0.729223 -0.322554 0.002334 0.946548 53.663070
0.941731 -0.006939 0.336295 4.326631 0.007449 0.999972 -0.000225 -0.746416 -0.336285 0.002717 0.941756 54.649594
0.936564 -0.006908 0.350428 4.611506 0.007564 0.999971 -0.000502 -0.763926 -0.350414 0.003121 0.936590 55.624500
0.930998 -0.006856 0.364960 4.908718 0.007676 0.999970 -0.000797 -0.781771 -0.364944 0.003543 0.931023 56.586940
0.925006 -0.006780 0.379892 5.218483 0.007786 0.999969 -0.001111 -0.799969 -0.379873 0.003985 0.925030 57.536074
0.918561 -0.006681 0.395223 5.541004 0.007894 0.999968 -0.001445 -0.818542 -0.395201 0.004447 0.918584 58.471070
0.911635 -0.006554 0.410949 5.876478 0.008001 0.999966 -0.001799 -0.837509 -0.410924 0.004928 0.911656 59.391106
0.904198 -0.006401 0.427066 6.225091 0.008105 0.999965 -0.002174 -0.856890 -0.427037 0.005428 0.904218 60.295372
0.896219 -0.006218 0.443568 6.587016 0.008210 0.999963 -0.002570 -0.876704 -0.443536 0.005945 0.896237 61.183064
0.887718 -0.006004 0.460348 6.962375 0.008312 0.999961 -0.002987 -0.897025 -0.460312 0.006478 0.887733 62.057047
0.878677 -0.005758 0.477382 7.351314 0.008414 0.999959 -0.003425 -0.917875 -0.477343 0.007026 0.878689 62.916839
0.869078 -0.005480 0.494645 7.753969 0.008515 0.999956 -0.003884 -0.939277 -0.494602 0.007588 0.869087 63.761981
0.858906 -0.005166 0.512107 8.170461 0.008618 0.999953 -0.004366 -0.961254 -0.512061 0.008163 0.858910 64.592036
0.848147 -0.004817 0.529738 8.600897 0.008722 0.999950 -0.004871 -0.983829 -0.529688 0.008751 0.848147 65.406593
0.836791 -0.004432 0.547504 9.045372 0.008828 0.999946 -0.005398 -1.007027 -0.547451 0.009351 0.836786 66.205260
0.824829 -0.004009 0.565368 9.503969 0.008938 0.999942 -0.005950 -1.030869 -0.565311 0.009961 0.824818 66.987674
0.812256 -0.003547 0.583290 9.976754 0.009054 0.999938 -0.006526 -1.055381 -0.583231 0.010582 0.812238 67.753494
0.799070 -0.003047 0.601230 10.463781 0.009175 0.999933 -0.007127 -1.080585 -0.601168 0.011212 0.799044 68.502404
0.785273 -0.002506 0.619145 10.965090 0.009304 0.999927 -0.007753 -1.106504 -0.619080 0.011849 0.785238 69.234114
0.770870 -0.001924 0.636989 11.480704 0.009440 0.999920 -0.008405 -1.133161 -0.636922 0.012492 0.770827 69.948360
0.755873 -0.001300 0.654717 12.010636 0.009586 0.999913 -0.009082 -1.160579 -0.654648 0.013141 0.755820 70.644906
0.740295 -0.000634 0.672281 12.554883 0.009742 0.999905 -0.009783 -1.188780 -0.672211 0.013792 0.740231 71.323541
0.724157 0.000073 0.689635 13.113427 0.009908 0.999896 -0.010510 -1.217787 -0.689564 0.014444 0.724081 71.984083
0.707481 0.000823 0.706732 13.686238 0.010085 0.999886 -0.011261 -1.247622 -0.706660 0.015094 0.707392 72.626376
0.690297 0.001616 0.723525 14.273272 0.010274 0.999875 -0.012036 -1.278305 -0.723454 0.015742 0.690194 73.250293
0.672636 0.002451 0.739970 14.874472 0.010475 0.999863 -0.012834 -1.309858 -0.739899 0.016384 0.672518 73.855735
0.654536 0.003328 0.756024 15.489766 0.010689 0.999850 -0.013656 -1.342301 -0.755956 0.017019 0.654402 74.442629
0.636037 0.004247 0.771647 16.119071 0.010914 0.999835 -0.014499 -1.375653 -0.771582 0.017643 0.635886 75.010933
0.617183 0.005206 0.786802 16.762293 0.011151 0.999820 -0.015363 -1.409935 -0.786740 0.018255 0.617014 75.560630
0.598022 0.006205 0.801456 17.419325 0.011400 0.999803 -0.016247 -1.445163 -0.801399 0.018852 0.597834 76.091732
0.578603 0.007242 0.815577 18.090049 0.011660 0.999785 -0.017149 -1.481356 -0.815526 0.019432 0.578394 76.604277
0.558978 0.008314 0.829141 18.774337 0.011930 0.999766 -0.018068 -1.518530 -0.829097 0.019991 0.558748 77.098333
0.539199 0.009420 0.842126 19.472052 0.012210 0.999745 -0.019001 -1.556700 -0.842090 0.020528 0.538947 77.573990
0.519321 0.010557 0.854514 20.183046 0.012500 0.999723 -0.019948 -1.595883 -0.854488 0.021041 0.519045 78.031369
0.499398 0.011722 0.866293 20.907164 0.012799 0.999700 -0.020906 -1.636090 -0.866278 0.021529 0.499098 78.470613
0.479477 0.012913 0.877460 21.644244 0.013107 0.999675 -0.021874 -1.677336 -0.877457 0.021989 0.479151 78.891894
0.459602 0.014126 0.888013 22.394114 0.013422 0.999649 -0.022849 -1.719631 -0.888023 0.022421 0.459251 79.295394
0.439819 0.015359 0.897955 23.156596 0.013745 0.999622 -0.023830 -1.762985 -0.897981 0.022823 0.439441 79.681308
0.420168 0.016608 0.907294 23.931507 0.014075 0.999593 -0.024815 -1.807405 -0.907337 0.023196 0.419763 80.049845
0.400689 0.017870 0.916040 24.718655 0.014410 0.999563 -0.025803 -1.852898 -0.916101 0.023539 0.400257 80.401225
0.381420 0.019143 0.924204 25.517848 0.014751 0.999532 -0.026790 -1.899469 -0.924284 0.023851 0.380959 80.735677
0.362394 0.020422 0.931801 26.328883 0.015096 0.999500 -0.027777 -1.947122 -0.931903 0.024133 0.361905 81.053444
0.343644 0.021705 0.938849 27.151558 0.015446 0.999467 -0.028760 -1.995858 -0.938973 0.024384 0.343126 81.354776
0.325199 0.022989 0.945366 27.985664 0.015799 0.999433 -0.029739 -2.045678 -0.945514 0.024607 0.324651 81.639937
0.307085 0.024271 0.951373 28.830990 0.016156 0.999398 -0.030711 -2.096581 -0.951545 0.024801 0.306508 81.909197
0.289325 0.025547 0.956890 29.687323 0.016515 0.999362 -0.031675 -2.148564 -0.957088 0.024968 0.288719 82.162838
0.271941 0.026816 0.961940 30.554445 0.016877 0.999325 -0.032629 -2.201622 -0.962166 0.025108 0.271305 82.401149
0.254951 0.028075 0.966546 31.432140 0.017239 0.999288 -0.033573 -2.255750 -0.966800 0.025222 0.254285 82.624428
0.238370 0.029321 0.970732 32.320187 0.017602 0.999250 -0.034505 -2.310940 -0.971015 0.025312 0.237675 82.832980
0.222212 0.030554 0.974520 33.218368 0.017965 0.999211 -0.035424 -2.367182 -0.974833 0.025378 0.221488 83.027116
0.206487 0.031770 0.977933 34.126461 0.018326 0.999172 -0.036329 -2.424465 -0.978278 0.025423 0.205734 83.207155
0.191204 0.032968 0.980997 35.044247 0.018685 0.999132 -0.037219 -2.482777 -0.981372 0.025446 0.190422 83.373419
0.176369 0.034146 0.983732 35.971505 0.019042 0.999093 -0.038093 -2.542105 -0.984140 0.025450 0.175559 83.526235
0.161986 0.035303 0.986161 36.908016 0.019395 0.999053 -0.038951 -2.602432 -0.986602 0.025436 0.161148 83.665935
0.148059 0.036437 0.988307 37.853561 0.019746 0.999013 -0.039790 -2.663742 -0.988781 0.025406 0.147194 83.792851
0.134588 0.037547 0.990190 38.807923 0.020093 0.998973 -0.040612 -2.726015 -0.990698 0.025362 0.133695 83.907321
0.121572 0.038633 0.991830 39.770885 0.020437 0.998933 -0.041415 -2.789233 -0.992372 0.025305 0.120653 84.009682
0.109010 0.039694 0.993248 40.742233 0.020777 0.998893 -0.042200 -2.853375 -0.993823 0.025237 0.108065 84.100275
0.096898 0.040730 0.994461 41.721754 0.021113 0.998853 -0.042967 -2.918421 -0.995070 0.025159 0.095927 84.179441
0.085231 0.041741 0.995486 42.709237 0.021444 0.998814 -0.043717 -2.984352 -0.996130 0.025073 0.084235 84.247522
0.074004 0.042728 0.996342 43.704477 0.021769 0.998774 -0.044449 -3.051149 -0.997020 0.024979 0.072984 84.304860
0.063210 0.043689 0.997043 44.707268 0.022087 0.998735 -0.045164 -3.118791 -0.997756 0.024877 0.062165 84.351798
0.052841 0.044625 0.997605 45.717412 0.022398 0.998697 -0.045860 -3.187259 -0.998352 0.024767 0.051773 84.388673
0.042889 0.045535 0.998042 46.734711 0.022699 0.998659 -0.046539 -3.256532 -0.998822 0.024650 0.041797 84.415822
0.033343 0.046419 0.998365 47.758972 0.022990 0.998621 -0.047199 -3.326589 -0.999180 0.024526 0.032230 84.433579
0.024194 0.047277 0.998589 48.790006 0.023268 0.998584 -0.047841 -3.397407 -0.999436 0.024393 0.023060 84.442270
0.015431 0.048109 0.998723 49.827628 0.023534 0.998548 -0.048464 -3.468966 -0.999604 0.024252 0.014276 84.442218
0.007042 0.048914 0.998778 50.871658 0.023787 0.998512 -0.049069 -3.541243 -0.999692 0.024103 0.005868 84.433741
-0.000986 0.049693 0.998764 51.921919 0.024024 0.998477 -0.049655 -3.614215 -0.999711 0.023945 -0.002178 84.417146
-0.008664 0.050443 0.998689 52.978238 0.024245 0.998444 -0.050221 -3.687862 -0.999668 0.023778 -0.009873 84.392736
-0.016006 0.051167 0.998562 54.040447 0.024450 0.998411 -0.050767 -3.762158 -0.999573 0.023603 -0.017232 84.360802
-0.023026 0.051863 0.998389 55.108381 0.024639 0.998380 -0.051294 -3.837083 -0.999431 0.023418 -0.024267 84.321627
-0.029738 0.052532 0.998176 56.181880 0.024809 0.998349 -0.051802 -3.912612 -0.999250 0.023224 -0.030992 84.275483
-0.036156 0.053174 0.997930 57.260786 0.024963 0.998320 -0.052290 -3.988723 -0.999034 0.023020 -0.037423 84.222630
-0.042295 0.053788 0.997656 58.344948 0.025098 0.998292 -0.052758 -4.065393 -0.998790 0.022807 -0.043572 84.163320
-0.048168 0.054374 0.997358 59.434214 0.025214 0.998265 -0.053205 -4.142598 -0.998521 0.022585 -0.049456 84.097789
-0.053791 0.054931 0.997040 60.528439 0.025312 0.998240 -0.053632 -4.220315 -0.998231 0.022352 -0.055087 84.026262
-0.059179 0.055461 0.996706 61.627481 0.025391 0.998216 -0.054037 -4.298522 -0.997924 0.022110 -0.060481 83.948953
-0.064345 0.055963 0.996357 62.731200 0.025452 0.998194 -0.054422 -4.377196 -0.997603 0.021858 -0.065653 83.866060
-0.069305 0.056436 0.995998 63.839457 0.025494 0.998173 -0.054785 -4.456315 -0.997270 0.021595 -0.070618 83.777769
-0.074074 0.056882 0.995629 64.952117 0.025518 0.998153 -0.055128 -4.535858 -0.996926 0.021323 -0.075388 83.684253
-0.078665 0.057301 0.995253 66.069047 0.025524 0.998135 -0.055450 -4.615803 -0.996574 0.021040 -0.079980 83.585672
-0.083092 0.057693 0.994870 67.190113 0.025511 0.998119 -0.055751 -4.696129 -0.996215 0.020748 -0.084408 83.482169
-0.087372 0.058058 0.994482 68.315184 0.025480 0.998104 -0.056031 -4.776817 -0.995850 0.020444 -0.088685 83.373877
-0.091516 0.058398 0.994090 69.444126 0.025432 0.998090 -0.056292 -4.857846 -0.995479 0.020130 -0.092827 83.260912
-0.095541 0.058712 0.993692 70.576810 0.025366 0.998078 -0.056533 -4.939198 -0.995102 0.019804 -0.096847 83.143379
-0.099460 0.059002 0.993291 71.713102 0.025282 0.998068 -0.056754 -5.020852 -0.994720 0.019467 -0.100759 83.021366
-0.103286 0.059268 0.992884 72.852871 0.025181 0.998059 -0.056957 -5.102793 -0.994333 0.019119 -0.104578 82.894947
-0.107035 0.059510 0.992473 73.995983 0.025064 0.998051 -0.057142 -5.185003 -0.993939 0.018759 -0.108318 82.764181
-0.110721 0.059729 0.992055 75.142305 0.024930 0.998045 -0.057308 -5.267465 -0.993539 0.018387 -0.111993 82.629111
-0.114357 0.059926 0.991631 76.291699 0.024780 0.998040 -0.057456 -5.350163 -0.993131 0.018002 -0.115618 82.489768
-0.117958 0.060102 0.991198 77.444027 0.024615 0.998037 -0.057587 -5.433082 -0.992713 0.017605 -0.119206 82.346164
-0.121538 0.060257 0.990756 78.599151 0.024435 0.998035 -0.057703 -5.516209 -0.992286 0.017196 -0.122771 82.198300
-0.125111 0.060393 0.990303 79.756926 0.024239 0.998034 -0.057802 -5.599529 -0.991847 0.016773 -0.126328 82.046158
-0.128690 0.060511 0.989837 80.917208 0.024030 0.998034 -0.057888 -5.683029 -0.991394 0.016336 -0.129891 81.889708
-0.132291 0.060611 0.989356 82.079849 0.023806 0.998035 -0.057959 -5.766699 -0.990925 0.015885 -0.133474 81.728905
-0.135928 0.060694 0.988858 83.244696 0.023568 0.998037 -0.058018 -5.850528 -0.990438 0.015420 -0.137091 81.563687
-0.139613 0.060762 0.988340 84.411597 0.023317 0.998040 -0.058065 -5.934506 -0.989932 0.014939 -0.140756 81.393979
-0.143360 0.060815 0.987800 85.580391 0.023053 0.998045 -0.058100 -6.018625 -0.989402 0.014443 -0.144482 81.219691
-0.147183 0.060854 0.987235 86.750917 0.022777 0.998049 -0.058124 -6.102878 -0.988847 0.013931 -0.148282 81.040719
-0.151095 0.060879 0.986643 87.923009 0.022489 0.998055 -0.058139 -6.187258 -0.988263 0.013404 -0.152171 80.856947
-0.155109 0.060893 0.986019 89.096495 0.022188 0.998061 -0.058146 -6.271759 -0.987648 0.012859 -0.156159 80.668243
-0.159236 0.060895 0.985361 90.271201 0.021877 0.998068 -0.058144 -6.356377 -0.986998 0.012298 -0.160261 80.474466
-0.163488 0.060886 0.984665 91.446947 0.021553 0.998076 -0.058137 -6.441110 -0.986310 0.011718 -0.164486 80.275460
-0.167877 0.060867 0.983927 92.623549 0.021218 0.998084 -0.058123 -6.525955 -0.985580 0.011120 -0.168847 80.071062
-0.172414 0.060839 0.983144 93.800819 0.020871 0.998092 -0.058104 -6.610911 -0.984803 0.010501 -0.173355 79.861096
-0.177108 0.060802 0.982312 94.978565 0.020511 0.998101 -0.058081 -6.695980 -0.983978 0.009862 -0.178019 79.645376
-0.181969 0.060754 0.981426 96.156591 0.020138 0.998110 -0.058054 -6.781160 -0.983098 0.009200 -0.182849 79.423705
-0.187007 0.060698 0.980482 97.334697 0.019752 0.998120 -0.058022 -6.866453 -0.982160 0.008516 -0.187855 79.195879
-0.192231 0.060631 0.979475 98.512677 0.019354 0.998130 -0.057988 -6.951858 -0.981159 0.007810 -0.193045 78.961682
-0.197648 0.060556 0.978401 99.690322 0.018944 0.998140 -0.057950 -7.037376 -0.980090 0.007082 -0.198427 78.720892
-0.203266 0.060471 0.977255 100.867416 0.018524 0.998150 -0.057911 -7.123007 -0.978948 0.006331 -0.204010 78.473278
-0.209091 0.060377 0.976030 102.043743 0.018093 0.998160 -0.057870 -7.208752 -0.977729 0.005559 -0.209799 78.218603
-0.215131 0.060274 0.974723 103.219079 0.017653 0.998170 -0.057828 -7.294613 -0.976426 0.004766 -0.215802 77.956625
-0.221391 0.060163 0.973328 104.393197 0.017203 0.998181 -0.057786 -7.380593 -0.975033 0.003951 -0.222023 77.687095
-0.227876 0.060042 0.971837 105.565868 0.016746 0.998191 -0.057744 -7.466693 -0.973546 0.003116 -0.228469 77.409759
-0.234590 0.059913 0.970246 106.736857 0.016281 0.998201 -0.057702 -7.552916 -0.971958 0.002260 -0.235143 77.124362
-0.241537 0.059774 0.968549 107.905926 0.015809 0.998211 -0.057662 -7.639265 -0.970263 0.001384 -0.242050 76.830644
-0.248721 0.059627 0.966738 109.072835 0.015330 0.998221 -0.057625 -7.725744 -0.968454 0.000488 -0.249193 76.528341
-0.256144 0.059470 0.964808 110.237339 0.014845 0.998230 -0.057589 -7.812357 -0.966525 -0.000428 -0.256573 76.217189
-0.263807 0.059305 0.962751 111.399192 0.014355 0.998239 -0.057557 -7.899108 -0.964469 -0.001364 -0.264194 75.896923
-0.271713 0.059129 0.960560 112.558144 0.013859 0.998248 -0.057528 -7.986002 -0.962279 -0.002319 -0.272056 75.567278
-0.279859 0.058942 0.958230 113.713943 0.013358 0.998256 -0.057503 -8.073044 -0.959948 -0.003292 -0.280159 75.227988
-0.288248 0.058745 0.955752 114.866335 0.012853 0.998264 -0.057482 -8.160239 -0.957470 -0.004285 -0.288503 74.878790
-0.296877 0.058536 0.953120 116.015063 0.012344 0.998271 -0.057465 -8.247592 -0.954836 -0.005295 -0.297086 74.519423
-0.305744 0.058316 0.950326 117.159871 0.011830 0.998278 -0.057453 -8.335109 -0.952040 -0.006323 -0.305907 74.149627
-0.314846 0.058084 0.947364 118.300499 0.011314 0.998284 -0.057446 -8.422797 -0.949075 -0.007368 -0.314963 73.769147
-0.324180 0.057839 0.944225 119.436686 0.010794 0.998290 -0.057445 -8.510661 -0.945934 -0.008430 -0.324251 73.377731
-0.333743 0.057581 0.940904 120.568173 0.010273 0.998296 -0.057450 -8.598707 -0.942608 -0.009508 -0.333765 72.975131
-0.343527 0.057310 0.937392 121.694698 0.009749 0.998300 -0.057461 -8.686940 -0.939092 -0.010601 -0.343502 72.561107
-0.353528 0.057024 0.933684 122.816002 0.009224 0.998304 -0.057478 -8.775366 -0.935378 -0.011708 -0.353455 72.135422
-0.363739 0.056723 0.929772 123.931825 0.008698 0.998308 -0.057501 -8.863989 -0.931460 -0.012828 -0.363617 71.697847
-0.374152 0.056407 0.925650 125.041911 0.008172 0.998310 -0.057531 -8.952817 -0.927331 -0.013961 -0.373981 71.248159
-0.384758 0.056075 0.921313 126.146004 0.007646 0.998312 -0.057569 -9.041854 -0.922986 -0.015106 -0.384537 70.786143
-0.395548 0.055727 0.916753 127.243853 0.007121 0.998314 -0.057613 -9.131105 -0.918418 -0.016260 -0.395277 70.311594
-0.406511 0.055363 0.911967 128.335208 0.006598 0.998314 -0.057663 -9.220578 -0.913622 -0.017424 -0.406191 69.824313
-0.417635 0.054981 0.906950 129.419826 0.006078 0.998314 -0.057721 -9.310276 -0.908594 -0.018594 -0.417266 69.324113
-0.428910 0.054583 0.901697 130.497466 0.005560 0.998313 -0.057786 -9.400206 -0.903330 -0.019771 -0.428490 68.810816
-0.440320 0.054167 0.896206 131.567894 0.005047 0.998312 -0.057859 -9.490372 -0.897827 -0.020953 -0.439850 68.284257
-0.451852 0.053734 0.890473 132.630880 0.004538 0.998310 -0.057939 -9.580781 -0.892081 -0.022138 -0.451332 67.744284
-0.463490 0.053284 0.884498 133.686202 0.004035 0.998307 -0.058026 -9.671437 -0.886093 -0.023325 -0.462921 67.190755
-0.475219 0.052817 0.878281 134.733644 0.003538 0.998303 -0.058120 -9.762346 -0.879861 -0.024512 -0.474599 66.623545
-0.487021 0.052333 0.871821 135.772998 0.003048 0.998299 -0.058222 -9.853513 -0.873385 -0.025698 -0.486352 66.042541
-0.498878 0.051831 0.865121 136.804064 0.002565 0.998294 -0.058331 -9.944943 -0.866668 -0.026881 -0.498160 65.447646
-0.510772 0.051312 0.858183 137.826651 0.002090 0.998288 -0.058446 -10.036641 -0.859714 -0.028059 -0.510005 64.838778
-0.522684 0.050777 0.851013 138.840578 0.001623 0.998282 -0.058567 -10.128610 -0.852525 -0.029231 -0.521869 64.215870
-0.534595 0.050224 0.843615 139.845674 0.001165 0.998275 -0.058694 -10.220854 -0.845108 -0.030394 -0.533731 63.578870
-0.546483 0.049655 0.835997 140.841778 0.000717 0.998268 -0.058825 -10.313375 -0.837470 -0.031548 -0.545573 62.927744
-0.558330 0.049070 0.828166 141.828742 0.000278 0.998260 -0.058961 -10.406176 -0.829619 -0.032690 -0.557373 62.262476
-0.570115 0.048470 0.820134 142.806432 -0.000151 0.998252 -0.059102 -10.499257 -0.821565 -0.033818 -0.569111 61.583065
-0.581818 0.047855 0.811910 143.774723 -0.000569 0.998243 -0.059245 -10.592620 -0.813319 -0.034932 -0.580768 60.889529
-0.593417 0.047225 0.803508 144.733509 -0.000977 0.998234 -0.059391 -10.686264 -0.804894 -0.036028 -0.592324 60.181903
-0.604895 0.046582 0.794941 145.682693 -0.001373 0.998225 -0.059538 -10.780190 -0.796304 -0.037106 -0.603758 59.460239
-0.616232 0.045926 0.786224 146.622198 -0.001758 0.998216 -0.059687 -10.874395 -0.787563 -0.038163 -0.615052 58.724608
-0.627409 0.045259 0.777374 147.551958 -0.002130 0.998206 -0.059835 -10.968878 -0.778687 -0.039197 -0.626187 57.975096
-0.638408 0.044582 0.768406 148.471923 -0.002489 0.998196 -0.059982 -11.063636 -0.769694 -0.040206 -0.637145 57.211808
-0.649211 0.043897 0.759340 149.382060 -0.002834 0.998187 -0.060128 -11.158664 -0.760603 -0.041188 -0.647910 56.434866
-0.659804 0.043206 0.750195 150.282350 -0.003165 0.998177 -0.060272 -11.253960 -0.751431 -0.042142 -0.658464 55.644412
-0.670169 0.042511 0.740990 151.172790 -0.003481 0.998167 -0.060413 -11.349518 -0.742201 -0.043066 -0.668793 54.840601
-0.680292 0.041813 0.731747 152.053397 -0.003782 0.998158 -0.060552 -11.445335 -0.732931 -0.043960 -0.678881 54.023610
-0.690161 0.041113 0.722487 152.924201 -0.004069 0.998149 -0.060686 -11.541406 -0.723644 -0.044823 -0.688716 53.193631
-0.699763 0.040413 0.713231 153.785251 -0.004342 0.998140 -0.060816 -11.637726 -0.714362 -0.045654 -0.698286 52.350874
-0.709087 0.039714 0.704002 154.636613 -0.004601 0.998131 -0.060941 -11.734287 -0.705106 -0.046452 -0.707579 51.495566
-0.718122 0.039019 0.694822 155.478369 -0.004847 0.998122 -0.061060 -11.831084 -0.695900 -0.047216 -0.716585 50.627951
-0.726860 0.038329 0.685715 156.310620 -0.005078 0.998114 -0.061174 -11.928110 -0.686767 -0.047947 -0.725295 49.748290
-0.735293 0.037646 0.676703 157.133484 -0.005296 0.998107 -0.061281 -12.025357 -0.677729 -0.048643 -0.733701 48.856862
-0.743413 0.036972 0.667809 157.947096 -0.005500 0.998099 -0.061381 -12.122817 -0.668810 -0.049304 -0.741797 47.953963
-0.751216 0.036310 0.659057 158.751610 -0.005689 0.998093 -0.061473 -12.220482 -0.660032 -0.049929 -0.749576 47.039904
-0.758695 0.035661 0.650469 159.547195 -0.005863 0.998086 -0.061558 -12.318343 -0.651419 -0.050518 -0.757034 46.115015
-0.765848 0.035027 0.642067 160.334039 -0.006023 0.998081 -0.061633 -12.416389 -0.642993 -0.051069 -0.764167 45.179642
-0.772671 0.034410 0.633873 161.112348 -0.006168 0.998076 -0.061700 -12.514611 -0.634776 -0.051583 -0.770972 44.234146
-0.779163 0.033813 0.625909 161.882343 -0.006297 0.998071 -0.061756 -12.612998 -0.626790 -0.052060 -0.777447 43.278906
-0.785321 0.033236 0.618196 162.644263 -0.006411 0.998068 -0.061803 -12.711538 -0.619056 -0.052499 -0.783590 42.314315
-0.791146 0.032682 0.610754 163.398363 -0.006510 0.998065 -0.061840 -12.810220 -0.611593 -0.052900 -0.789402 41.340783
-0.796637 0.032152 0.603603 164.144914 -0.006592 0.998063 -0.061865 -12.909032 -0.604423 -0.053263 -0.794881 40.358735
-0.801794 0.031649 0.596761 164.884202 -0.006659 0.998061 -0.061879 -13.007960 -0.597563 -0.053588 -0.800029 39.368608
-0.806620 0.031174 0.590247 165.616526 -0.006709 0.998061 -0.061882 -13.106992 -0.591032 -0.053875 -0.804847 38.370859
-0.811115 0.030729 0.584078 166.342203 -0.006743 0.998061 -0.061873 -13.206113 -0.584847 -0.054125 -0.809336 37.365956
-0.815281 0.030314 0.578271 167.061562 -0.006761 0.998062 -0.061853 -13.305312 -0.579026 -0.054337 -0.813496 36.354381
-0.819120 0.029932 0.572841 167.774943 -0.006763 0.998064 -0.061821 -13.404573 -0.573583 -0.054513 -0.817332 35.336632
-0.822632 0.029584 0.567803 168.482703 -0.006748 0.998067 -0.061777 -13.503884 -0.568533 -0.054651 -0.820843 34.313217
-0.825822 0.029270 0.563171 169.185208 -0.006716 0.998071 -0.061721 -13.603231 -0.563891 -0.054753 -0.824032 33.284661
-0.828689 0.028991 0.558957 169.882836 -0.006668 0.998075 -0.061652 -13.702597 -0.559669 -0.054818 -0.826901 32.251499
-0.831237 0.028749 0.555174 170.575975 -0.006603 0.998081 -0.061571 -13.801970 -0.555879 -0.054846 -0.829452 31.214279
-0.833466 0.028544 0.551833 171.265022 -0.006522 0.998087 -0.061477 -13.901334 -0.552532 -0.054838 -0.831685 30.173562
-0.835377 0.028377 0.548944 171.950382 -0.006424 0.998094 -0.061371 -14.000672 -0.549640 -0.054794 -0.833603 29.129918
-0.836971 0.028248 0.546517 172.632470 -0.006309 0.998102 -0.061252 -14.099970 -0.547210 -0.054714 -0.835205 28.083931
-0.838249 0.028157 0.544560 173.311705 -0.006179 0.998111 -0.061119 -14.199211 -0.545252 -0.054598 -0.836492 27.036194
-0.839210 0.028105 0.543080 173.988512 -0.006032 0.998121 -0.060974 -14.298381 -0.543773 -0.054446 -0.837464 25.987308
-0.839854 0.028091 0.542085 174.663321 -0.005869 0.998132 -0.060817 -14.397462 -0.542781 -0.054259 -0.838120 24.937886
-0.840179 0.028116 0.541580 175.336567 -0.005691 0.998143 -0.060646 -14.496439 -0.542280 -0.054036 -0.838459 23.888546
-0.840183 0.028178 0.541571 176.008686 -0.005498 0.998155 -0.060464 -14.595295 -0.542275 -0.053778 -0.838478 22.839915
-0.839864 0.028279 0.542060 176.680116 -0.005289 0.998168 -0.060269 -14.694014 -0.542771 -0.053484 -0.838176 21.792627
-0.839218 0.028418 0.543052 177.351299 -0.005065 0.998182 -0.060062 -14.792581 -0.543771 -0.053156 -0.837548 20.747321
-0.838242 0.028593 0.544549 178.022674 -0.004826 0.998196 -0.059843 -14.890979 -0.545277 -0.052791 -0.836592 19.704642
-0.836930 0.028806 0.546551 178.694678 -0.004573 0.998211 -0.059614 -14.989196 -0.547291 -0.052392 -0.835301 18.665243
-0.835277 0.029056 0.549061 179.367748 -0.004305 0.998227 -0.059373 -15.087217 -0.549812 -0.051957 -0.833671 17.629779
-0.833277 0.029341 0.552076 180.042313 -0.004021 0.998243 -0.059123 -15.185029 -0.552841 -0.051486 -0.831695 16.598910
-0.830922 0.029662 0.555597 180.718801 -0.003723 0.998259 -0.058862 -15.282619 -0.556376 -0.050979 -0.829366 15.573299
-0.828205 0.030017 0.559620 181.397629 -0.003410 0.998276 -0.058593 -15.379976 -0.560414 -0.050435 -0.826675 14.553611
-0.825117 0.030407 0.564143 182.079209 -0.003082 0.998293 -0.058315 -15.477089 -0.564954 -0.049855 -0.823615 13.540512
-0.821648 0.030830 0.569161 182.763942 -0.002738 0.998311 -0.058029 -15.573946 -0.569989 -0.049238 -0.820175 12.534671
-0.817787 0.031286 0.574670 183.452222 -0.002379 0.998329 -0.057736 -15.670537 -0.575516 -0.048583 -0.816346 11.536756
-0.813524 0.031772 0.580663 184.144429 -0.002005 0.998347 -0.057436 -15.766854 -0.581529 -0.047890 -0.812115 10.547434
-0.808846 0.032290 0.587134 184.840932 -0.001616 0.998365 -0.057131 -15.862887 -0.588019 -0.047159 -0.807471 9.567372
-0.803740 0.032836 0.594074 185.542088 -0.001211 0.998384 -0.056821 -15.958628 -0.594979 -0.046388 -0.802401 8.597238
-0.798194 0.033410 0.601474 186.248238 -0.000790 0.998402 -0.056506 -16.054071 -0.602401 -0.045578 -0.796892 7.637694
-0.792192 0.034009 0.609324 186.959712 -0.000354 0.998420 -0.056187 -16.149208 -0.610272 -0.044726 -0.790928 6.689403
-0.785720 0.034634 0.617612 187.676823 0.000099 0.998438 -0.055864 -16.244033 -0.618582 -0.043833 -0.784496 5.753024
-0.778763 0.035282 0.626326 188.399866 0.000567 0.998456 -0.055539 -16.338542 -0.627318 -0.042896 -0.777581 4.829212
-0.771304 0.035951 0.635451 189.129122 0.001053 0.998474 -0.055211 -16.432729 -0.636466 -0.041915 -0.770165 3.918618
-0.763327 0.036641 0.644973 189.864851 0.001556 0.998492 -0.054882 -16.526592 -0.646011 -0.040890 -0.762232 3.021890
-0.754815 0.037349 0.654873 190.607296 0.002077 0.998509 -0.054553 -16.620126 -0.655934 -0.039817 -0.753767 2.139667
-0.745752 0.038073 0.665135 191.356681 0.002616 0.998525 -0.054224 -16.713329 -0.666219 -0.038698 -0.744752 1.272587
-0.736120 0.038812 0.675738 192.113210 0.003173 0.998542 -0.053896 -16.806200 -0.676844 -0.037529 -0.735169 0.421276
-0.725902 0.039562 0.686659 192.877064 0.003749 0.998557 -0.053569 -16.898739 -0.687788 -0.036312 -0.725003 -0.413643
-0.715082 0.040320 0.697877 193.648406 0.004342 0.998572 -0.053244 -16.990945 -0.699027 -0.035044 -0.714236 -1.231558
-0.703644 0.041085 0.709364 194.427375 0.004953 0.998586 -0.052923 -17.082820 -0.710536 -0.033726 -0.702852 -2.031864
-0.691571 0.041853 0.721095 195.214089 0.005581 0.998600 -0.052606 -17.174365 -0.722287 -0.032356 -0.690836 -2.813969
-0.678849 0.042621 0.733040 196.008643 0.006227 0.998612 -0.052295 -17.265582 -0.734252 -0.030936 -0.678172 -3.577287
-0.665464 0.043386 0.745168 196.811111 0.006890 0.998624 -0.051991 -17.356474 -0.746398 -0.029464 -0.664847 -4.321247
-0.651402 0.044146 0.757447 197.621541 0.007568 0.998634 -0.051694 -17.447046 -0.758695 -0.027941 -0.650847 -5.045288
-0.636653 0.044896 0.769842 198.439964 0.008263 0.998644 -0.051406 -17.537302 -0.771106 -0.026367 -0.636161 -5.748861
-0.621207 0.045635 0.782317 199.266384 0.008973 0.998652 -0.051129 -17.627247 -0.783595 -0.024742 -0.620779 -6.431432
-0.605055 0.046357 0.794833 200.100788 0.009698 0.998659 -0.050862 -17.716888 -0.796124 -0.023066 -0.604693 -7.092479
-0.588192 0.047060 0.807351 200.943140 0.010436 0.998664 -0.050608 -17.806232 -0.808654 -0.021341 -0.587897 -7.731498
-0.570614 0.047740 0.819830 201.793381 0.011188 0.998668 -0.050366 -17.895286 -0.821142 -0.019567 -0.570388 -8.347997
-0.552320 0.048393 0.832227 202.651433 0.011953 0.998671 -0.050139 -17.984059 -0.833547 -0.017745 -0.552164 -8.941502
-0.533311 0.049015 0.844498 203.517199 0.012729 0.998672 -0.049925 -18.072559 -0.845824 -0.015876 -0.533227 -9.511556
-0.513593 0.049604 0.856599 204.390559 0.013516 0.998671 -0.049727 -18.160795 -0.857928 -0.013962 -0.513581 -10.057718
-0.493172 0.050155 0.868485 205.271374 0.014313 0.998669 -0.049546 -18.248779 -0.869814 -0.012004 -0.493234 -10.579567
-0.472060 0.050665 0.880109 206.159487 0.015118 0.998666 -0.049381 -18.336519 -0.881437 -0.010005 -0.472196 -11.076698
-0.450272 0.051131 0.891426 207.054722 0.015931 0.998660 -0.049234 -18.424027 -0.892749 -0.007967 -0.450483 -11.548726
-0.427824 0.051549 0.902391 207.956882 0.016751 0.998653 -0.049106 -18.511317 -0.903707 -0.005893 -0.428111 -11.995287
-0.404739 0.051917 0.912957 208.865758 0.017575 0.998644 -0.048998 -18.598399 -0.914263 -0.003786 -0.405103 -12.416035
-0.381042 0.052231 0.923081 209.781121 0.018403 0.998634 -0.048909 -18.685288 -0.924375 -0.001649 -0.381482 -12.810647
-0.356761 0.052488 0.932720 210.702726 0.019233 0.998621 -0.048840 -18.771997 -0.933998 0.000515 -0.357278 -13.178819
-0.331929 0.052688 0.941832 211.630316 0.020064 0.998607 -0.048793 -18.858541 -0.943091 0.002701 -0.332523 -13.520269
-0.306581 0.052827 0.950378 212.563618 0.020895 0.998592 -0.048766 -18.944935 -0.951615 0.004907 -0.307253 -13.834739
-0.280757 0.052903 0.958320 213.502345 0.021723 0.998574 -0.048761 -19.031192 -0.959533 0.007128 -0.281506 -14.121989
-0.254500 0.052914 0.965624 214.446200 0.022548 0.998555 -0.048776 -19.117329 -0.966810 0.009360 -0.255325 -14.381804
-0.227854 0.052860 0.972259 215.394871 0.023369 0.998535 -0.048812 -19.203361 -0.973415 0.011599 -0.228755 -14.613990
-0.200867 0.052739 0.978198 216.348038 0.024184 0.998512 -0.048868 -19.289302 -0.979320 0.013841 -0.201844 -14.818376
-0.173590 0.052550 0.983415 217.305371 0.024993 0.998489 -0.048944 -19.375169 -0.984501 0.016082 -0.174641 -14.994813
-0.146074 0.052294 0.987891 218.266528 0.025793 0.998464 -0.049040 -19.460976 -0.988937 0.018317 -0.147199 -15.143176
-0.118373 0.051969 0.991608 219.231163 0.026584 0.998437 -0.049154 -19.546736 -0.992613 0.020542 -0.119570 -15.263364
-0.090541 0.051577 0.994556 220.198922 0.027365 0.998410 -0.049285 -19.632463 -0.995517 0.022754 -0.091809 -15.355297
-0.062634 0.051117 0.996727 221.169448 0.028136 0.998381 -0.049434 -19.718170 -0.997640 0.024948 -0.063970 -15.418921
-0.034705 0.050592 0.998116 222.142377 0.028895 0.998351 -0.049599 -19.803871 -0.998980 0.027120 -0.036110 -15.454203
-0.006810 0.050001 0.998726 223.117343 0.029643 0.998320 -0.049779 -19.889576 -0.999537 0.029266 -0.008280 -15.461133
0.020998 0.049348 0.998561 224.093978 0.030377 0.998288 -0.049973 -19.975298 -0.999318 0.031383 0.019463 -15.439723
0.048667 0.048632 0.997630 225.071912 0.031099 0.998256 -0.050180 -20.061050 -0.998331 0.033467 0.047070 -15.390007
0.076146 0.047858 0.995948 226.050776 0.031807 0.998223 -0.050399 -20.146842 -0.996589 0.035516 0.074488 -15.312041
0.103385 0.047026 0.993529 227.030203 0.032501 0.998189 -0.050629 -20.232686 -0.994110 0.037525 0.101669 -15.205902
0.130339 0.046141 0.990395 228.009826 0.033180 0.998154 -0.050869 -20.318592 -0.990914 0.039491 0.128567 -15.071689
0.156962 0.045203 0.986570 228.989281 0.033844 0.998119 -0.051117 -20.404570 -0.987025 0.041413 0.155137 -14.909521
0.183215 0.044217 0.982078 229.968209 0.034493 0.998084 -0.051373 -20.490629 -0.982468 0.043287 0.181339 -14.719539
0.209058 0.043185 0.976949 230.946255 0.035126 0.998048 -0.051634 -20.576778 -0.977272 0.045111 0.207133 -14.501902
0.234456 0.042111 0.971214 231.923067 0.035743 0.998012 -0.051901 -20.663024 -0.971469 0.046883 0.232485 -14.256793
0.259377 0.040997 0.964906 232.898301 0.036345 0.997977 -0.052172 -20.749376 -0.965092 0.048601 0.257362 -13.984412
0.283792 0.039847 0.958058 233.871622 0.036930 0.997941 -0.052445 -20.835839 -0.958174 0.050265 0.281736 -13.684980
0.307676 0.038664 0.950705 234.842700 0.037500 0.997905 -0.052719 -20.922421 -0.950752 0.051871 0.305581 -13.358736
0.331006 0.037451 0.942885 235.811216 0.038053 0.997870 -0.052994 -21.009127 -0.942861 0.053421 0.328875 -13.005941
0.353763 0.036212 0.934634 236.776860 0.038590 0.997834 -0.053268 -21.095961 -0.934539 0.054912 0.351599 -12.626871
0.375931 0.034950 0.925988 237.739332 0.039111 0.997799 -0.053539 -21.182929 -0.925822 0.056344 0.373737 -12.221821
0.397499 0.033669 0.916985 238.698344 0.039617 0.997765 -0.053808 -21.270033 -0.916747 0.057717 0.395276 -11.791105
0.418454 0.032371 0.907661 239.653618 0.040106 0.997731 -0.054073 -21.357276 -0.907352 0.059030 0.416207 -11.335051
0.438791 0.031060 0.898052 240.604890 0.040580 0.997698 -0.054334 -21.444659 -0.897672 0.060284 0.436521 -10.854006
0.458506 0.029738 0.888194 241.551908 0.041039 0.997665 -0.054589 -21.532184 -0.887743 0.061480 0.456215 -10.348331
0.477596 0.028409 0.878120 242.494432 0.041483 0.997633 -0.054837 -21.619851 -0.877600 0.062617 0.475287 -9.818401
0.496062 0.027075 0.867865 243.432237 0.041912 0.997602 -0.055079 -21.707661 -0.867275 0.063696 0.493738 -9.264605
0.513908 0.025738 0.857459 244.365110 0.042327 0.997572 -0.055312 -21.795612 -0.856801 0.064719 0.511570 -8.687348
0.531136 0.024402 0.846935 245.292849 0.042729 0.997542 -0.055538 -21.883705 -0.846208 0.065687 0.528788 -8.087042
0.547755 0.023068 0.836321 246.215269 0.043117 0.997513 -0.055754 -21.971938 -0.835527 0.066600 0.545398 -7.464116
0.563771 0.021739 0.825645 247.132195 0.043493 0.997485 -0.055961 -22.060310 -0.824785 0.067459 0.561408 -6.819005
0.579194 0.020418 0.814934 248.043466 0.043855 0.997458 -0.056159 -22.148818 -0.814009 0.068266 0.576826 -6.152158
0.594034 0.019106 0.804213 248.948935 0.044203 0.997432 -0.056347 -22.237461 -0.803225 0.069021 0.591664 -5.464030
0.608302 0.017806 0.793506 249.848469 0.044539 0.997407 -0.056525 -22.326235 -0.792455 0.069727 0.605931 -4.755085
0.622009 0.016519 0.782836 250.741948 0.044863 0.997383 -0.056692 -22.415137 -0.781724 0.070383 0.619641 -4.025795
0.635169 0.015248 0.772222 251.629265 0.045173 0.997360 -0.056849 -22.504164 -0.771051 0.070992 0.632804 -3.276639
0.647794 0.013993 0.761687 252.510327 0.045471 0.997339 -0.056994 -22.593310 -0.760457 0.071555 0.645434 -2.508102
0.659898 0.012757 0.751247 253.385056 0.045756 0.997318 -0.057127 -22.682570 -0.749960 0.072073 0.657545 -1.720673
0.671495 0.011540 0.740919 254.253388 0.046030 0.997298 -0.057249 -22.771939 -0.739578 0.072547 0.669149 -0.914849
0.682597 0.010343 0.730722 255.115271 0.046292 0.997280 -0.057359 -22.861409 -0.729327 0.072979 0.680262 -0.091127
0.693220 0.009168 0.720668 255.970666 0.046542 0.997263 -0.057456 -22.950974 -0.719222 0.073371 0.690896 0.749991
0.703377 0.008015 0.710772 256.819550 0.046782 0.997246 -0.057541 -23.040625 -0.709276 0.073724 0.701065 1.608001
0.713082 0.006886 0.701047 257.661910 0.047011 0.997232 -0.057613 -23.130354 -0.699503 0.074040 0.710784 2.482396
0.722349 0.005780 0.691505 258.497748 0.047230 0.997218 -0.057672 -23.220152 -0.689914 0.074319 0.720066 3.372670
0.731192 0.004700 0.682156 259.327077 0.047438 0.997205 -0.057718 -23.310009 -0.680521 0.074563 0.728925 4.278313
0.739623 0.003644 0.673011 260.149925 0.047637 0.997194 -0.057752 -23.399916 -0.671333 0.074774 0.737374 5.198818
0.747658 0.002616 0.664079 260.966330 0.047825 0.997184 -0.057772 -23.489861 -0.662360 0.074953 0.745427 6.133674
0.755307 0.001614 0.655369 261.776343 0.048003 0.997175 -0.057779 -23.579834 -0.653610 0.075101 0.753096 7.082374
0.762585 0.000641 0.646888 262.580029 0.048171 0.997167 -0.057774 -23.669825 -0.645092 0.075219 0.760394 8.044409
0.769503 -0.000304 0.638643 263.377460 0.048328 0.997160 -0.057756 -23.759822 -0.636812 0.075308 0.767333 9.019272
0.776074 -0.001219 0.630641 264.168723 0.048475 0.997155 -0.057726 -23.849816 -0.628776 0.075369 0.773925 10.006457
0.782308 -0.002105 0.622888 264.953911 0.048611 0.997151 -0.057683 -23.939795 -0.620992 0.075405 0.780182 11.005460
0.788218 -0.002960 0.615389 265.733130 0.048736 0.997148 -0.057627 -24.029749 -0.613463 0.075414 0.786114 12.015779
0.793814 -0.003784 0.608149 266.506492 0.048849 0.997146 -0.057559 -24.119669 -0.606196 0.075399 0.791733 13.036916
0.799105 -0.004576 0.601174 267.274121 0.048952 0.997146 -0.057479 -24.209544 -0.599195 0.075360 0.797049 14.068372
0.804103 -0.005336 0.594467 268.036148 0.049042 0.997147 -0.057386 -24.299364 -0.592464 0.075298 0.802070 15.109652
0.808815 -0.006063 0.588032 268.792712 0.049120 0.997149 -0.057280 -24.389118 -0.586008 0.075213 0.806807 16.160264
0.813251 -0.006758 0.581874 269.543960 0.049185 0.997153 -0.057162 -24.478796 -0.579831 0.075107 0.811268 17.219715
