0.999836 -0.009080 -0.015638 -0.124827 0.009077 0.999959 -0.000256 -0.076870 0.015639 0.000114 0.999878 6.634546
0.999840 -0.008827 -0.015545 -0.133734 0.008825 0.999961 -0.000222 -0.081412 0.015546 0.000084 0.999879 7.079955
0.999844 -0.008565 -0.015432 -0.142959 0.008563 0.999963 -0.000187 -0.086025 0.015433 0.000054 0.999881 7.539315
0.999849 -0.008293 -0.015298 -0.152501 0.008292 0.999966 -0.000152 -0.090708 0.015299 0.000025 0.999883 8.012669
0.999853 -0.008011 -0.015138 -0.162356 0.008010 0.999968 -0.000117 -0.095457 0.015139 -0.000004 0.999885 8.500047
0.999858 -0.007719 -0.014951 -0.172522 0.007718 0.999970 -0.000083 -0.100270 0.014951 -0.000032 0.999888 9.001469
0.999864 -0.007416 -0.014734 -0.182994 0.007416 0.999972 -0.000050 -0.105144 0.014733 -0.000060 0.999891 9.516942
0.999870 -0.007103 -0.014483 -0.193767 0.007104 0.999975 -0.000017 -0.110077 0.014483 -0.000086 0.999895 10.046463
0.999876 -0.006780 -0.014198 -0.204834 0.006781 0.999977 0.000014 -0.115068 0.014197 -0.000110 0.999899 10.590015
0.999883 -0.006446 -0.013874 -0.216187 0.006448 0.999979 0.000044 -0.120114 0.013874 -0.000134 0.999904 11.147572
0.999890 -0.006103 -0.013510 -0.227815 0.006104 0.999981 0.000073 -0.125214 0.013509 -0.000156 0.999909 11.719097
0.999898 -0.005749 -0.013102 -0.239709 0.005751 0.999983 0.000101 -0.130365 0.013101 -0.000176 0.999914 12.304539
0.999906 -0.005385 -0.012648 -0.251856 0.005387 0.999985 0.000128 -0.135566 0.012647 -0.000196 0.999920 12.903840
0.999914 -0.005011 -0.012143 -0.264240 0.005013 0.999987 0.000153 -0.140816 0.012142 -0.000214 0.999926 13.516929
0.999922 -0.004626 -0.011586 -0.276846 0.004629 0.999989 0.000177 -0.146112 0.011585 -0.000231 0.999933 14.143725
0.999931 -0.004232 -0.010973 -0.289655 0.004235 0.999991 0.000199 -0.151455 0.010972 -0.000246 0.999940 14.784136
0.999940 -0.003828 -0.010301 -0.302647 0.003830 0.999993 0.000220 -0.156842 0.010300 -0.000259 0.999947 15.438060
0.999948 -0.003413 -0.009565 -0.315797 0.003416 0.999994 0.000238 -0.162272 0.009564 -0.000271 0.999954 16.105386
0.999957 -0.002988 -0.008763 -0.329081 0.002990 0.999995 0.000254 -0.167744 0.008762 -0.000280 0.999962 16.785990
0.999966 -0.002553 -0.007890 -0.342469 0.002555 0.999997 0.000267 -0.173258 0.007889 -0.000288 0.999969 17.479742
0.999974 -0.002107 -0.006944 -0.355929 0.002109 0.999998 0.000278 -0.178812 0.006943 -0.000293 0.999976 18.186499
0.999981 -0.001651 -0.005920 -0.369426 0.001653 0.999999 0.000287 -0.184405 0.005919 -0.000296 0.999982 18.906111
0.999988 -0.001185 -0.004814 -0.382918 0.001187 0.999999 0.000292 -0.190038 0.004814 -0.000297 0.999988 19.638416
0.999993 -0.000709 -0.003624 -0.396365 0.000710 1.000000 0.000294 -0.195709 0.003624 -0.000296 0.999993 20.383245
0.999997 -0.000223 -0.002345 -0.409718 0.000224 1.000000 0.000293 -0.201418 0.002345 -0.000293 0.999997 21.140419
0.999999 0.000273 -0.000974 -0.422926 -0.000272 1.000000 0.000288 -0.207165 0.000974 -0.000288 0.999999 21.909748
0.999999 0.000901 0.000621 -0.433792 -0.000902 1.000000 0.000291 -0.211190 -0.000621 -0.000291 1.000000 22.562175
0.999996 0.001551 0.002350 -0.444229 -0.001552 0.999999 0.000289 -0.215153 -0.002350 -0.000293 0.999997 23.217435
0.999989 0.002222 0.004222 -0.454162 -0.002223 0.999997 0.000284 -0.219053 -0.004221 -0.000293 0.999991 23.874971
0.999976 0.002915 0.006244 -0.463514 -0.002916 0.999996 0.000273 -0.222889 -0.006243 -0.000291 0.999980 24.534227
0.999958 0.003628 0.008423 -0.472203 -0.003631 0.999993 0.000257 -0.226661 -0.008422 -0.000288 0.999964 25.194648
0.999933 0.004364 0.010768 -0.480143 -0.004366 0.999990 0.000235 -0.230370 -0.010767 -0.000282 0.999942 25.855682
0.999899 0.005120 0.013286 -0.487241 -0.005123 0.999987 0.000205 -0.234016 -0.013285 -0.000273 0.999912 26.516778
0.999855 0.005897 0.015986 -0.493402 -0.005901 0.999983 0.000168 -0.237603 -0.015984 -0.000262 0.999872 27.177390
0.999799 0.006695 0.018874 -0.498526 -0.006699 0.999978 0.000122 -0.241133 -0.018873 -0.000249 0.999822 27.836971
0.999731 0.007513 0.021960 -0.502507 -0.007516 0.999972 0.000067 -0.244610 -0.021959 -0.000232 0.999759 28.494982
0.999646 0.008350 0.025253 -0.505236 -0.008352 0.999965 0.000002 -0.248038 -0.025252 -0.000213 0.999681 29.150882
0.999544 0.009206 0.028759 -0.506598 -0.009207 0.999958 -0.000074 -0.251423 -0.028759 -0.000190 0.999586 29.804140
0.999421 0.010081 0.032490 -0.506475 -0.010081 0.999949 -0.000163 -0.254769 -0.032490 -0.000165 0.999472 30.454225
0.999275 0.010974 0.036453 -0.504744 -0.010971 0.999940 -0.000264 -0.258083 -0.036454 -0.000136 0.999335 31.100614
0.999102 0.011885 0.040659 -0.501277 -0.011880 0.999929 -0.000380 -0.261372 -0.040660 -0.000104 0.999173 31.742789
0.998900 0.012815 0.045117 -0.495942 -0.012805 0.999918 -0.000510 -0.264642 -0.045120 -0.000068 0.998982 32.380237
0.998662 0.013762 0.049839 -0.488603 -0.013746 0.999905 -0.000656 -0.267902 -0.049843 -0.000030 0.998757 33.012452
0.998387 0.014726 0.054835 -0.479117 -0.014703 0.999892 -0.000819 -0.271160 -0.054841 0.000012 0.998495 33.638936
0.998068 0.015707 0.060117 -0.467338 -0.015675 0.999877 -0.001001 -0.274426 -0.060125 0.000057 0.998191 34.259196
0.997700 0.016705 0.065697 -0.453117 -0.016662 0.999860 -0.001203 -0.277709 -0.065708 0.000105 0.997839 34.872751
0.997277 0.017719 0.071588 -0.436296 -0.017663 0.999843 -0.001425 -0.281020 -0.071602 0.000157 0.997433 35.479125
0.996792 0.018750 0.077803 -0.416718 -0.018677 0.999824 -0.001670 -0.284367 -0.077821 0.000211 0.996967 36.077850
0.996239 0.019798 0.084357 -0.394216 -0.019705 0.999804 -0.001938 -0.287763 -0.084378 0.000269 0.996434 36.668467
0.995608 0.020863 0.091263 -0.368623 -0.020746 0.999782 -0.002231 -0.291217 -0.091289 0.000328 0.995824 37.250523
0.994891 0.021944 0.098537 -0.339766 -0.021799 0.999759 -0.002551 -0.294741 -0.098569 0.000390 0.995130 37.823576
0.994078 0.023043 0.106195 -0.307465 -0.022864 0.999734 -0.002899 -0.298347 -0.106234 0.000454 0.994341 38.387189
0.993161 0.024151 0.114229 -0.271572 -0.023933 0.999708 -0.003276 -0.302087 -0.114275 0.000520 0.993449 38.943229
0.992128 0.025268 0.122649 -0.231903 -0.025005 0.999681 -0.003684 -0.305977 -0.122703 0.000588 0.992443 39.491464
0.990969 0.026393 0.131466 -0.188272 -0.026077 0.999651 -0.004123 -0.310030 -0.131529 0.000658 0.991312 40.031677
0.989671 0.027525 0.140690 -0.140488 -0.027148 0.999621 -0.004596 -0.314263 -0.140763 0.000729 0.990043 40.563666
0.988220 0.028663 0.150332 -0.088359 -0.028216 0.999589 -0.005102 -0.318690 -0.150417 0.000800 0.988622 41.087245
0.986602 0.029806 0.160402 -0.031686 -0.029280 0.999555 -0.005645 -0.323327 -0.160499 0.000873 0.987036 41.602239
0.984800 0.030953 0.170909 0.029729 -0.030336 0.999520 -0.006225 -0.328189 -0.171020 0.000946 0.985267 42.108490
0.982800 0.032103 0.181862 0.096090 -0.031382 0.999484 -0.006843 -0.333291 -0.181987 0.001019 0.983300 42.605852
0.980582 0.033255 0.193268 0.167600 -0.032416 0.999446 -0.007502 -0.338650 -0.193410 0.001092 0.981117 43.094194
0.978129 0.034408 0.205135 0.244468 -0.033436 0.999407 -0.008203 -0.344282 -0.205295 0.001164 0.978699 43.573397
0.975420 0.035560 0.217468 0.326902 -0.034438 0.999367 -0.008946 -0.350202 -0.217648 0.001237 0.976027 44.043359
0.972434 0.036710 0.230271 0.415111 -0.035421 0.999325 -0.009734 -0.356429 -0.230473 0.001309 0.973078 44.503989
0.969150 0.037858 0.243548 0.509307 -0.036379 0.999282 -0.010567 -0.362977 -0.243773 0.001381 0.969831 44.955209
0.965545 0.039001 0.257299 0.609702 -0.037312 0.999238 -0.011447 -0.369864 -0.257549 0.001452 0.966264 45.396955
0.961595 0.040137 0.271523 0.716507 -0.038213 0.999193 -0.012373 -0.377107 -0.271801 0.001522 0.962352 45.829176
0.957276 0.041266 0.286217 0.829935 -0.039080 0.999147 -0.013347 -0.384722 -0.286524 0.001591 0.958072 46.251831
0.952563 0.042384 0.301374 0.950195 -0.039909 0.999100 -0.014369 -0.392727 -0.301712 0.001660 0.953398 46.664896
0.947432 0.043490 0.316987 1.077496 -0.040694 0.999052 -0.015439 -0.401139 -0.317358 0.001727 0.948304 47.068354
0.941857 0.044582 0.333042 1.212043 -0.041432 0.999004 -0.016556 -0.409974 -0.333449 0.001795 0.942766 47.462203
0.935814 0.045657 0.349526 1.354040 -0.042118 0.998955 -0.017722 -0.419251 -0.349970 0.001863 0.936759 47.846454
0.929277 0.046714 0.366418 1.503685 -0.042748 0.998906 -0.018934 -0.428986 -0.366902 0.001932 0.930258 48.221126
0.922223 0.047750 0.383698 1.661171 -0.043317 0.998857 -0.020193 -0.439197 -0.384224 0.002002 0.923238 48.586254
0.914631 0.048764 0.401338 1.826691 -0.043820 0.998808 -0.021495 -0.449902 -0.401908 0.002074 0.915678 48.941885
0.906479 0.049753 0.419309 2.000427 -0.044253 0.998759 -0.022841 -0.461119 -0.419925 0.002149 0.907556 49.288075
0.897750 0.050716 0.437576 2.182560 -0.044611 0.998711 -0.024228 -0.472864 -0.438241 0.002230 0.898855 49.624898
0.888427 0.051650 0.456103 2.373263 -0.044889 0.998663 -0.025653 -0.485155 -0.456818 0.002317 0.889557 49.952436
0.878496 0.052554 0.474851 2.572703 -0.045084 0.998615 -0.027113 -0.498008 -0.475618 0.002411 0.879649 50.270789
0.867945 0.053427 0.493778 2.781041 -0.045193 0.998569 -0.028607 -0.511439 -0.494600 0.002514 0.869117 50.580062
0.856766 0.054268 0.512842 2.998431 -0.045212 0.998523 -0.030128 -0.525465 -0.513720 0.002626 0.857954 50.880364
0.844953 0.055076 0.531997 3.225020 -0.045140 0.998478 -0.031675 -0.540101 -0.532932 0.002750 0.846154 51.171812
0.832507 0.055852 0.551192 3.460948 -0.044974 0.998435 -0.033242 -0.555360 -0.552186 0.002885 0.833716 51.454528
0.819431 0.056594 0.570378 3.706348 -0.044714 0.998393 -0.034824 -0.571256 -0.571432 0.003032 0.820644 51.728640
0.805732 0.057303 0.589502 3.961346 -0.044358 0.998352 -0.036417 -0.587801 -0.590617 0.003193 0.806946 51.994279
0.791424 0.057980 0.608512 4.226060 -0.043907 0.998312 -0.038016 -0.605008 -0.609689 0.003368 0.792634 52.251584
0.776524 0.058625 0.627354 4.500600 -0.043362 0.998274 -0.039614 -0.622887 -0.628594 0.003558 0.777726 52.500696
0.761056 0.059238 0.645976 4.785070 -0.042723 0.998237 -0.041207 -0.641448 -0.647278 0.003763 0.762245 52.741763
0.745046 0.059821 0.664326 5.079562 -0.041993 0.998201 -0.042790 -0.660701 -0.665690 0.003984 0.746217 52.974934
0.728526 0.060374 0.682352 5.384164 -0.041174 0.998167 -0.044357 -0.680654 -0.683779 0.004221 0.729677 53.200363
0.711535 0.060898 0.700007 5.698955 -0.040268 0.998134 -0.045903 -0.701315 -0.701496 0.004474 0.712659 53.418208
0.694112 0.061395 0.717244 6.024003 -0.039279 0.998102 -0.047423 -0.722691 -0.718795 0.004744 0.695206 53.628627
0.676302 0.061864 0.734022 6.359370 -0.038212 0.998072 -0.048912 -0.744786 -0.735633 0.005031 0.677362 53.831783
0.658153 0.062309 0.750301 6.705108 -0.037070 0.998043 -0.050365 -0.767607 -0.751971 0.005334 0.659175 54.027841
0.639716 0.062729 0.766047 7.061260 -0.035859 0.998015 -0.051778 -0.791157 -0.767774 0.005653 0.640696 54.216965
0.621044 0.063126 0.781230 7.427857 -0.034584 0.997988 -0.053148 -0.815440 -0.783012 0.005989 0.621977 54.399322
0.602190 0.063503 0.795823 7.804924 -0.033251 0.997961 -0.054473 -0.840459 -0.797660 0.006341 0.603074 54.575079
0.583210 0.063861 0.809807 8.192473 -0.031864 0.997936 -0.055749 -0.866217 -0.811696 0.006709 0.584042 54.744407
0.564160 0.064201 0.823166 8.590509 -0.030431 0.997912 -0.056974 -0.892714 -0.825105 0.007093 0.564935 54.907474
0.545093 0.064523 0.835889 8.999024 -0.028956 0.997888 -0.058146 -0.919954 -0.837875 0.007491 0.545810 55.064451
0.526064 0.064831 0.847970 9.418001 -0.027446 0.997865 -0.059264 -0.947936 -0.850002 0.007904 0.526720 55.215512
0.507125 0.065124 0.859409 9.847413 -0.025906 0.997842 -0.060328 -0.976662 -0.861483 0.008330 0.507718 55.360827
0.488326 0.065405 0.870207 10.287220 -0.024343 0.997820 -0.061336 -1.006129 -0.872322 0.008769 0.488854 55.500570
0.469716 0.065674 0.880371 10.737374 -0.022762 0.997799 -0.062290 -1.036337 -0.882524 0.009220 0.470177 55.634916
0.451340 0.065933 0.889913 11.197817 -0.021168 0.997777 -0.063188 -1.067285 -0.892101 0.009681 0.451732 55.764039
0.433240 0.066182 0.898845 11.668479 -0.019568 0.997756 -0.064033 -1.098969 -0.901066 0.010153 0.433563 55.888114
0.415455 0.066423 0.907185 12.149281 -0.017966 0.997735 -0.064825 -1.131387 -0.909436 0.010634 0.415708 56.007317
0.398023 0.066656 0.914951 12.640133 -0.016366 0.997714 -0.065566 -1.164534 -0.917230 0.011122 0.398204 56.121824
0.380974 0.066883 0.922163 13.140936 -0.014775 0.997693 -0.066257 -1.198406 -0.924468 0.011617 0.381084 56.231813
0.364340 0.067105 0.928845 13.651580 -0.013196 0.997672 -0.066902 -1.232998 -0.931173 0.012118 0.364377 56.337462
0.348146 0.067323 0.935020 14.171948 -0.011633 0.997651 -0.067501 -1.268302 -0.937368 0.012623 0.348111 56.438948
0.332414 0.067537 0.940712 14.701912 -0.010091 0.997630 -0.068057 -1.304313 -0.943079 0.013130 0.332308 56.536451
0.317166 0.067747 0.945947 15.241334 -0.008572 0.997609 -0.068573 -1.341024 -0.948331 0.013640 0.316988 56.630147
0.302417 0.067954 0.950750 15.790069 -0.007081 0.997588 -0.069050 -1.378425 -0.953149 0.014150 0.302169 56.720215
0.288182 0.068160 0.955147 16.347963 -0.005619 0.997567 -0.069492 -1.416507 -0.957559 0.014659 0.287864 56.806832
0.274472 0.068364 0.959162 16.914853 -0.004191 0.997545 -0.069900 -1.455262 -0.961586 0.015166 0.274085 56.890178
0.261296 0.068567 0.962820 17.490569 -0.002798 0.997523 -0.070279 -1.494680 -0.965255 0.015670 0.260841 56.970431
0.248661 0.068771 0.966146 18.074933 -0.001443 0.997501 -0.070631 -1.534749 -0.968590 0.016169 0.248139 57.047771
0.236569 0.068975 0.969163 18.667760 -0.000130 0.997479 -0.070958 -1.575459 -0.971615 0.016661 0.235982 57.122375
0.225025 0.069180 0.971894 19.268858 0.001141 0.997457 -0.071264 -1.616799 -0.974352 0.017145 0.224373 57.194424
0.214027 0.069388 0.974360 19.878031 0.002366 0.997434 -0.071550 -1.658759 -0.976825 0.017619 0.213313 57.264097
0.203574 0.069597 0.976583 20.495076 0.003545 0.997411 -0.071820 -1.701325 -0.979053 0.018083 0.202800 57.331572
0.193663 0.069809 0.978581 21.119787 0.004675 0.997388 -0.072075 -1.744486 -0.981057 0.018533 0.192831 57.397027
0.184290 0.070023 0.980374 21.751952 0.005756 0.997365 -0.072319 -1.788227 -0.982855 0.018970 0.183401 57.460640
0.175447 0.070241 0.981980 22.391356 0.006786 0.997342 -0.072552 -1.832535 -0.984465 0.019393 0.174504 57.522585
0.167128 0.070462 0.983414 23.037779 0.007764 0.997318 -0.072777 -1.877396 -0.985905 0.019798 0.166133 57.583037
0.159324 0.070686 0.984693 23.691001 0.008689 0.997294 -0.072996 -1.922794 -0.987188 0.020186 0.158278 57.642168
0.152024 0.070913 0.985830 24.350795 0.009561 0.997271 -0.073210 -1.968715 -0.988331 0.020555 0.150931 57.700147
0.145218 0.071144 0.986839 25.016935 0.010378 0.997247 -0.073421 -2.015144 -0.989345 0.020903 0.144080 57.757138
0.138895 0.071377 0.987732 25.689190 0.011141 0.997223 -0.073630 -2.062065 -0.990244 0.021231 0.137714 57.813303
0.133042 0.071614 0.988520 26.367329 0.011850 0.997200 -0.073838 -2.109462 -0.991040 0.021537 0.131821 57.868799
0.127646 0.071853 0.989214 27.051120 0.012505 0.997176 -0.074045 -2.157320 -0.991741 0.021821 0.126388 57.923778
0.122696 0.072095 0.989822 27.740325 0.013106 0.997153 -0.074254 -2.205623 -0.992358 0.022083 0.121402 57.978389
0.118177 0.072340 0.990354 28.434710 0.013654 0.997130 -0.074464 -2.254356 -0.992899 0.022323 0.116850 58.032776
0.114075 0.072587 0.990817 29.134035 0.014151 0.997107 -0.074677 -2.303503 -0.993371 0.022540 0.112718 58.087076
0.110379 0.072835 0.991217 29.838063 0.014596 0.997085 -0.074892 -2.353049 -0.993782 0.022734 0.108994 58.141425
0.107073 0.073085 0.991561 30.546555 0.014991 0.997063 -0.075110 -2.402979 -0.994138 0.022907 0.105663 58.195952
0.104145 0.073336 0.991855 31.259270 0.015337 0.997041 -0.075330 -2.453278 -0.994444 0.023058 0.102712 58.250781
0.101582 0.073587 0.992102 31.975970 0.015635 0.997019 -0.075553 -2.503930 -0.994704 0.023187 0.100129 58.306033
0.099370 0.073838 0.992307 32.696413 0.015886 0.996998 -0.075778 -2.554921 -0.994924 0.023294 0.097899 58.361823
0.097496 0.074089 0.992474 33.420361 0.016092 0.996977 -0.076006 -2.606235 -0.995106 0.023381 0.096009 58.418262
0.095948 0.074340 0.992606 34.147574 0.016252 0.996957 -0.076237 -2.657857 -0.995254 0.023447 0.094448 58.475455
0.094713 0.074591 0.992706 34.877814 0.016369 0.996937 -0.076471 -2.709774 -0.995370 0.023492 0.093202 58.533503
0.093779 0.074842 0.992776 35.610843 0.016444 0.996918 -0.076707 -2.761969 -0.995457 0.023518 0.092259 58.592501
0.093132 0.075092 0.992818 36.346426 0.016477 0.996899 -0.076947 -2.814429 -0.995517 0.023524 0.091606 58.652543
0.092762 0.075342 0.992834 37.084332 0.016469 0.996881 -0.077188 -2.867139 -0.995552 0.023511 0.091232 58.713715
0.092656 0.075591 0.992825 37.824331 0.016423 0.996862 -0.077431 -2.920084 -0.995563 0.023479 0.091124 58.776100
0.092803 0.075838 0.992792 38.566197 0.016338 0.996845 -0.077675 -2.973250 -0.995550 0.023429 0.091271 58.839777
0.093191 0.076083 0.992737 39.309709 0.016217 0.996828 -0.077919 -3.026623 -0.995516 0.023360 0.091661 58.904821
0.093809 0.076326 0.992660 40.054649 0.016060 0.996811 -0.078163 -3.080186 -0.995461 0.023274 0.092284 58.971301
0.094645 0.076567 0.992562 40.800804 0.015869 0.996795 -0.078407 -3.133925 -0.995385 0.023171 0.093127 59.039284
0.095691 0.076805 0.992444 41.547968 0.015644 0.996780 -0.078649 -3.187825 -0.995288 0.023052 0.094181 59.108833
0.096933 0.077041 0.992305 42.295939 0.015389 0.996764 -0.078891 -3.241871 -0.995172 0.022917 0.095434 59.180006
0.098363 0.077274 0.992146 43.044519 0.015103 0.996750 -0.079130 -3.296049 -0.995036 0.022768 0.096876 59.252859
0.099969 0.077505 0.991967 43.793518 0.014789 0.996736 -0.079368 -3.350344 -0.994881 0.022604 0.098497 59.327443
0.101742 0.077733 0.991769 44.542750 0.014449 0.996722 -0.079604 -3.404743 -0.994706 0.022429 0.100286 59.403805
0.103672 0.077959 0.991552 45.292037 0.014083 0.996708 -0.079837 -3.459233 -0.994512 0.022241 0.102233 59.481992
0.105749 0.078182 0.991315 46.041206 0.013695 0.996695 -0.080067 -3.513802 -0.994299 0.022043 0.104329 59.562044
0.107964 0.078401 0.991059 46.790090 0.013285 0.996683 -0.080293 -3.568437 -0.994066 0.021834 0.106564 59.644000
0.110306 0.078617 0.990783 47.538529 0.012855 0.996671 -0.080515 -3.623127 -0.993814 0.021618 0.108929 59.727895
0.112768 0.078829 0.990489 48.286368 0.012407 0.996659 -0.080732 -3.677862 -0.993544 0.021393 0.111413 59.813764
0.115340 0.079038 0.990177 49.033460 0.011943 0.996647 -0.080945 -3.732631 -0.993254 0.021161 0.114010 59.901636
0.118014 0.079242 0.989845 49.779662 0.011464 0.996636 -0.081153 -3.787424 -0.992946 0.020924 0.116709 59.991541
0.120781 0.079443 0.989495 50.524839 0.010972 0.996625 -0.081355 -3.842234 -0.992618 0.020683 0.119502 60.083504
0.123634 0.079640 0.989127 51.268864 0.010470 0.996614 -0.081552 -3.897052 -0.992273 0.020439 0.122382 60.177552
0.126566 0.079833 0.988741 52.011614 0.009958 0.996604 -0.081742 -3.951870 -0.991908 0.020192 0.125341 60.273706
0.129568 0.080020 0.988336 52.752972 0.009440 0.996594 -0.081926 -4.006680 -0.991526 0.019945 0.128371 60.371985
0.132635 0.080202 0.987915 53.492832 0.008917 0.996584 -0.082103 -4.061476 -0.991125 0.019699 0.131467 60.472410
0.135760 0.080379 0.987476 54.231090 0.008391 0.996575 -0.082273 -4.116249 -0.990706 0.019455 0.134621 60.574995
0.138938 0.080548 0.987020 54.967652 0.007864 0.996565 -0.082434 -4.170994 -0.990270 0.019215 0.137827 60.679757
0.142162 0.080711 0.986547 55.702427 0.007337 0.996557 -0.082588 -4.225702 -0.989816 0.018980 0.141081 60.786708
0.145430 0.080867 0.986058 56.435334 0.006814 0.996548 -0.082733 -4.280368 -0.989345 0.018751 0.144377 60.895861
0.148735 0.081016 0.985553 57.166296 0.006295 0.996541 -0.082869 -4.334985 -0.988857 0.018530 0.147710 61.007227
0.152074 0.081157 0.985031 57.895244 0.005782 0.996533 -0.082998 -4.389547 -0.988352 0.018317 0.151078 61.120819
0.155445 0.081290 0.984494 58.622114 0.005276 0.996526 -0.083117 -4.444050 -0.987830 0.018115 0.154476 61.236645
0.158845 0.081414 0.983941 59.346850 0.004780 0.996519 -0.083227 -4.498488 -0.987292 0.017923 0.157903 61.354717
0.162271 0.081530 0.983372 60.069401 0.004293 0.996513 -0.083328 -4.552857 -0.986737 0.017744 0.161355 61.475044
0.165722 0.081636 0.982788 60.789722 0.003819 0.996507 -0.083420 -4.607152 -0.986165 0.017577 0.164832 61.597636
0.169198 0.081733 0.982187 61.507774 0.003356 0.996502 -0.083502 -4.661370 -0.985576 0.017425 0.168332 61.722504
0.172697 0.081820 0.981571 62.223523 0.002907 0.996497 -0.083576 -4.715507 -0.984971 0.017286 0.171854 61.849660
0.176218 0.081898 0.980938 62.936942 0.002471 0.996493 -0.083641 -4.769559 -0.984348 0.017163 0.175398 61.979117
0.179763 0.081966 0.980289 63.648009 0.002050 0.996489 -0.083697 -4.823523 -0.983708 0.017055 0.178964 62.110886
0.183332 0.082025 0.979623 64.356706 0.001644 0.996486 -0.083744 -4.877398 -0.983050 0.016963 0.182553 62.244982
0.186924 0.082073 0.978940 65.063022 0.001252 0.996483 -0.083783 -4.931179 -0.982374 0.016887 0.186164 62.381420
0.190540 0.082112 0.978239 65.766950 0.000877 0.996481 -0.083814 -4.984864 -0.981679 0.016827 0.189798 62.520214
0.194182 0.082141 0.977520 66.468489 0.000516 0.996479 -0.083837 -5.038453 -0.980965 0.016784 0.193456 62.661383
0.197850 0.082162 0.976783 67.167640 0.000172 0.996478 -0.083853 -5.091941 -0.980232 0.016758 0.197139 62.804942
0.201545 0.082175 0.976026 67.864412 -0.000157 0.996477 -0.083864 -5.145330 -0.979479 0.016750 0.200848 62.950912
0.205268 0.082179 0.975250 68.558817 -0.000469 0.996477 -0.083869 -5.198617 -0.978706 0.016758 0.204583 63.099312
0.209020 0.082177 0.974453 69.250871 -0.000766 0.996476 -0.083869 -5.251803 -0.977911 0.016784 0.208346 63.250163
0.212802 0.082166 0.973634 69.940594 -0.001047 0.996477 -0.083865 -5.304889 -0.977095 0.016827 0.212138 63.403487
0.216616 0.082148 0.972795 70.628013 -0.001313 0.996477 -0.083856 -5.357875 -0.976256 0.016887 0.215960 63.559307
0.220462 0.082122 0.971932 71.313155 -0.001563 0.996478 -0.083842 -5.410763 -0.975394 0.016965 0.219813 63.717648
0.224341 0.082088 0.971047 71.996052 -0.001797 0.996479 -0.083823 -5.463554 -0.974509 0.017060 0.223699 63.878537
0.228255 0.082046 0.970138 72.676739 -0.002015 0.996481 -0.083800 -5.516252 -0.973599 0.017173 0.227617 64.041999
0.232204 0.081996 0.969205 73.355252 -0.002218 0.996482 -0.083772 -5.568857 -0.972664 0.017302 0.231570 64.208063
0.236190 0.081939 0.968246 74.031627 -0.002406 0.996485 -0.083742 -5.621373 -0.971704 0.017449 0.235557 64.376757
0.240213 0.081875 0.967261 74.705904 -0.002579 0.996487 -0.083709 -5.673803 -0.970717 0.017613 0.239581 64.548112
0.244274 0.081806 0.966249 75.378122 -0.002738 0.996489 -0.083674 -5.726152 -0.969702 0.017794 0.243641 64.722156
0.248374 0.081731 0.965210 76.048320 -0.002883 0.996492 -0.083638 -5.778426 -0.968660 0.017991 0.247738 64.898923
0.252512 0.081651 0.964142 76.716538 -0.003015 0.996495 -0.083601 -5.830630 -0.967589 0.018203 0.251874 65.078442
0.256691 0.081568 0.963045 77.382813 -0.003136 0.996497 -0.083565 -5.882771 -0.966488 0.018430 0.256048 65.260746
0.260909 0.081481 0.961918 78.047184 -0.003246 0.996500 -0.083530 -5.934856 -0.965358 0.018672 0.260261 65.445867
0.265169 0.081391 0.960761 78.709687 -0.003347 0.996503 -0.083495 -5.986892 -0.964196 0.018925 0.264514 65.633839
0.269469 0.081299 0.959571 79.370359 -0.003440 0.996505 -0.083462 -6.038887 -0.963003 0.019190 0.268807 65.824695
0.273810 0.081205 0.958350 80.029236 -0.003526 0.996507 -0.083430 -6.090847 -0.961777 0.019464 0.273140 66.018468
0.278192 0.081109 0.957095 80.686352 -0.003608 0.996510 -0.083400 -6.142778 -0.960519 0.019748 0.277513 66.215192
0.282615 0.081012 0.955806 81.341740 -0.003686 0.996512 -0.083372 -6.194687 -0.959226 0.020039 0.281928 66.414898
0.287079 0.080915 0.954483 81.995435 -0.003762 0.996514 -0.083346 -6.246581 -0.957899 0.020337 0.286383 66.617621
0.291584 0.080817 0.953125 82.647467 -0.003835 0.996515 -0.083323 -6.298464 -0.956537 0.020640 0.290878 66.823392
0.296130 0.080719 0.951731 83.297870 -0.003908 0.996517 -0.083302 -6.350340 -0.955140 0.020949 0.295414 67.032244
0.300717 0.080621 0.950300 83.946674 -0.003981 0.996518 -0.083282 -6.402216 -0.953705 0.021262 0.299991 67.244211
0.305343 0.080523 0.948832 84.593910 -0.004055 0.996519 -0.083265 -6.454092 -0.952234 0.021577 0.304607 67.459325
0.310009 0.080426 0.947326 85.239607 -0.004131 0.996520 -0.083251 -6.505974 -0.950725 0.021895 0.309262 67.677618
0.314714 0.080329 0.945781 85.883794 -0.004211 0.996521 -0.083238 -6.557863 -0.949177 0.022214 0.313957 67.899123
0.319456 0.080234 0.944198 86.526499 -0.004295 0.996521 -0.083228 -6.609761 -0.947591 0.022533 0.318689 68.123874
0.324235 0.080141 0.942576 87.167750 -0.004384 0.996522 -0.083219 -6.661671 -0.945966 0.022850 0.323459 68.351903
0.329050 0.080049 0.940913 87.807574 -0.004480 0.996522 -0.083214 -6.713594 -0.944302 0.023166 0.328264 68.583244
0.333899 0.079961 0.939211 88.445996 -0.004584 0.996521 -0.083210 -6.765533 -0.942598 0.023479 0.333105 68.817932
0.338782 0.079875 0.937468 89.083042 -0.004697 0.996521 -0.083209 -6.817487 -0.940853 0.023787 0.337979 69.056001
0.343698 0.079792 0.935684 89.718737 -0.004819 0.996520 -0.083210 -6.869460 -0.939068 0.024090 0.342886 69.297484
0.348643 0.079713 0.933859 90.353104 -0.004952 0.996519 -0.083213 -6.921453 -0.937242 0.024388 0.347825 69.542417
0.353619 0.079638 0.931993 90.986167 -0.005095 0.996518 -0.083218 -6.973467 -0.935376 0.024679 0.352793 69.790835
0.358622 0.079567 0.930086 91.617946 -0.005251 0.996517 -0.083225 -7.025503 -0.933468 0.024962 0.357790 70.042772
0.363651 0.079501 0.928137 92.248465 -0.005420 0.996515 -0.083234 -7.077562 -0.931520 0.025238 0.362815 70.298265
0.368705 0.079439 0.926146 92.877742 -0.005601 0.996513 -0.083245 -7.129645 -0.929530 0.025505 0.367864 70.557351
0.373781 0.079383 0.924114 93.505799 -0.005797 0.996511 -0.083257 -7.181753 -0.927499 0.025763 0.372937 70.820066
0.378878 0.079332 0.922040 94.132655 -0.006007 0.996509 -0.083271 -7.233888 -0.925427 0.026011 0.378032 71.086448
0.383995 0.079288 0.919925 94.758330 -0.006232 0.996506 -0.083287 -7.286050 -0.923314 0.026248 0.383147 71.356536
0.389128 0.079249 0.917769 95.382844 -0.006472 0.996503 -0.083304 -7.338241 -0.921161 0.026476 0.388280 71.630368
0.394276 0.079217 0.915571 96.006217 -0.006728 0.996500 -0.083322 -7.390464 -0.918967 0.026692 0.393429 71.907984
0.399438 0.079191 0.913333 96.628469 -0.006999 0.996496 -0.083341 -7.442718 -0.916733 0.026897 0.398593 72.189425
0.404611 0.079172 0.911055 97.249620 -0.007286 0.996493 -0.083360 -7.495006 -0.914460 0.027090 0.403769 72.474733
0.409794 0.079158 0.908737 97.869692 -0.007590 0.996489 -0.083380 -7.547328 -0.912147 0.027271 0.408956 72.763950
0.414983 0.079150 0.906380 98.488707 -0.007909 0.996485 -0.083398 -7.599685 -0.909795 0.027440 0.414151 73.057121
0.420179 0.079147 0.903983 99.106688 -0.008244 0.996481 -0.083413 -7.652077 -0.907404 0.027596 0.419352 73.354288
0.425377 0.079148 0.901548 99.723658 -0.008596 0.996477 -0.083426 -7.704504 -0.904975 0.027738 0.424559 73.655499
0.430578 0.079153 0.899076 100.339643 -0.008963 0.996473 -0.083435 -7.756967 -0.902509 0.027867 0.429768 73.960798
0.435778 0.079162 0.896566 100.954667 -0.009346 0.996469 -0.083440 -7.809465 -0.900006 0.027982 0.434979 74.270233
0.440975 0.079174 0.894020 101.568757 -0.009744 0.996465 -0.083440 -7.861995 -0.897466 0.028084 0.440188 74.583851
0.446169 0.079188 0.891438 102.181938 -0.010157 0.996462 -0.083434 -7.914557 -0.894891 0.028171 0.445395 74.901699
0.451357 0.079206 0.888821 102.794237 -0.010585 0.996458 -0.083423 -7.967148 -0.892281 0.028246 0.450597 75.223827
0.456537 0.079227 0.886170 103.405684 -0.011027 0.996455 -0.083406 -8.019768 -0.889636 0.028307 0.455792 75.550283
0.461707 0.079251 0.883485 104.016308 -0.011482 0.996451 -0.083384 -8.072412 -0.886958 0.028355 0.460979 75.881116
0.466866 0.079277 0.880767 104.626139 -0.011951 0.996448 -0.083355 -8.125081 -0.884247 0.028390 0.466155 76.216376
0.472011 0.079306 0.878018 105.235210 -0.012432 0.996445 -0.083319 -8.177770 -0.881505 0.028412 0.471320 76.556112
0.477142 0.079335 0.875238 105.843556 -0.012926 0.996443 -0.083275 -8.230478 -0.878731 0.028421 0.476470 76.900374
0.482255 0.079366 0.872428 106.451212 -0.013430 0.996440 -0.083224 -8.283201 -0.875928 0.028419 0.481604 77.249212
0.487350 0.079396 0.869590 107.058217 -0.013944 0.996438 -0.083163 -8.335935 -0.873096 0.028404 0.486721 77.602674
0.492424 0.079425 0.866724 107.664611 -0.014467 0.996437 -0.083093 -8.388676 -0.870235 0.028378 0.491818 77.960809
0.497475 0.079452 0.863832 108.270436 -0.014996 0.996436 -0.083012 -8.441418 -0.867349 0.028342 0.496893 78.323665
0.502502 0.079475 0.860916 108.875739 -0.015531 0.996435 -0.082920 -8.494155 -0.864437 0.028296 0.501945 78.691289
0.507502 0.079494 0.857976 109.480568 -0.016070 0.996435 -0.082817 -8.546882 -0.861501 0.028242 0.506970 79.063727
0.512473 0.079506 0.855015 110.084973 -0.016610 0.996436 -0.082701 -8.599592 -0.858543 0.028181 0.511967 79.441022
0.517413 0.079512 0.852034 110.689006 -0.017148 0.996437 -0.082574 -8.652279 -0.855564 0.028114 0.516933 79.823218
0.522320 0.079510 0.849034 111.292721 -0.017685 0.996440 -0.082434 -8.704939 -0.852566 0.028042 0.521867 80.210356
0.527193 0.079499 0.846019 111.896172 -0.018217 0.996443 -0.082283 -8.757564 -0.849550 0.027967 0.526766 80.602477
0.532028 0.079479 0.842988 112.499418 -0.018743 0.996446 -0.082119 -8.810151 -0.846519 0.027889 0.531627 80.999621
0.536824 0.079450 0.839945 113.102513 -0.019263 0.996451 -0.081943 -8.862694 -0.843474 0.027809 0.536449 81.401823
0.541578 0.079411 0.836891 113.705517 -0.019775 0.996456 -0.081755 -8.915189 -0.840418 0.027727 0.541230 81.809120
0.546289 0.079363 0.833828 114.308488 -0.020279 0.996462 -0.081556 -8.967634 -0.837351 0.027644 0.545966 82.221545
0.550953 0.079305 0.830759 114.911484 -0.020774 0.996469 -0.081347 -9.020026 -0.834277 0.027560 0.550656 82.639129
0.555569 0.079237 0.827686 115.514567 -0.021259 0.996477 -0.081126 -9.072364 -0.831198 0.027476 0.555297 83.061898
0.560134 0.079158 0.824611 116.117797 -0.021733 0.996486 -0.080895 -9.124645 -0.828117 0.027391 0.559886 83.489877
0.564646 0.079068 0.821537 116.721236 -0.022195 0.996495 -0.080653 -9.176869 -0.825034 0.027307 0.564422 83.923086
0.569103 0.078968 0.818466 117.324945 -0.022643 0.996505 -0.080401 -9.229037 -0.821954 0.027224 0.568902 84.361544
0.573502 0.078856 0.815400 117.928985 -0.023078 0.996516 -0.080140 -9.281148 -0.818879 0.027142 0.573324 84.805262
0.577840 0.078733 0.812344 118.533418 -0.023497 0.996528 -0.079870 -9.333203 -0.815812 0.027064 0.577684 85.254249
0.582115 0.078598 0.809298 119.138305 -0.023900 0.996541 -0.079592 -9.385203 -0.812755 0.026989 0.581980 85.708509
0.586325 0.078452 0.806268 119.743706 -0.024285 0.996554 -0.079306 -9.437152 -0.809712 0.026919 0.586210 86.168041
0.590467 0.078294 0.803255 120.349683 -0.024653 0.996569 -0.079014 -9.489049 -0.806685 0.026852 0.590371 86.632840
0.594537 0.078124 0.800264 120.956295 -0.025002 0.996584 -0.078715 -9.540899 -0.803679 0.026790 0.594459 87.102895
0.598533 0.077943 0.797297 121.563603 -0.025333 0.996599 -0.078410 -9.592702 -0.800697 0.026733 0.598472 87.578190
0.602452 0.077751 0.794359 122.171666 -0.025644 0.996616 -0.078099 -9.644462 -0.797743 0.026681 0.602407 88.058702
0.606291 0.077546 0.791453 122.780541 -0.025935 0.996633 -0.077783 -9.696182 -0.794820 0.026633 0.606261 88.544402
0.610046 0.077330 0.788583 123.390286 -0.026205 0.996651 -0.077462 -9.747865 -0.791932 0.026590 0.610030 89.035255
0.613716 0.077103 0.785753 124.000957 -0.026456 0.996670 -0.077136 -9.799513 -0.789084 0.026552 0.613711 89.531220
0.617295 0.076864 0.782968 124.612609 -0.026685 0.996689 -0.076806 -9.851128 -0.786279 0.026519 0.617302 90.032246
0.620782 0.076614 0.780231 125.225293 -0.026893 0.996709 -0.076473 -9.902713 -0.783522 0.026490 0.620800 90.538277
0.624174 0.076352 0.777546 125.839061 -0.027080 0.996730 -0.076137 -9.954270 -0.780816 0.026467 0.624200 91.049250
0.627467 0.076081 0.774917 126.453962 -0.027246 0.996751 -0.075798 -10.005801 -0.778166 0.026448 0.627501 91.565093
0.630659 0.075799 0.772350 127.070041 -0.027390 0.996773 -0.075458 -10.057309 -0.775577 0.026434 0.630699 92.085728
0.633746 0.075507 0.769847 127.687344 -0.027513 0.996795 -0.075118 -10.108795 -0.773052 0.026425 0.633792 92.611068
0.636727 0.075207 0.767413 128.305911 -0.027614 0.996818 -0.074777 -10.160262 -0.770595 0.026422 0.636777 93.141021
0.639598 0.074899 0.765052 128.925782 -0.027694 0.996841 -0.074439 -10.211714 -0.768210 0.026423 0.639652 93.675483
0.642358 0.074584 0.762767 129.546990 -0.027753 0.996864 -0.074102 -10.263154 -0.765902 0.026431 0.642414 94.214348
0.645004 0.074263 0.760562 130.169570 -0.027791 0.996888 -0.073770 -10.314585 -0.763674 0.026445 0.645060 94.757498
0.647534 0.073936 0.758442 130.793552 -0.027807 0.996912 -0.073442 -10.366012 -0.761529 0.026466 0.647590 95.304812
0.649945 0.073605 0.756408 131.418962 -0.027804 0.996935 -0.073121 -10.417438 -0.759472 0.026493 0.650000 95.856158
0.652237 0.073271 0.754466 132.045826 -0.027780 0.996959 -0.072805 -10.468868 -0.757506 0.026527 0.652289 96.411403
0.654406 0.072932 0.752618 132.674166 -0.027736 0.996983 -0.072496 -10.520307 -0.755634 0.026567 0.654455 96.970402
0.656453 0.072591 0.750866 133.304000 -0.027674 0.997007 -0.072194 -10.571759 -0.753860 0.026612 0.656496 97.533008
0.658374 0.072249 0.749216 133.935347 -0.027593 0.997030 -0.071899 -10.623229 -0.752185 0.026663 0.658412 98.099067
0.660168 0.071904 0.747668 134.568220 -0.027494 0.997054 -0.071611 -10.674721 -0.750614 0.026719 0.660200 98.668418
0.661835 0.071559 0.746226 135.202631 -0.027378 0.997077 -0.071332 -10.726240 -0.749150 0.026780 0.661859 99.240896
0.663373 0.071213 0.744893 135.838588 -0.027245 0.997100 -0.071061 -10.777788 -0.747793 0.026845 0.663389 99.816330
0.664780 0.070868 0.743670 136.476098 -0.027097 0.997123 -0.070798 -10.829372 -0.746547 0.026914 0.664788 100.394545
0.666057 0.070524 0.742560 137.115164 -0.026934 0.997145 -0.070545 -10.880993 -0.745415 0.026987 0.666055 100.975360
0.667201 0.070183 0.741564 137.755789 -0.026756 0.997167 -0.070301 -10.932658 -0.744397 0.027064 0.667189 101.558593
0.668213 0.069845 0.740684 138.397969 -0.026565 0.997188 -0.070067 -10.984371 -0.743495 0.027143 0.668190 102.144055
0.669092 0.069512 0.739922 139.041701 -0.026362 0.997210 -0.069844 -11.036136 -0.742712 0.027226 0.669057 102.731555
0.669836 0.069184 0.739279 139.686976 -0.026149 0.997230 -0.069631 -11.087958 -0.742048 0.027310 0.669790 103.320901
0.670446 0.068863 0.738755 140.333785 -0.025926 0.997250 -0.069429 -11.139842 -0.741505 0.027395 0.670388 103.911896
0.670922 0.068550 0.738353 140.982114 -0.025696 0.997269 -0.069239 -11.191792 -0.741083 0.027481 0.670851 104.504343
0.671262 0.068246 0.738072 141.631948 -0.025459 0.997288 -0.069060 -11.243814 -0.740783 0.027566 0.671179 105.098042
0.671467 0.067952 0.737912 142.283270 -0.025218 0.997305 -0.068892 -11.295911 -0.740605 0.027650 0.671372 105.692792
0.671537 0.067670 0.737875 142.936061 -0.024973 0.997322 -0.068736 -11.348087 -0.740550 0.027732 0.671429 106.288389
0.671471 0.067398 0.737959 143.590299 -0.024724 0.997338 -0.068591 -11.400347 -0.740618 0.027811 0.671350 106.884630
0.671270 0.067138 0.738166 144.245963 -0.024473 0.997354 -0.068457 -11.452693 -0.740809 0.027888 0.671137 107.481307
0.670933 0.066889 0.738495 144.903028 -0.024219 0.997369 -0.068333 -11.505130 -0.741122 0.027961 0.670788 108.078216
0.670461 0.066652 0.738945 145.561469 -0.023964 0.997382 -0.068221 -11.557658 -0.741557 0.028032 0.670304 108.675149
0.669855 0.066428 0.739515 146.221256 -0.023706 0.997396 -0.068119 -11.610280 -0.742114 0.028099 0.669685 109.271898
0.669114 0.066216 0.740204 146.882360 -0.023448 0.997408 -0.068029 -11.662998 -0.742790 0.028163 0.668932 109.868257
0.668239 0.066018 0.741012 147.544749 -0.023188 0.997419 -0.067951 -11.715812 -0.743586 0.028225 0.668045 110.464019
0.667230 0.065834 0.741936 148.208386 -0.022928 0.997430 -0.067885 -11.768724 -0.744498 0.028284 0.667025 111.058978
0.666090 0.065664 0.742976 148.873237 -0.022669 0.997439 -0.067831 -11.821734 -0.745527 0.028339 0.665872 111.652931
0.664817 0.065509 0.744128 149.539264 -0.022411 0.997448 -0.067788 -11.874844 -0.746670 0.028390 0.664589 112.245674
0.663414 0.065368 0.745392 150.206426 -0.022154 0.997456 -0.067755 -11.928052 -0.747925 0.028436 0.663174 112.837007
0.661881 0.065241 0.746765 150.874683 -0.021900 0.997463 -0.067732 -11.981358 -0.749289 0.028476 0.661631 113.426731
0.660220 0.065128 0.748243 151.543991 -0.021649 0.997470 -0.067719 -12.034759 -0.750760 0.028510 0.659959 114.014650
0.658432 0.065031 0.749825 152.214308 -0.021402 0.997475 -0.067715 -12.088255 -0.752336 0.028538 0.658162 114.600572
0.656520 0.064947 0.751507 152.885587 -0.021158 0.997480 -0.067721 -12.141842 -0.754012 0.028560 0.656240 115.184305
0.654485 0.064878 0.753286 153.557782 -0.020918 0.997484 -0.067736 -12.195517 -0.755786 0.028575 0.654195 115.765665
0.652329 0.064824 0.755159 154.230845 -0.020682 0.997487 -0.067760 -12.249279 -0.757654 0.028584 0.652031 116.344469
0.650055 0.064785 0.757120 154.904729 -0.020451 0.997490 -0.067794 -12.303123 -0.759612 0.028586 0.649748 116.920540
0.647665 0.064761 0.759168 155.579386 -0.020223 0.997491 -0.067838 -12.357048 -0.761656 0.028583 0.647350 117.493706
0.645163 0.064751 0.761297 156.254766 -0.020000 0.997492 -0.067891 -12.411051 -0.763783 0.028575 0.644840 118.063798
0.642550 0.064756 0.763503 156.930823 -0.019781 0.997492 -0.067954 -12.465129 -0.765989 0.028561 0.642219 118.630655
0.639829 0.064775 0.765782 157.607509 -0.019566 0.997492 -0.068027 -12.519280 -0.768268 0.028543 0.639492 119.194122
0.637004 0.064808 0.768131 158.284779 -0.019354 0.997490 -0.068110 -12.573501 -0.770617 0.028520 0.636660 119.754049
0.634078 0.064855 0.770544 158.962589 -0.019145 0.997488 -0.068202 -12.627791 -0.773032 0.028493 0.633727 120.310292
0.631053 0.064916 0.773018 159.640894 -0.018940 0.997485 -0.068304 -12.682148 -0.775508 0.028463 0.630696 120.862715
0.627933 0.064990 0.775549 160.319652 -0.018737 0.997481 -0.068416 -12.736568 -0.778041 0.028429 0.627569 121.411185
0.624721 0.065077 0.778131 160.998823 -0.018539 0.997476 -0.068537 -12.791052 -0.780628 0.028391 0.624351 121.955581
0.621420 0.065176 0.780762 161.678369 -0.018343 0.997471 -0.068667 -12.845596 -0.783263 0.028350 0.621043 122.495784
0.618032 0.065289 0.783438 162.358256 -0.018151 0.997465 -0.068806 -12.900199 -0.785944 0.028304 0.617650 123.031685
0.614560 0.065413 0.786153 163.038449 -0.017963 0.997458 -0.068953 -12.954859 -0.788665 0.028254 0.614173 123.563178
0.611008 0.065549 0.788906 163.718919 -0.017778 0.997451 -0.069107 -13.009573 -0.791425 0.028200 0.610616 124.090168
0.607379 0.065696 0.791691 164.399639 -0.017597 0.997443 -0.069269 -13.064341 -0.794218 0.028141 0.606982 124.612561
0.603674 0.065855 0.794506 165.080586 -0.017420 0.997434 -0.069439 -13.119160 -0.797041 0.028078 0.603273 125.130274
0.599898 0.066025 0.797347 165.761737 -0.017246 0.997425 -0.069617 -13.174030 -0.799890 0.028012 0.599492 125.643227
0.596053 0.066206 0.800211 166.443075 -0.017075 0.997415 -0.069803 -13.228949 -0.802763 0.027943 0.595643 126.151348
0.592142 0.066398 0.803094 167.124587 -0.016906 0.997404 -0.069998 -13.283917 -0.805656 0.027871 0.591727 126.654570
0.588167 0.066601 0.805992 167.806262 -0.016740 0.997392 -0.070201 -13.338934 -0.808566 0.027797 0.587748 127.152832
0.584131 0.066816 0.808905 168.488092 -0.016576 0.997380 -0.070413 -13.394001 -0.811490 0.027722 0.583708 127.646082
0.580037 0.067041 0.811827 169.170074 -0.016415 0.997367 -0.070635 -13.449119 -0.814425 0.027645 0.579610 128.134270
0.575887 0.067278 0.814757 169.852210 -0.016255 0.997353 -0.070866 -13.504291 -0.817368 0.027567 0.575456 128.617356
0.571683 0.067526 0.817691 170.534505 -0.016098 0.997339 -0.071107 -13.559517 -0.820317 0.027487 0.571249 129.095301
0.567429 0.067785 0.820628 171.216968 -0.015943 0.997323 -0.071357 -13.614802 -0.823268 0.027407 0.566991 129.568076
