0.999988 -0.004072 0.002578 0.001043 0.004077 0.999990 -0.001591 -0.086533 -0.002571 0.001601 0.999995 5.946172
0.999989 -0.004012 0.002605 0.001213 0.004016 0.999991 -0.001602 -0.097561 -0.002598 0.001612 0.999995 6.689638
0.999989 -0.003949 0.002631 0.001402 0.003954 0.999991 -0.001612 -0.109321 -0.002624 0.001623 0.999995 7.479748
0.999989 -0.003886 0.002655 0.001609 0.003890 0.999991 -0.001622 -0.121833 -0.002649 0.001633 0.999995 8.317462
0.999989 -0.003820 0.002677 0.001835 0.003824 0.999991 -0.001631 -0.135115 -0.002671 0.001641 0.999995 9.203669
0.999989 -0.003752 0.002697 0.002080 0.003757 0.999992 -0.001637 -0.149183 -0.002690 0.001647 0.999995 10.139195
0.999990 -0.003684 0.002714 0.002344 0.003688 0.999992 -0.001641 -0.164051 -0.002708 0.001651 0.999995 11.124794
0.999990 -0.003615 0.002728 0.002629 0.003619 0.999992 -0.001644 -0.179734 -0.002722 0.001654 0.999995 12.161154
0.999990 -0.003546 0.002740 0.002936 0.003551 0.999992 -0.001646 -0.196244 -0.002734 0.001656 0.999995 13.248893
0.999990 -0.003476 0.002749 0.003263 0.003481 0.999993 -0.001648 -0.213592 -0.002744 0.001658 0.999995 14.388558
0.999990 -0.003406 0.002756 0.003610 0.003410 0.999993 -0.001650 -0.231788 -0.002750 0.001659 0.999995 15.580629
0.999991 -0.003334 0.002760 0.003974 0.003338 0.999993 -0.001651 -0.250842 -0.002755 0.001661 0.999995 16.825512
0.999991 -0.003260 0.002761 0.004354 0.003264 0.999993 -0.001652 -0.270760 -0.002756 0.001661 0.999995 18.123546
0.999991 -0.003183 0.002760 0.004747 0.003188 0.999994 -0.001650 -0.291548 -0.002754 0.001659 0.999995 19.474995
0.999991 -0.003081 0.002766 0.005124 0.003085 0.999994 -0.001651 -0.310336 -0.002760 0.001659 0.999995 20.677630
0.999992 -0.002970 0.002768 0.005502 0.002974 0.999994 -0.001648 -0.329613 -0.002763 0.001656 0.999995 21.907545
0.999992 -0.002851 0.002766 0.005878 0.002855 0.999995 -0.001642 -0.349347 -0.002761 0.001650 0.999995 23.162930
0.999992 -0.002723 0.002759 0.006245 0.002727 0.999995 -0.001632 -0.369510 -0.002754 0.001640 0.999995 24.441966
0.999993 -0.002586 0.002748 0.006598 0.002590 0.999995 -0.001619 -0.390070 -0.002743 0.001626 0.999995 25.742822
0.999993 -0.002441 0.002732 0.006931 0.002446 0.999996 -0.001602 -0.410996 -0.002728 0.001609 0.999995 27.063653
0.999994 -0.002290 0.002710 0.007239 0.002294 0.999996 -0.001580 -0.432255 -0.002706 0.001587 0.999995 28.402601
0.999994 -0.002133 0.002683 0.007517 0.002137 0.999997 -0.001554 -0.453814 -0.002680 0.001560 0.999995 29.757795
0.999995 -0.001969 0.002650 0.007756 0.001973 0.999997 -0.001522 -0.475638 -0.002647 0.001528 0.999995 31.127353
0.999995 -0.001801 0.002612 0.007951 0.001804 0.999997 -0.001485 -0.497694 -0.002609 0.001490 0.999995 32.509379
0.999995 -0.001626 0.002567 0.008091 0.001630 0.999998 -0.001442 -0.519946 -0.002564 0.001446 0.999996 33.901960
0.999996 -0.001447 0.002516 0.008167 0.001450 0.999998 -0.001394 -0.542356 -0.002514 0.001397 0.999996 35.303173
0.999996 -0.001260 0.002459 0.008171 0.001264 0.999998 -0.001339 -0.564887 -0.002458 0.001342 0.999996 36.711078
0.999997 -0.001068 0.002397 0.008091 0.001071 0.999999 -0.001278 -0.587504 -0.002396 0.001281 0.999996 38.123722
0.999997 -0.000871 0.002329 0.007918 0.000873 0.999999 -0.001211 -0.610256 -0.002328 0.001213 0.999997 39.545407
0.999997 -0.000669 0.002256 0.007643 0.000672 0.999999 -0.001138 -0.633120 -0.002255 0.001139 0.999997 40.975121
0.999998 -0.000464 0.002178 0.007254 0.000466 0.999999 -0.001058 -0.656071 -0.002177 0.001059 0.999997 42.411914
0.999998 -0.000255 0.002095 0.006742 0.000257 0.999999 -0.000973 -0.679086 -0.002094 0.000973 0.999997 43.854888
0.999998 -0.000043 0.002008 0.006092 0.000045 1.000000 -0.000882 -0.702147 -0.002008 0.000882 0.999998 45.303205
0.999998 0.000174 0.001918 0.005293 -0.000172 1.000000 -0.000787 -0.725235 -0.001918 0.000787 0.999998 46.756086
0.999998 0.000396 0.001825 0.004328 -0.000395 1.000000 -0.000687 -0.748333 -0.001825 0.000686 0.999998 48.212814
0.999998 0.000625 0.001730 0.003184 -0.000624 1.000000 -0.000581 -0.771423 -0.001731 0.000580 0.999998 49.672730
0.999998 0.000860 0.001633 0.001846 -0.000859 1.000000 -0.000469 -0.794492 -0.001634 0.000468 0.999999 51.135240
0.999998 0.001102 0.001535 0.000301 -0.001101 0.999999 -0.000351 -0.817524 -0.001535 0.000349 0.999999 52.599808
0.999998 0.001350 0.001436 -0.001464 -0.001349 0.999999 -0.000228 -0.840506 -0.001436 0.000226 0.999999 54.065965
0.999998 0.001603 0.001336 -0.003461 -0.001603 0.999999 -0.000100 -0.863429 -0.001336 0.000097 0.999999 55.533303
0.999998 0.001859 0.001237 -0.005701 -0.001860 0.999998 0.000032 -0.886282 -0.001236 -0.000035 0.999999 57.001482
0.999997 0.002118 0.001138 -0.008196 -0.002118 0.999998 0.000167 -0.909060 -0.001138 -0.000169 0.999999 58.470224
0.999997 0.002376 0.001041 -0.010958 -0.002376 0.999997 0.000302 -0.931761 -0.001040 -0.000305 0.999999 59.939325
0.999996 0.002631 0.000945 -0.013998 -0.002632 0.999996 0.000439 -0.954384 -0.000944 -0.000441 0.999999 61.408575
0.999995 0.002882 0.000851 -0.017326 -0.002882 0.999996 0.000576 -0.976928 -0.000849 -0.000579 0.999999 62.877767
0.999995 0.003126 0.000759 -0.020954 -0.003126 0.999995 0.000713 -0.999390 -0.000757 -0.000715 0.999999 64.346695
0.999994 0.003363 0.000670 -0.024895 -0.003364 0.999994 0.000849 -1.021772 -0.000667 -0.000851 0.999999 65.815156
0.999993 0.003595 0.000584 -0.029159 -0.003595 0.999993 0.000983 -1.044073 -0.000580 -0.000985 0.999999 67.282949
0.999993 0.003819 0.000501 -0.033760 -0.003820 0.999992 0.001114 -1.066294 -0.000497 -0.001116 0.999999 68.749879
0.999992 0.004037 0.000422 -0.038705 -0.004037 0.999991 0.001243 -1.088436 -0.000417 -0.001244 0.999999 70.215755
0.999991 0.004247 0.000348 -0.044006 -0.004248 0.999990 0.001368 -1.110501 -0.000342 -0.001370 0.999999 71.680391
0.999990 0.004450 0.000279 -0.049668 -0.004450 0.999989 0.001489 -1.132492 -0.000272 -0.001491 0.999999 73.143610
0.999989 0.004645 0.000216 -0.055698 -0.004645 0.999988 0.001606 -1.154413 -0.000208 -0.001607 0.999999 74.605242
0.999988 0.004832 0.000159 -0.062100 -0.004832 0.999987 0.001718 -1.176268 -0.000151 -0.001719 0.999999 76.065125
0.999987 0.005012 0.000110 -0.068878 -0.005012 0.999986 0.001824 -1.198064 -0.000100 -0.001824 0.999998 77.523108
0.999987 0.005186 0.000068 -0.076031 -0.005186 0.999985 0.001923 -1.219807 -0.000058 -0.001923 0.999998 78.979047
0.999986 0.005354 0.000035 -0.083560 -0.005354 0.999984 0.002016 -1.241506 -0.000024 -0.002016 0.999998 80.432814
0.999985 0.005516 0.000012 -0.091460 -0.005516 0.999983 0.002102 -1.263170 -0.000000 -0.002102 0.999998 81.884288
0.999984 0.005673 -0.000002 -0.099724 -0.005673 0.999982 0.002181 -1.284807 0.000014 -0.002181 0.999998 83.333361
0.999983 0.005824 -0.000005 -0.108342 -0.005824 0.999981 0.002254 -1.306427 0.000018 -0.002254 0.999997 84.779938
0.999982 0.005967 0.000003 -0.117300 -0.005967 0.999980 0.002321 -1.328039 0.000011 -0.002321 0.999997 86.223935
0.999981 0.006102 0.000022 -0.126583 -0.006102 0.999979 0.002382 -1.349653 -0.000008 -0.002382 0.999997 87.665279
0.999981 0.006225 0.000053 -0.136173 -0.006225 0.999978 0.002436 -1.371282 -0.000038 -0.002436 0.999997 89.103907
0.999980 0.006337 0.000097 -0.146050 -0.006337 0.999977 0.002483 -1.392935 -0.000081 -0.002483 0.999997 90.539768
0.999979 0.006434 0.000153 -0.156192 -0.006434 0.999976 0.002523 -1.414627 -0.000137 -0.002524 0.999997 91.972823
0.999979 0.006517 0.000222 -0.166577 -0.006517 0.999975 0.002557 -1.436369 -0.000206 -0.002558 0.999997 93.403042
0.999978 0.006584 0.000306 -0.177182 -0.006585 0.999975 0.002584 -1.458176 -0.000289 -0.002586 0.999997 94.830406
0.999978 0.006638 0.000403 -0.187982 -0.006639 0.999975 0.002606 -1.480060 -0.000385 -0.002609 0.999997 96.254906
0.999978 0.006678 0.000514 -0.198950 -0.006680 0.999974 0.002623 -1.502032 -0.000497 -0.002626 0.999996 97.676538
0.999977 0.006707 0.000640 -0.210057 -0.006709 0.999974 0.002634 -1.524104 -0.000622 -0.002639 0.999996 99.095310
0.999977 0.006725 0.000780 -0.221272 -0.006727 0.999974 0.002641 -1.546285 -0.000763 -0.002646 0.999996 100.511240
0.999977 0.006733 0.000935 -0.232564 -0.006736 0.999974 0.002644 -1.568588 -0.000917 -0.002650 0.999996 101.924352
0.999977 0.006731 0.001105 -0.243900 -0.006734 0.999974 0.002643 -1.591024 -0.001087 -0.002651 0.999996 103.334682
0.999977 0.006719 0.001288 -0.255247 -0.006722 0.999974 0.002640 -1.613605 -0.001271 -0.002648 0.999996 104.742270
0.999976 0.006694 0.001486 -0.266573 -0.006698 0.999974 0.002634 -1.636343 -0.001469 -0.002643 0.999995 106.147162
0.999976 0.006657 0.001697 -0.277844 -0.006662 0.999974 0.002624 -1.659253 -0.001680 -0.002635 0.999995 107.549409
0.999976 0.006606 0.001920 -0.289031 -0.006611 0.999975 0.002612 -1.682350 -0.001903 -0.002624 0.999995 108.949070
0.999976 0.006540 0.002155 -0.300099 -0.006546 0.999975 0.002597 -1.705645 -0.002138 -0.002611 0.999994 110.346199
0.999976 0.006456 0.002400 -0.311015 -0.006462 0.999976 0.002579 -1.729150 -0.002383 -0.002595 0.999994 111.740856
0.999976 0.006353 0.002653 -0.321747 -0.006359 0.999977 0.002560 -1.752875 -0.002636 -0.002577 0.999993 113.133099
0.999976 0.006227 0.002913 -0.332263 -0.006234 0.999977 0.002541 -1.776830 -0.002897 -0.002559 0.999993 114.522986
0.999976 0.006075 0.003177 -0.342534 -0.006083 0.999978 0.002521 -1.801019 -0.003162 -0.002540 0.999992 115.910576
0.999977 0.005896 0.003445 -0.352529 -0.005904 0.999979 0.002502 -1.825446 -0.003430 -0.002523 0.999991 117.295924
0.999977 0.005686 0.003712 -0.362223 -0.005695 0.999981 0.002484 -1.850113 -0.003698 -0.002505 0.999990 118.679086
0.999977 0.005444 0.003978 -0.371592 -0.005453 0.999982 0.002467 -1.875021 -0.003964 -0.002489 0.999989 120.060115
0.999978 0.005167 0.004240 -0.380617 -0.005178 0.999984 0.002450 -1.900169 -0.004227 -0.002472 0.999988 121.439061
0.999978 0.004856 0.004496 -0.389280 -0.004867 0.999985 0.002434 -1.925556 -0.004484 -0.002456 0.999987 122.815971
0.999979 0.004510 0.004744 -0.397567 -0.004522 0.999987 0.002418 -1.951176 -0.004733 -0.002439 0.999986 124.190892
0.999979 0.004129 0.004982 -0.405465 -0.004141 0.999989 0.002401 -1.977024 -0.004972 -0.002422 0.999985 125.563867
0.999980 0.003715 0.005208 -0.412961 -0.003727 0.999990 0.002384 -2.003093 -0.005199 -0.002404 0.999984 126.934937
0.999980 0.003268 0.005422 -0.420048 -0.003281 0.999992 0.002367 -2.029375 -0.005414 -0.002384 0.999983 128.304140
0.999980 0.002791 0.005621 -0.426716 -0.002804 0.999993 0.002348 -2.055860 -0.005615 -0.002364 0.999981 129.671515
0.999981 0.002283 0.005805 -0.432957 -0.002296 0.999995 0.002328 -2.082534 -0.005800 -0.002341 0.999980 131.037093
0.999981 0.001745 0.005973 -0.438765 -0.001758 0.999996 0.002305 -2.109384 -0.005969 -0.002316 0.999980 132.400907
0.999981 0.001177 0.006122 -0.444133 -0.001191 0.999997 0.002281 -2.136396 -0.006119 -0.002288 0.999979 133.762990
0.999980 0.000579 0.006253 -0.449060 -0.000593 0.999997 0.002254 -2.163557 -0.006252 -0.002257 0.999978 135.123371
0.999980 -0.000046 0.006364 -0.453545 0.000032 0.999998 0.002224 -2.190848 -0.006364 -0.002223 0.999977 136.482079
0.999979 -0.000696 0.006456 -0.457591 0.000682 0.999997 0.002190 -2.218255 -0.006458 -0.002185 0.999977 137.839141
0.999978 -0.001366 0.006529 -0.461203 0.001352 0.999997 0.002152 -2.245760 -0.006532 -0.002143 0.999976 139.194582
0.999976 -0.002054 0.006582 -0.464381 0.002040 0.999996 0.002109 -2.273345 -0.006586 -0.002096 0.999976 140.548425
0.999974 -0.002754 0.006616 -0.467129 0.002740 0.999994 0.002062 -2.300989 -0.006622 -0.002044 0.999976 141.900695
0.999972 -0.003462 0.006631 -0.469446 0.003449 0.999992 0.002012 -2.328671 -0.006638 -0.001989 0.999976 143.251417
0.999969 -0.004175 0.006629 -0.471331 0.004162 0.999989 0.001960 -2.356368 -0.006637 -0.001932 0.999976 144.600616
0.999966 -0.004887 0.006608 -0.472785 0.004874 0.999986 0.001905 -2.384055 -0.006618 -0.001872 0.999976 145.948319
0.999963 -0.005593 0.006571 -0.473814 0.005581 0.999983 0.001847 -2.411712 -0.006581 -0.001810 0.999977 147.294559
0.999959 -0.006287 0.006518 -0.474424 0.006276 0.999979 0.001786 -2.439319 -0.006529 -0.001745 0.999977 148.639374
0.999955 -0.006963 0.006451 -0.474622 0.006953 0.999974 0.001722 -2.466859 -0.006462 -0.001677 0.999978 149.982807
0.999951 -0.007616 0.006370 -0.474417 0.007605 0.999970 0.001653 -2.494316 -0.006382 -0.001605 0.999978 151.324905
0.999946 -0.008238 0.006277 -0.473821 0.008228 0.999965 0.001579 -2.521678 -0.006289 -0.001527 0.999979 152.665720
0.999942 -0.008823 0.006173 -0.472846 0.008814 0.999960 0.001499 -2.548936 -0.006186 -0.001445 0.999980 154.005311
0.999938 -0.009367 0.006061 -0.471505 0.009359 0.999955 0.001414 -2.576081 -0.006074 -0.001357 0.999981 155.343744
0.999934 -0.009864 0.005941 -0.469812 0.009857 0.999951 0.001323 -2.603107 -0.005954 -0.001264 0.999981 156.681085
0.999930 -0.010310 0.005816 -0.467778 0.010303 0.999946 0.001226 -2.630007 -0.005828 -0.001166 0.999982 158.017407
0.999927 -0.010702 0.005686 -0.465414 0.010696 0.999942 0.001126 -2.656776 -0.005697 -0.001065 0.999983 159.352791
0.999924 -0.011036 0.005553 -0.462735 0.011031 0.999939 0.001022 -2.683412 -0.005564 -0.000960 0.999984 160.687319
0.999921 -0.011312 0.005419 -0.459759 0.011308 0.999936 0.000915 -2.709913 -0.005429 -0.000854 0.999985 162.021080
0.999920 -0.011529 0.005284 -0.456503 0.011525 0.999933 0.000808 -2.736279 -0.005293 -0.000747 0.999986 163.354165
0.999918 -0.011687 0.005149 -0.452989 0.011683 0.999932 0.000699 -2.762511 -0.005157 -0.000638 0.999987 164.686669
0.999918 -0.011783 0.005015 -0.449239 0.011781 0.999930 0.000589 -2.788616 -0.005021 -0.000530 0.999987 166.018693
0.999918 -0.011819 0.004882 -0.445278 0.011816 0.999930 0.000478 -2.814603 -0.004887 -0.000420 0.999988 167.350339
0.999919 -0.011791 0.004751 -0.441134 0.011790 0.999930 0.000368 -2.840483 -0.004755 -0.000312 0.999989 168.681717
0.999921 -0.011700 0.004623 -0.436835 0.011699 0.999932 0.000259 -2.866269 -0.004626 -0.000205 0.999989 170.012935
0.999923 -0.011546 0.004499 -0.432405 0.011545 0.999933 0.000152 -2.891975 -0.004501 -0.000100 0.999990 171.344109
0.999926 -0.011330 0.004380 -0.427871 0.011330 0.999936 0.000049 -2.917616 -0.004380 0.000001 0.999990 172.675353
0.999930 -0.011057 0.004264 -0.423256 0.011057 0.999939 -0.000050 -2.943210 -0.004264 0.000097 0.999991 174.006787
0.999934 -0.010731 0.004153 -0.418588 0.010732 0.999942 -0.000144 -2.968774 -0.004152 0.000189 0.999991 175.338530
0.999938 -0.010356 0.004047 -0.413893 0.010357 0.999946 -0.000233 -2.994325 -0.004044 0.000275 0.999992 176.670704
0.999943 -0.009935 0.003944 -0.409201 0.009937 0.999951 -0.000318 -3.019882 -0.003941 0.000358 0.999992 178.003430
0.999948 -0.009474 0.003845 -0.404542 0.009475 0.999955 -0.000401 -3.045465 -0.003841 0.000437 0.999993 179.336829
0.999953 -0.008974 0.003751 -0.399948 0.008975 0.999960 -0.000481 -3.071095 -0.003746 0.000514 0.999993 180.671023
0.999958 -0.008439 0.003660 -0.395449 0.008441 0.999964 -0.000559 -3.096791 -0.003655 0.000589 0.999993 182.006134
0.999963 -0.007875 0.003573 -0.391074 0.007877 0.999969 -0.000634 -3.122571 -0.003568 0.000662 0.999993 183.342279
0.999967 -0.007283 0.003489 -0.386849 0.007286 0.999973 -0.000708 -3.148452 -0.003484 0.000734 0.999994 184.679575
0.999972 -0.006669 0.003409 -0.382798 0.006672 0.999977 -0.000780 -3.174446 -0.003404 0.000803 0.999994 186.018133
0.999976 -0.006037 0.003332 -0.378944 0.006040 0.999981 -0.000848 -3.200566 -0.003327 0.000868 0.999994 187.358068
0.999980 -0.005391 0.003258 -0.375305 0.005394 0.999985 -0.000910 -3.226818 -0.003253 0.000928 0.999994 188.699486
0.999984 -0.004737 0.003186 -0.371895 0.004741 0.999988 -0.000968 -3.253206 -0.003181 0.000983 0.999994 190.042491
0.999987 -0.004082 0.003117 -0.368726 0.004085 0.999991 -0.001019 -3.279736 -0.003113 0.001032 0.999995 191.387186
0.999989 -0.003430 0.003050 -0.365808 0.003434 0.999994 -0.001066 -3.306412 -0.003046 0.001076 0.999995 192.733670
0.999992 -0.002786 0.002984 -0.363153 0.002790 0.999995 -0.001107 -3.333238 -0.002981 0.001115 0.999995 194.082039
0.999993 -0.002153 0.002920 -0.360771 0.002156 0.999997 -0.001143 -3.360221 -0.002917 0.001149 0.999995 195.432385
0.999995 -0.001533 0.002857 -0.358666 0.001536 0.999998 -0.001176 -3.387364 -0.002855 0.001180 0.999995 196.784797
0.999996 -0.000928 0.002796 -0.356840 0.000931 0.999999 -0.001205 -3.414671 -0.002795 0.001208 0.999995 198.139358
0.999996 -0.000340 0.002737 -0.355291 0.000343 0.999999 -0.001232 -3.442142 -0.002737 0.001233 0.999995 199.496150
0.999996 0.000231 0.002680 -0.354014 -0.000227 0.999999 -0.001257 -3.469778 -0.002680 0.001256 0.999996 200.855253
0.999996 0.000782 0.002625 -0.353001 -0.000778 0.999999 -0.001278 -3.497572 -0.002626 0.001276 0.999996 202.216740
0.999996 0.001312 0.002573 -0.352239 -0.001309 0.999998 -0.001297 -3.525518 -0.002575 0.001293 0.999996 203.580681
0.999995 0.001819 0.002524 -0.351714 -0.001815 0.999997 -0.001312 -3.553605 -0.002527 0.001308 0.999996 204.947142
0.999994 0.002300 0.002477 -0.351410 -0.002297 0.999996 -0.001326 -3.581822 -0.002480 0.001320 0.999996 206.316183
0.999993 0.002755 0.002433 -0.351310 -0.002752 0.999995 -0.001338 -3.610155 -0.002437 0.001331 0.999996 207.687862
0.999992 0.003184 0.002391 -0.351397 -0.003180 0.999994 -0.001349 -3.638591 -0.002395 0.001342 0.999996 209.062233
0.999991 0.003586 0.002351 -0.351654 -0.003582 0.999993 -0.001360 -3.667114 -0.002356 0.001352 0.999996 210.439345
0.999989 0.003962 0.002314 -0.352060 -0.003958 0.999991 -0.001371 -3.695712 -0.002319 0.001362 0.999996 211.819245
0.999988 0.004312 0.002280 -0.352596 -0.004309 0.999990 -0.001380 -3.724371 -0.002286 0.001370 0.999996 213.201979
0.999987 0.004637 0.002249 -0.353240 -0.004634 0.999988 -0.001388 -3.753078 -0.002255 0.001377 0.999997 214.587587
0.999985 0.004937 0.002222 -0.353970 -0.004934 0.999987 -0.001392 -3.781820 -0.002228 0.001381 0.999997 215.976111
0.999984 0.005212 0.002198 -0.354765 -0.005209 0.999985 -0.001394 -3.810588 -0.002205 0.001382 0.999997 217.367586
0.999983 0.005463 0.002179 -0.355601 -0.005460 0.999984 -0.001391 -3.839372 -0.002187 0.001380 0.999997 218.762048
0.999981 0.005688 0.002165 -0.356458 -0.005685 0.999983 -0.001385 -3.868165 -0.002173 0.001372 0.999997 220.159531
0.999980 0.005886 0.002156 -0.357313 -0.005883 0.999982 -0.001373 -3.896961 -0.002164 0.001360 0.999997 221.560068
0.999979 0.006058 0.002153 -0.358142 -0.006055 0.999981 -0.001356 -3.925755 -0.002161 0.001343 0.999997 222.963687
0.999978 0.006203 0.002157 -0.358927 -0.006200 0.999980 -0.001335 -3.954547 -0.002165 0.001321 0.999997 224.370416
0.999978 0.006321 0.002167 -0.359650 -0.006318 0.999979 -0.001310 -3.983339 -0.002175 0.001297 0.999997 225.780282
0.999977 0.006415 0.002185 -0.360293 -0.006412 0.999979 -0.001284 -4.012137 -0.002193 0.001270 0.999997 227.193309
0.999977 0.006487 0.002211 -0.360843 -0.006484 0.999978 -0.001254 -4.040942 -0.002219 0.001240 0.999997 228.609520
0.999976 0.006539 0.002246 -0.361283 -0.006536 0.999978 -0.001221 -4.069760 -0.002254 0.001207 0.999997 230.028936
0.999976 0.006571 0.002291 -0.361598 -0.006569 0.999978 -0.001186 -4.098595 -0.002298 0.001171 0.999997 231.451577
0.999976 0.006585 0.002344 -0.361771 -0.006582 0.999978 -0.001147 -4.127450 -0.002352 0.001131 0.999997 232.877462
0.999975 0.006579 0.002408 -0.361788 -0.006577 0.999978 -0.001105 -4.156330 -0.002415 0.001089 0.999996 234.306609
0.999975 0.006555 0.002481 -0.361637 -0.006552 0.999978 -0.001061 -4.185240 -0.002488 0.001044 0.999996 235.739036
0.999976 0.006512 0.002563 -0.361306 -0.006509 0.999978 -0.001014 -4.214190 -0.002570 0.000997 0.999996 237.174760
0.999976 0.006449 0.002656 -0.360785 -0.006446 0.999979 -0.000964 -4.243190 -0.002662 0.000947 0.999996 238.613799
0.999976 0.006367 0.002757 -0.360066 -0.006364 0.999979 -0.000913 -4.272253 -0.002763 0.000895 0.999996 240.056172
0.999976 0.006265 0.002868 -0.359143 -0.006263 0.999980 -0.000860 -4.301394 -0.002873 0.000842 0.999996 241.501897
0.999977 0.006145 0.002988 -0.358008 -0.006142 0.999981 -0.000806 -4.330629 -0.002992 0.000787 0.999995 242.950998
0.999977 0.006007 0.003116 -0.356660 -0.006005 0.999982 -0.000751 -4.359975 -0.003121 0.000732 0.999995 244.403496
0.999978 0.005853 0.003254 -0.355093 -0.005850 0.999983 -0.000696 -4.389454 -0.003258 0.000677 0.999994 245.859417
0.999978 0.005683 0.003402 -0.353307 -0.005680 0.999984 -0.000640 -4.419083 -0.003405 0.000620 0.999994 247.318790
0.999979 0.005498 0.003558 -0.351297 -0.005496 0.999985 -0.000584 -4.448885 -0.003561 0.000565 0.999994 248.781643
0.999979 0.005300 0.003723 -0.349062 -0.005298 0.999986 -0.000531 -4.478876 -0.003725 0.000511 0.999993 250.248011
0.999979 0.005090 0.003896 -0.346601 -0.005088 0.999987 -0.000479 -4.509076 -0.003898 0.000460 0.999992 251.717927
0.999980 0.004870 0.004077 -0.343913 -0.004868 0.999988 -0.000432 -4.539503 -0.004079 0.000412 0.999992 253.191430
0.999980 0.004639 0.004265 -0.340996 -0.004637 0.999989 -0.000389 -4.570172 -0.004267 0.000369 0.999991 254.668562
0.999980 0.004399 0.004459 -0.337850 -0.004398 0.999990 -0.000351 -4.601095 -0.004461 0.000331 0.999990 256.149368
0.999981 0.004150 0.004658 -0.334476 -0.004149 0.999991 -0.000318 -4.632286 -0.004660 0.000299 0.999989 257.633895
0.999981 0.003893 0.004861 -0.330874 -0.003891 0.999992 -0.000292 -4.663755 -0.004863 0.000273 0.999988 259.122195
0.999981 0.003627 0.005067 -0.327045 -0.003626 0.999993 -0.000272 -4.695509 -0.005068 0.000253 0.999987 260.614322
0.999980 0.003354 0.005275 -0.322991 -0.003353 0.999994 -0.000258 -4.727554 -0.005276 0.000241 0.999986 262.110337
0.999980 0.003075 0.005482 -0.318716 -0.003074 0.999995 -0.000252 -4.759894 -0.005483 0.000235 0.999985 263.610301
0.999980 0.002791 0.005689 -0.314223 -0.002789 0.999996 -0.000252 -4.792531 -0.005690 0.000236 0.999984 265.114279
0.999980 0.002500 0.005893 -0.309519 -0.002499 0.999997 -0.000258 -4.825469 -0.005893 0.000243 0.999983 266.622340
0.999979 0.002205 0.006093 -0.304610 -0.002203 0.999998 -0.000271 -4.858710 -0.006093 0.000258 0.999981 268.134557
0.999978 0.001904 0.006288 -0.299505 -0.001902 0.999998 -0.000291 -4.892255 -0.006288 0.000279 0.999980 269.651006
0.999978 0.001599 0.006477 -0.294213 -0.001597 0.999999 -0.000317 -4.926105 -0.006477 0.000307 0.999979 271.171766
0.999977 0.001291 0.006659 -0.288745 -0.001289 0.999999 -0.000349 -4.960259 -0.006659 0.000340 0.999978 272.696919
0.999976 0.000982 0.006833 -0.283113 -0.000979 0.999999 -0.000386 -4.994716 -0.006834 0.000379 0.999977 274.226549
0.999975 0.000671 0.006999 -0.277328 -0.000668 1.000000 -0.000427 -5.029474 -0.007000 0.000423 0.999975 275.760741
0.999974 0.000362 0.007157 -0.271403 -0.000358 1.000000 -0.000473 -5.064529 -0.007157 0.000471 0.999974 277.299581
0.999973 0.000055 0.007305 -0.265351 -0.000051 1.000000 -0.000523 -5.099873 -0.007305 0.000523 0.999973 278.843155
0.999972 -0.000248 0.007444 -0.259185 0.000252 1.000000 -0.000576 -5.135500 -0.007443 0.000578 0.999972 280.391547
0.999971 -0.000545 0.007573 -0.252919 0.000549 1.000000 -0.000632 -5.171400 -0.007572 0.000637 0.999971 281.944841
0.999970 -0.000836 0.007691 -0.246567 0.000841 0.999999 -0.000691 -5.207564 -0.007691 0.000698 0.999970 283.503117
0.999969 -0.001120 0.007798 -0.240141 0.001126 0.999999 -0.000752 -5.243980 -0.007797 0.000761 0.999969 285.066453
0.999968 -0.001399 0.007893 -0.233656 0.001405 0.999999 -0.000815 -5.280635 -0.007892 0.000826 0.999969 286.634921
0.999967 -0.001671 0.007975 -0.227127 0.001678 0.999998 -0.000879 -5.317514 -0.007973 0.000892 0.999968 288.208589
0.999966 -0.001936 0.008043 -0.220572 0.001944 0.999998 -0.000942 -5.354603 -0.008041 0.000958 0.999967 289.787519
0.999965 -0.002195 0.008096 -0.214009 0.002203 0.999997 -0.001005 -5.391888 -0.008093 0.001023 0.999967 291.371767
0.999964 -0.002448 0.008134 -0.207456 0.002456 0.999996 -0.001065 -5.429353 -0.008131 0.001085 0.999966 292.961381
0.999963 -0.002694 0.008157 -0.200932 0.002704 0.999996 -0.001121 -5.466984 -0.008154 0.001143 0.999966 294.556403
0.999962 -0.002936 0.008165 -0.194455 0.002945 0.999995 -0.001172 -5.504764 -0.008161 0.001196 0.999966 296.156863
0.999962 -0.003171 0.008159 -0.188042 0.003181 0.999994 -0.001218 -5.542680 -0.008155 0.001243 0.999966 297.762783
0.999961 -0.003400 0.008138 -0.181712 0.003410 0.999993 -0.001259 -5.580719 -0.008134 0.001287 0.999966 299.374176
0.999961 -0.003621 0.008104 -0.175484 0.003632 0.999993 -0.001296 -5.618869 -0.008099 0.001325 0.999966 300.991044
0.999960 -0.003834 0.008057 -0.169375 0.003844 0.999992 -0.001328 -5.657120 -0.008052 0.001359 0.999967 302.613376
0.999960 -0.004037 0.007997 -0.163406 0.004048 0.999991 -0.001356 -5.695463 -0.007992 0.001389 0.999967 304.241154
0.999960 -0.004231 0.007926 -0.157593 0.004242 0.999990 -0.001379 -5.733891 -0.007920 0.001413 0.999968 305.874351
0.999959 -0.004416 0.007844 -0.151956 0.004427 0.999989 -0.001398 -5.772396 -0.007838 0.001432 0.999968 307.512929
0.999959 -0.004591 0.007751 -0.146509 0.004602 0.999988 -0.001411 -5.810967 -0.007745 0.001446 0.999969 309.156842
0.999959 -0.004756 0.007648 -0.141269 0.004767 0.999988 -0.001418 -5.849596 -0.007642 0.001455 0.999970 310.806035
0.999960 -0.004911 0.007536 -0.136254 0.004922 0.999987 -0.001421 -5.888275 -0.007529 0.001458 0.999971 312.460443
0.999960 -0.005056 0.007415 -0.131479 0.005067 0.999986 -0.001421 -5.926996 -0.007407 0.001458 0.999972 314.119994
0.999960 -0.005191 0.007283 -0.126963 0.005202 0.999985 -0.001418 -5.965753 -0.007276 0.001456 0.999972 315.784604
0.999960 -0.005317 0.007143 -0.122722 0.005327 0.999985 -0.001412 -6.004538 -0.007135 0.001450 0.999973 317.454185
0.999961 -0.005434 0.006993 -0.118772 0.005444 0.999984 -0.001404 -6.043345 -0.006985 0.001442 0.999975 319.128645
0.999961 -0.005543 0.006834 -0.115128 0.005553 0.999984 -0.001394 -6.082166 -0.006826 0.001432 0.999976 320.807885
0.999962 -0.005646 0.006665 -0.111808 0.005655 0.999983 -0.001382 -6.120995 -0.006658 0.001419 0.999977 322.491804
0.999962 -0.005742 0.006488 -0.108828 0.005751 0.999983 -0.001368 -6.159826 -0.006480 0.001405 0.999978 324.180297
0.999963 -0.005834 0.006303 -0.106202 0.005843 0.999982 -0.001354 -6.198657 -0.006295 0.001390 0.999979 325.873256
0.999964 -0.005921 0.006110 -0.103946 0.005929 0.999982 -0.001339 -6.237484 -0.006102 0.001375 0.999980 327.570574
0.999965 -0.006003 0.005910 -0.102076 0.006011 0.999981 -0.001323 -6.276306 -0.005902 0.001358 0.999982 329.272142
0.999965 -0.006080 0.005707 -0.100604 0.006087 0.999981 -0.001307 -6.315125 -0.005699 0.001341 0.999983 330.977857
0.999966 -0.006152 0.005500 -0.099542 0.006159 0.999980 -0.001290 -6.353941 -0.005492 0.001324 0.999984 332.687612
0.999967 -0.006218 0.005292 -0.098881 0.006225 0.999980 -0.001275 -6.392353 -0.005284 0.001308 0.999985 334.380805
0.999967 -0.006281 0.005084 -0.098608 0.006288 0.999979 -0.001262 -6.429958 -0.005076 0.001294 0.999986 336.036738
0.999968 -0.006340 0.004877 -0.098712 0.006346 0.999979 -0.001251 -6.466354 -0.004869 0.001282 0.999987 337.634630
0.999969 -0.006395 0.004672 -0.099176 0.006401 0.999979 -0.001243 -6.501134 -0.004664 0.001273 0.999988 339.153604
0.999969 -0.006446 0.004470 -0.099987 0.006452 0.999978 -0.001239 -6.533893 -0.004462 0.001268 0.999989 340.572701
0.999970 -0.006493 0.004271 -0.101128 0.006498 0.999978 -0.001239 -6.564222 -0.004263 0.001267 0.999990 341.870872
0.999970 -0.006536 0.004075 -0.102581 0.006541 0.999978 -0.001241 -6.591709 -0.004067 0.001268 0.999991 343.026983
0.999971 -0.006576 0.003884 -0.104325 0.006580 0.999978 -0.001246 -6.615943 -0.003876 0.001271 0.999992 344.019811
0.999971 -0.006612 0.003698 -0.106341 0.006617 0.999977 -0.001252 -6.636505 -0.003689 0.001277 0.999992 344.828048
0.999972 -0.006646 0.003516 -0.108603 0.006651 0.999977 -0.001261 -6.652977 -0.003507 0.001284 0.999993 345.430296
0.999972 -0.006676 0.003339 -0.111086 0.006681 0.999977 -0.001271 -6.664939 -0.003331 0.001293 0.999994 345.805071
0.999973 -0.006703 0.003168 -0.113762 0.006707 0.999977 -0.001283 -6.671966 -0.003159 0.001304 0.999994 345.930797
0.999973 -0.006725 0.003003 -0.116601 0.006729 0.999977 -0.001298 -6.673636 -0.002994 0.001318 0.999995 345.785812
0.999973 -0.006745 0.002845 -0.119374 0.006749 0.999976 -0.001314 -6.664463 -0.002836 0.001334 0.999995 345.090298
0.999974 -0.006763 0.002693 -0.122055 0.006766 0.999976 -0.001332 -6.644396 -0.002684 0.001350 0.999995 343.841707
0.999974 -0.006779 0.002549 -0.124617 0.006783 0.999976 -0.001350 -6.613380 -0.002540 0.001368 0.999996 342.037493
0.999974 -0.006795 0.002413 -0.127033 0.006798 0.999976 -0.001368 -6.571362 -0.002404 0.001385 0.999996 339.675115
0.999974 -0.006809 0.002286 -0.129271 0.006812 0.999976 -0.001386 -6.518289 -0.002277 0.001402 0.999996 336.752027
0.999974 -0.006821 0.002168 -0.131303 0.006824 0.999976 -0.001405 -6.454109 -0.002158 0.001420 0.999997 333.265685
0.999975 -0.006831 0.002059 -0.133096 0.006834 0.999976 -0.001424 -6.378769 -0.002050 0.001438 0.999997 329.213539
0.999975 -0.006840 0.001960 -0.134617 0.006843 0.999976 -0.001445 -6.292219 -0.001950 0.001458 0.999997 324.593041
0.999975 -0.006846 0.001871 -0.135833 0.006849 0.999975 -0.001465 -6.194406 -0.001861 0.001478 0.999997 319.401639
0.999975 -0.006850 0.001791 -0.136711 0.006852 0.999975 -0.001486 -6.085276 -0.001781 0.001498 0.999997 313.636779
0.999975 -0.006850 0.001722 -0.137215 0.006853 0.999975 -0.001506 -5.964774 -0.001711 0.001518 0.999997 307.295904
0.999975 -0.006848 0.001661 -0.137310 0.006851 0.999975 -0.001527 -5.832841 -0.001650 0.001538 0.999997 300.376452
0.999975 -0.006845 0.001608 -0.136963 0.006848 0.999975 -0.001547 -5.689422 -0.001597 0.001558 0.999998 292.875855
0.999975 -0.006848 0.001560 -0.132841 0.006850 0.999975 -0.001564 -5.435421 -0.001549 0.001574 0.999998 279.722080
0.999975 -0.006850 0.001516 -0.128534 0.006852 0.999975 -0.001580 -5.180382 -0.001505 0.001590 0.999998 266.523692
0.999975 -0.006851 0.001476 -0.124041 0.006853 0.999975 -0.001596 -4.924705 -0.001465 0.001606 0.999998 253.301181
0.999976 -0.006850 0.001439 -0.119366 0.006852 0.999975 -0.001612 -4.668796 -0.001428 0.001621 0.999998 240.075127
0.999976 -0.006847 0.001406 -0.114514 0.006849 0.999975 -0.001626 -4.413060 -0.001394 0.001635 0.999998 226.866204
0.999976 -0.006842 0.001376 -0.109488 0.006845 0.999975 -0.001639 -4.157904 -0.001365 0.001648 0.999998 213.695181
0.999976 -0.006836 0.001349 -0.104295 0.006838 0.999975 -0.001651 -3.903740 -0.001338 0.001660 0.999998 200.582916
0.999976 -0.006827 0.001327 -0.098941 0.006830 0.999975 -0.001662 -3.650977 -0.001315 0.001671 0.999998 187.550363
0.999976 -0.006816 0.001307 -0.093434 0.006819 0.999975 -0.001673 -3.400032 -0.001295 0.001682 0.999998 174.618567
0.999976 -0.006803 0.001291 -0.087785 0.006806 0.999975 -0.001684 -3.151319 -0.001279 0.001692 0.999998 161.808667
0.999976 -0.006789 0.001278 -0.082003 0.006791 0.999976 -0.001694 -2.905258 -0.001267 0.001703 0.999998 149.141895
0.999976 -0.006774 0.001270 -0.076101 0.006776 0.999976 -0.001704 -2.662269 -0.001258 0.001713 0.999998 136.639578
0.999976 -0.006760 0.001264 -0.070093 0.006762 0.999976 -0.001714 -2.422776 -0.001253 0.001722 0.999998 124.323136
