0.999854 -0.001792 -0.017009 -0.106648 0.001649 0.999963 -0.008410 -0.124627 0.017023 0.008380 0.999820 5.389430
0.999853 -0.001716 -0.017087 -0.114463 0.001572 0.999963 -0.008424 -0.133506 0.017100 0.008396 0.999819 5.776623
0.999851 -0.001639 -0.017165 -0.122608 0.001495 0.999963 -0.008441 -0.142721 0.017179 0.008414 0.999817 6.179171
0.999850 -0.001562 -0.017245 -0.131090 0.001416 0.999963 -0.008462 -0.152280 0.017258 0.008436 0.999815 6.597365
0.999849 -0.001485 -0.017325 -0.139917 0.001338 0.999963 -0.008486 -0.162191 0.017337 0.008461 0.999814 7.031488
0.999848 -0.001406 -0.017405 -0.149096 0.001258 0.999963 -0.008513 -0.172459 0.017417 0.008490 0.999812 7.481818
0.999846 -0.001326 -0.017486 -0.158635 0.001177 0.999963 -0.008542 -0.183091 0.017497 0.008520 0.999811 7.948630
0.999845 -0.001246 -0.017567 -0.168542 0.001095 0.999963 -0.008573 -0.194094 0.017577 0.008552 0.999809 8.432191
0.999844 -0.001164 -0.017648 -0.178824 0.001012 0.999962 -0.008605 -0.205474 0.017657 0.008586 0.999807 8.932762
0.999842 -0.001082 -0.017729 -0.189490 0.000929 0.999962 -0.008638 -0.217237 0.017737 0.008620 0.999806 9.450597
0.999841 -0.000998 -0.017809 -0.200546 0.000844 0.999962 -0.008671 -0.229390 0.017817 0.008654 0.999804 9.985946
0.999840 -0.000914 -0.017890 -0.212001 0.000759 0.999962 -0.008704 -0.241938 0.017898 0.008689 0.999802 10.539049
0.999838 -0.000830 -0.017971 -0.223863 0.000673 0.999962 -0.008737 -0.254886 0.017978 0.008723 0.999800 11.110139
0.999837 -0.000745 -0.018052 -0.236139 0.000587 0.999961 -0.008769 -0.268240 0.018058 0.008757 0.999799 11.699443
0.999835 -0.000661 -0.018133 -0.248838 0.000501 0.999961 -0.008801 -0.282004 0.018139 0.008790 0.999797 12.307180
0.999834 -0.000576 -0.018215 -0.261967 0.000415 0.999961 -0.008831 -0.296183 0.018219 0.008822 0.999795 12.933561
0.999832 -0.000492 -0.018297 -0.275534 0.000330 0.999961 -0.008861 -0.310781 0.018300 0.008853 0.999793 13.578790
0.999831 -0.000408 -0.018379 -0.289547 0.000245 0.999960 -0.008889 -0.325803 0.018382 0.008883 0.999792 14.243063
0.999830 -0.000325 -0.018461 -0.304013 0.000160 0.999960 -0.008915 -0.341251 0.018463 0.008910 0.999790 14.926566
0.999828 -0.000242 -0.018544 -0.318941 0.000076 0.999960 -0.008940 -0.357129 0.018545 0.008937 0.999788 15.629479
0.999826 -0.000159 -0.018627 -0.334337 -0.000008 0.999960 -0.008963 -0.373440 0.018628 0.008962 0.999786 16.351971
0.999825 -0.000078 -0.018711 -0.350210 -0.000090 0.999960 -0.008985 -0.390186 0.018711 0.008985 0.999785 17.094205
0.999823 0.000003 -0.018795 -0.366567 -0.000172 0.999959 -0.009005 -0.407370 0.018794 0.009007 0.999783 17.856332
0.999822 0.000083 -0.018880 -0.383414 -0.000253 0.999959 -0.009023 -0.424992 0.018878 0.009027 0.999781 18.638494
0.999820 0.000161 -0.018965 -0.400760 -0.000333 0.999959 -0.009040 -0.443055 0.018963 0.009045 0.999779 19.440825
0.999818 0.000239 -0.019051 -0.418612 -0.000412 0.999959 -0.009055 -0.461561 0.019048 0.009062 0.999778 20.263446
0.999816 0.000352 -0.019174 -0.435113 -0.000526 0.999959 -0.009079 -0.478282 0.019170 0.009088 0.999775 21.010887
0.999814 0.000464 -0.019300 -0.451994 -0.000640 0.999958 -0.009102 -0.495281 0.019295 0.009113 0.999772 21.771605
0.999811 0.000577 -0.019428 -0.469256 -0.000754 0.999958 -0.009123 -0.512551 0.019422 0.009136 0.999770 22.545351
0.999808 0.000689 -0.019559 -0.486900 -0.000868 0.999958 -0.009142 -0.530085 0.019552 0.009157 0.999767 23.331867
0.999806 0.000802 -0.019691 -0.504926 -0.000982 0.999958 -0.009160 -0.547874 0.019683 0.009178 0.999764 24.130883
0.999803 0.000914 -0.019825 -0.523335 -0.001096 0.999957 -0.009176 -0.565912 0.019816 0.009196 0.999761 24.942119
0.999800 0.001025 -0.019962 -0.542125 -0.001209 0.999957 -0.009191 -0.584190 0.019951 0.009213 0.999758 25.765284
0.999797 0.001136 -0.020100 -0.561296 -0.001321 0.999957 -0.009204 -0.602700 0.020089 0.009229 0.999756 26.600075
0.999794 0.001246 -0.020240 -0.580849 -0.001433 0.999957 -0.009215 -0.621434 0.020228 0.009242 0.999753 27.446178
0.999791 0.001355 -0.020383 -0.600780 -0.001543 0.999956 -0.009225 -0.640385 0.020370 0.009254 0.999750 28.303267
0.999788 0.001462 -0.020528 -0.621091 -0.001652 0.999956 -0.009233 -0.659545 0.020514 0.009265 0.999747 29.171003
0.999785 0.001568 -0.020677 -0.641778 -0.001759 0.999956 -0.009240 -0.678905 0.020661 0.009274 0.999744 30.049037
0.999782 0.001672 -0.020828 -0.662842 -0.001865 0.999956 -0.009245 -0.698459 0.020811 0.009282 0.999740 30.937007
0.999778 0.001775 -0.020982 -0.684281 -0.001969 0.999955 -0.009250 -0.718199 0.020965 0.009290 0.999737 31.834539
0.999775 0.001876 -0.021140 -0.706092 -0.002072 0.999955 -0.009254 -0.738117 0.021122 0.009296 0.999734 32.741248
0.999771 0.001976 -0.021302 -0.728274 -0.002173 0.999955 -0.009257 -0.758205 0.021282 0.009301 0.999730 33.656735
0.999767 0.002074 -0.021467 -0.750824 -0.002273 0.999955 -0.009259 -0.778457 0.021446 0.009305 0.999727 34.580593
0.999764 0.002171 -0.021635 -0.773739 -0.002372 0.999954 -0.009258 -0.798864 0.021614 0.009307 0.999723 35.512400
0.999760 0.002268 -0.021807 -0.797015 -0.002470 0.999954 -0.009256 -0.819417 0.021785 0.009307 0.999719 36.451723
0.999756 0.002363 -0.021982 -0.820649 -0.002567 0.999954 -0.009251 -0.840110 0.021960 0.009305 0.999716 37.398120
0.999751 0.002459 -0.022161 -0.844635 -0.002664 0.999954 -0.009244 -0.860933 0.022137 0.009301 0.999712 38.351133
0.999747 0.002555 -0.022341 -0.868968 -0.002762 0.999954 -0.009236 -0.881878 0.022316 0.009295 0.999708 39.310296
0.999743 0.002651 -0.022523 -0.893641 -0.002859 0.999953 -0.009226 -0.902936 0.022498 0.009288 0.999704 40.275129
0.999738 0.002748 -0.022706 -0.918648 -0.002958 0.999953 -0.009213 -0.924101 0.022679 0.009278 0.999700 41.245145
0.999734 0.002846 -0.022888 -0.943979 -0.003057 0.999953 -0.009199 -0.945361 0.022861 0.009266 0.999696 42.219844
0.999730 0.002946 -0.023068 -0.969625 -0.003158 0.999953 -0.009181 -0.966709 0.023040 0.009251 0.999692 43.198715
0.999725 0.003044 -0.023242 -0.995603 -0.003258 0.999953 -0.009159 -0.988175 0.023213 0.009232 0.999688 44.182736
0.999721 0.003143 -0.023408 -1.021905 -0.003357 0.999953 -0.009132 -1.009752 0.023378 0.009208 0.999684 45.171510
0.999717 0.003240 -0.023563 -1.048517 -0.003455 0.999953 -0.009101 -1.031432 0.023533 0.009180 0.999681 46.164639
0.999713 0.003336 -0.023705 -1.075427 -0.003552 0.999953 -0.009066 -1.053207 0.023674 0.009147 0.999678 47.161722
0.999710 0.003431 -0.023830 -1.102619 -0.003647 0.999953 -0.009026 -1.075071 0.023798 0.009110 0.999675 48.162356
0.999707 0.003524 -0.023934 -1.130077 -0.003740 0.999953 -0.008981 -1.097016 0.023901 0.009068 0.999673 49.166133
0.999705 0.003616 -0.024014 -1.157782 -0.003831 0.999953 -0.008934 -1.119034 0.023980 0.009023 0.999672 50.172648
0.999704 0.003706 -0.024065 -1.185712 -0.003920 0.999953 -0.008882 -1.141118 0.024031 0.008974 0.999671 51.181491
0.999703 0.003794 -0.024082 -1.213844 -0.004007 0.999953 -0.008828 -1.163261 0.024048 0.008922 0.999671 52.192252
0.999703 0.003880 -0.024061 -1.242151 -0.004092 0.999953 -0.008770 -1.185456 0.024026 0.008866 0.999672 53.204522
0.999704 0.003966 -0.023996 -1.270607 -0.004176 0.999953 -0.008710 -1.207695 0.023961 0.008808 0.999674 54.217890
0.999707 0.004049 -0.023882 -1.299179 -0.004257 0.999954 -0.008648 -1.229973 0.023845 0.008747 0.999677 55.231947
0.999710 0.004132 -0.023711 -1.327833 -0.004336 0.999954 -0.008584 -1.252282 0.023674 0.008684 0.999682 56.246281
0.999715 0.004213 -0.023478 -1.356532 -0.004414 0.999954 -0.008518 -1.274615 0.023441 0.008620 0.999688 57.260482
0.999722 0.004293 -0.023176 -1.385237 -0.004490 0.999954 -0.008453 -1.296968 0.023139 0.008554 0.999696 58.274139
0.999731 0.004372 -0.022798 -1.413904 -0.004564 0.999954 -0.008386 -1.319334 0.022760 0.008488 0.999705 59.286844
0.999741 0.004450 -0.022336 -1.442487 -0.004636 0.999955 -0.008320 -1.341708 0.022298 0.008422 0.999716 60.298188
0.999752 0.004526 -0.021784 -1.470937 -0.004707 0.999955 -0.008255 -1.364085 0.021746 0.008355 0.999729 61.307761
0.999766 0.004602 -0.021133 -1.499200 -0.004776 0.999955 -0.008189 -1.386461 0.021094 0.008289 0.999743 62.315159
0.999781 0.004677 -0.020375 -1.527220 -0.004844 0.999955 -0.008126 -1.408831 0.020336 0.008222 0.999759 63.319977
0.999799 0.004752 -0.019502 -1.554938 -0.004910 0.999955 -0.008063 -1.431192 0.019463 0.008157 0.999777 64.321814
0.999817 0.004826 -0.018506 -1.582291 -0.004975 0.999956 -0.008003 -1.453541 0.018467 0.008093 0.999797 65.320272
0.999837 0.004900 -0.017378 -1.609209 -0.005039 0.999956 -0.007944 -1.475874 0.017338 0.008031 0.999817 66.314956
0.999858 0.004974 -0.016110 -1.635623 -0.005102 0.999956 -0.007889 -1.498188 0.016070 0.007970 0.999839 67.305476
0.999879 0.005048 -0.014692 -1.661457 -0.005163 0.999956 -0.007836 -1.520479 0.014652 0.007911 0.999861 68.291448
0.999901 0.005122 -0.013115 -1.686629 -0.005224 0.999956 -0.007787 -1.542746 0.013074 0.007854 0.999884 69.272490
0.999922 0.005196 -0.011370 -1.711056 -0.005284 0.999956 -0.007741 -1.564984 0.011329 0.007801 0.999905 70.248231
0.999941 0.005271 -0.009448 -1.734646 -0.005344 0.999956 -0.007700 -1.587192 0.009407 0.007750 0.999926 71.218299
0.999959 0.005346 -0.007338 -1.757305 -0.005402 0.999956 -0.007662 -1.609366 0.007297 0.007702 0.999944 72.182324
0.999973 0.005422 -0.005031 -1.778934 -0.005460 0.999956 -0.007630 -1.631505 0.004990 0.007657 0.999958 73.139942
0.999982 0.005499 -0.002517 -1.799428 -0.005518 0.999956 -0.007603 -1.653605 0.002475 0.007617 0.999968 74.090788
0.999984 0.005576 0.000215 -1.818676 -0.005574 0.999956 -0.007582 -1.675665 -0.000257 0.007581 0.999971 75.034506
0.999979 0.005655 0.003177 -1.836562 -0.005631 0.999956 -0.007568 -1.697681 -0.003219 0.007550 0.999966 75.970742
0.999963 0.005734 0.006379 -1.852965 -0.005686 0.999955 -0.007560 -1.719650 -0.006422 0.007523 0.999951 76.899150
0.999935 0.005815 0.009833 -1.867757 -0.005741 0.999955 -0.007559 -1.741571 -0.009877 0.007502 0.999923 77.819388
0.999891 0.005897 0.013552 -1.880806 -0.005795 0.999955 -0.007564 -1.763438 -0.013596 0.007485 0.999880 78.731125
0.999828 0.005979 0.017548 -1.891971 -0.005847 0.999954 -0.007577 -1.785250 -0.017592 0.007473 0.999817 79.634033
0.999743 0.006062 0.021833 -1.901107 -0.005897 0.999954 -0.007598 -1.807001 -0.021878 0.007467 0.999733 80.527796
0.999632 0.006145 0.026421 -1.908062 -0.005945 0.999953 -0.007627 -1.828688 -0.026466 0.007467 0.999622 81.412103
0.999490 0.006227 0.031325 -1.912680 -0.005990 0.999953 -0.007664 -1.850308 -0.031371 0.007472 0.999480 82.286655
0.999312 0.006309 0.036558 -1.914796 -0.006031 0.999952 -0.007710 -1.871856 -0.036605 0.007485 0.999302 83.151158
0.999091 0.006390 0.042135 -1.914244 -0.006068 0.999951 -0.007768 -1.893330 -0.042182 0.007505 0.999082 84.005332
0.998823 0.006470 0.048069 -1.910848 -0.006100 0.999951 -0.007836 -1.914726 -0.048117 0.007533 0.998813 84.848904
0.998499 0.006548 0.054374 -1.904430 -0.006126 0.999950 -0.007915 -1.936041 -0.054424 0.007570 0.998489 85.681614
0.998112 0.006623 0.061066 -1.894804 -0.006145 0.999949 -0.008006 -1.957272 -0.061116 0.007616 0.998102 86.503209
0.997652 0.006696 0.068157 -1.881781 -0.006157 0.999948 -0.008109 -1.978414 -0.068208 0.007670 0.997642 87.313451
0.997111 0.006765 0.075662 -1.865166 -0.006160 0.999947 -0.008224 -1.999465 -0.075714 0.007734 0.997100 88.112109
0.996476 0.006831 0.083596 -1.844761 -0.006154 0.999946 -0.008351 -2.020422 -0.083648 0.007807 0.996465 88.898964
0.995738 0.006892 0.091971 -1.820363 -0.006137 0.999945 -0.008491 -2.041281 -0.092025 0.007890 0.995725 89.673807
0.994882 0.006950 0.100802 -1.791765 -0.006110 0.999944 -0.008644 -2.062038 -0.100857 0.007984 0.994869 90.436440
0.993896 0.007004 0.110101 -1.758757 -0.006071 0.999943 -0.008811 -2.082692 -0.110157 0.008088 0.993881 91.186677
0.992763 0.007054 0.119881 -1.721127 -0.006020 0.999941 -0.008991 -2.103240 -0.119938 0.008204 0.992748 91.924342
0.991468 0.007101 0.130154 -1.678660 -0.005956 0.999940 -0.009186 -2.123679 -0.130211 0.008332 0.991451 92.649270
0.989994 0.007146 0.140930 -1.631135 -0.005880 0.999939 -0.009395 -2.144007 -0.140988 0.008472 0.989975 93.361310
0.988321 0.007187 0.152220 -1.578334 -0.005791 0.999937 -0.009617 -2.164222 -0.152279 0.008623 0.988300 94.060319
0.986429 0.007226 0.164032 -1.520033 -0.005687 0.999935 -0.009853 -2.184323 -0.164093 0.008787 0.986406 94.746169
0.984296 0.007263 0.176375 -1.456009 -0.005568 0.999933 -0.010103 -2.204308 -0.176436 0.008962 0.984271 95.418743
0.981901 0.007298 0.189254 -1.386036 -0.005434 0.999932 -0.010366 -2.224176 -0.189317 0.009150 0.981873 96.077933
0.979218 0.007331 0.202676 -1.309891 -0.005284 0.999929 -0.010641 -2.243927 -0.202740 0.009349 0.979188 96.723647
0.976223 0.007363 0.216642 -1.227347 -0.005116 0.999927 -0.010929 -2.263559 -0.216707 0.009560 0.976190 97.355803
0.972889 0.007393 0.231155 -1.138178 -0.004931 0.999925 -0.011228 -2.283073 -0.231220 0.009784 0.972852 97.974330
0.969188 0.007422 0.246212 -1.042161 -0.004726 0.999922 -0.011539 -2.302470 -0.246279 0.010019 0.969147 98.579171
0.965091 0.007449 0.261811 -0.939071 -0.004501 0.999920 -0.011859 -2.321750 -0.261878 0.010267 0.965046 99.170280
0.960568 0.007475 0.277944 -0.828686 -0.004255 0.999917 -0.012188 -2.340914 -0.278012 0.010525 0.960520 99.747625
0.955590 0.007500 0.294603 -0.710786 -0.003987 0.999914 -0.012526 -2.359964 -0.294672 0.010795 0.955538 100.311186
0.950126 0.007524 0.311776 -0.585152 -0.003695 0.999910 -0.012869 -2.378901 -0.311845 0.011075 0.950069 100.860957
0.944145 0.007547 0.329445 -0.451570 -0.003380 0.999907 -0.013219 -2.397726 -0.329514 0.011367 0.944082 101.396945
0.937615 0.007569 0.347592 -0.309825 -0.003041 0.999903 -0.013573 -2.416442 -0.347661 0.011669 0.937548 101.919169
0.930508 0.007592 0.366192 -0.159709 -0.002676 0.999899 -0.013930 -2.435050 -0.366261 0.011982 0.930435 102.427662
0.922794 0.007614 0.385218 -0.001016 -0.002286 0.999895 -0.014289 -2.453551 -0.385286 0.012305 0.922715 102.922471
0.914446 0.007637 0.404637 0.166457 -0.001868 0.999891 -0.014648 -2.471948 -0.404705 0.012639 0.914360 103.403655
0.905437 0.007659 0.424412 0.342908 -0.001424 0.999886 -0.015007 -2.490243 -0.424479 0.012983 0.905345 103.871285
0.895745 0.007682 0.444503 0.528530 -0.000952 0.999882 -0.015362 -2.508439 -0.444568 0.013337 0.895646 104.325445
0.885349 0.007705 0.464863 0.723512 -0.000452 0.999876 -0.015711 -2.526538 -0.464927 0.013700 0.885243 104.766232
0.874234 0.007728 0.485443 0.928037 0.000075 0.999871 -0.016054 -2.544544 -0.485505 0.014071 0.874121 105.193753
0.862387 0.007752 0.506190 1.142281 0.000630 0.999866 -0.016386 -2.562460 -0.506249 0.014450 0.862266 105.608129
0.849800 0.007777 0.527047 1.366413 0.001211 0.999860 -0.016707 -2.580289 -0.527103 0.014836 0.849672 106.009487
0.836472 0.007803 0.547953 1.600598 0.001819 0.999854 -0.017014 -2.598035 -0.548006 0.015228 0.836336 106.397969
0.822406 0.007829 0.568847 1.844988 0.002451 0.999847 -0.017305 -2.615702 -0.568895 0.015626 0.822262 106.773724
0.807612 0.007856 0.589662 2.099730 0.003108 0.999841 -0.017578 -2.633293 -0.589706 0.016029 0.807459 107.136911
0.792105 0.007885 0.610334 2.364962 0.003787 0.999834 -0.017831 -2.650813 -0.610373 0.016435 0.791943 107.487701
0.775907 0.007915 0.630797 2.640811 0.004485 0.999827 -0.018063 -2.668266 -0.630831 0.016844 0.775737 107.826270
0.759049 0.007947 0.650985 2.927394 0.005202 0.999820 -0.018271 -2.685657 -0.651013 0.017255 0.758870 108.152803
0.741564 0.007980 0.670835 3.224820 0.005935 0.999812 -0.018454 -2.702991 -0.670856 0.017666 0.741377 108.467493
0.723494 0.008015 0.690284 3.533182 0.006680 0.999804 -0.018611 -2.720273 -0.690298 0.018076 0.723299 108.770538
0.704887 0.008052 0.709274 3.852567 0.007436 0.999797 -0.018740 -2.737510 -0.709281 0.018484 0.704683 109.062142
0.685792 0.008091 0.727752 4.183047 0.008199 0.999789 -0.018842 -2.754706 -0.727751 0.018889 0.685581 109.342516
0.666267 0.008132 0.745669 4.524681 0.008967 0.999781 -0.018916 -2.771869 -0.745659 0.019289 0.666048 109.611873
0.646371 0.008176 0.762980 4.877518 0.009735 0.999773 -0.018960 -2.789004 -0.762961 0.019683 0.646144 109.870431
0.626165 0.008221 0.779647 5.241592 0.010501 0.999765 -0.018976 -2.806118 -0.779620 0.020069 0.625931 110.118412
0.605712 0.008268 0.795641 5.616928 0.011261 0.999757 -0.018962 -2.823218 -0.795604 0.020446 0.605472 110.356040
0.585078 0.008317 0.810934 6.003534 0.012013 0.999749 -0.018920 -2.840310 -0.810888 0.020812 0.584831 110.583543
0.564326 0.008366 0.825509 6.401406 0.012754 0.999741 -0.018850 -2.857401 -0.825453 0.021166 0.564073 110.801149
0.543520 0.008415 0.839354 6.810529 0.013480 0.999733 -0.018752 -2.874496 -0.839288 0.021507 0.543262 111.009088
0.522722 0.008465 0.852461 7.230873 0.014190 0.999726 -0.018628 -2.891601 -0.852385 0.021834 0.522459 111.207591
0.501991 0.008514 0.864831 7.662396 0.014882 0.999718 -0.018480 -2.908724 -0.864745 0.022147 0.501723 111.396890
0.481384 0.008563 0.876468 8.105043 0.015552 0.999711 -0.018309 -2.925870 -0.876372 0.022444 0.481112 111.577219
0.460954 0.008611 0.887382 8.558748 0.016200 0.999705 -0.018116 -2.943047 -0.887276 0.022726 0.460678 111.748811
0.440751 0.008658 0.897588 9.023431 0.016823 0.999698 -0.017904 -2.960260 -0.897472 0.022991 0.440472 111.911901
0.420821 0.008704 0.907102 9.499001 0.017421 0.999692 -0.017674 -2.977516 -0.906977 0.023240 0.420539 112.066724
0.401205 0.008747 0.915946 9.985356 0.017992 0.999686 -0.017428 -2.994821 -0.915811 0.023472 0.400922 112.213513
0.381942 0.008787 0.924145 10.482382 0.018536 0.999681 -0.017167 -3.012183 -0.924000 0.023687 0.381657 112.352501
0.363064 0.008824 0.931722 10.989954 0.019053 0.999676 -0.016892 -3.029606 -0.931569 0.023885 0.362778 112.483923
0.344601 0.008856 0.938708 11.507939 0.019542 0.999671 -0.016605 -3.047098 -0.938546 0.024067 0.344314 112.608008
0.326577 0.008883 0.945129 12.036188 0.020004 0.999667 -0.016307 -3.064662 -0.944959 0.024231 0.326291 112.724987
0.309015 0.008905 0.951015 12.574548 0.020437 0.999663 -0.016001 -3.082306 -0.950838 0.024381 0.308729 112.835089
0.291932 0.008922 0.956398 13.122852 0.020843 0.999660 -0.015687 -3.100033 -0.956212 0.024514 0.291646 112.938539
0.275341 0.008933 0.961305 13.680927 0.021223 0.999657 -0.015369 -3.117849 -0.961112 0.024633 0.275057 113.035562
0.259254 0.008939 0.965768 14.248591 0.021576 0.999654 -0.015045 -3.135757 -0.965568 0.024738 0.258972 113.126379
0.243680 0.008939 0.969815 14.825653 0.021904 0.999652 -0.014718 -3.153764 -0.969608 0.024829 0.243399 113.211208
0.228622 0.008933 0.973474 15.411915 0.022206 0.999650 -0.014388 -3.171872 -0.973262 0.024906 0.228343 113.290266
0.214083 0.008920 0.976775 16.007171 0.022483 0.999648 -0.014057 -3.190088 -0.976557 0.024970 0.213807 113.363767
0.200064 0.008901 0.979742 16.611209 0.022736 0.999647 -0.013725 -3.208417 -0.979519 0.025021 0.199791 113.431921
0.186562 0.008877 0.982403 17.223809 0.022964 0.999647 -0.013394 -3.226863 -0.982175 0.025059 0.186292 113.494934
0.173573 0.008848 0.984781 17.844748 0.023169 0.999646 -0.013065 -3.245431 -0.984548 0.025084 0.173307 113.553007
0.161093 0.008814 0.986900 18.473795 0.023351 0.999646 -0.012739 -3.264127 -0.986663 0.025097 0.160830 113.606339
0.149112 0.008774 0.988781 19.110715 0.023511 0.999646 -0.012416 -3.282956 -0.988541 0.025099 0.148853 113.655121
0.137623 0.008730 0.990446 19.755270 0.023649 0.999647 -0.012097 -3.301922 -0.990202 0.025088 0.137368 113.699540
0.126616 0.008681 0.991914 20.407215 0.023766 0.999648 -0.011782 -3.321032 -0.991667 0.025066 0.126365 113.739779
0.116079 0.008627 0.993203 21.066304 0.023863 0.999649 -0.011472 -3.340288 -0.992953 0.025032 0.115832 113.776014
0.106000 0.008568 0.994329 21.732286 0.023939 0.999651 -0.011166 -3.359697 -0.994078 0.024987 0.105758 113.808415
0.096366 0.008505 0.995310 22.404909 0.023996 0.999653 -0.010866 -3.379263 -0.995057 0.024930 0.096129 113.837146
0.087163 0.008438 0.996158 23.083915 0.024033 0.999655 -0.010571 -3.398988 -0.995904 0.024862 0.086931 113.862366
0.078378 0.008368 0.996889 23.769049 0.024052 0.999658 -0.010282 -3.418878 -0.996634 0.024783 0.078150 113.884226
0.069996 0.008294 0.997513 24.460052 0.024053 0.999661 -0.009999 -3.438936 -0.997257 0.024693 0.069773 113.902871
0.062002 0.008217 0.998042 25.156666 0.024036 0.999664 -0.009724 -3.459165 -0.997787 0.024592 0.061784 113.918441
0.054382 0.008138 0.998487 25.858630 0.024004 0.999667 -0.009455 -3.479568 -0.998232 0.024482 0.054168 113.931070
0.047121 0.008057 0.998857 26.565689 0.023955 0.999671 -0.009194 -3.500148 -0.998602 0.024361 0.046913 113.940886
0.040205 0.007975 0.999160 27.277584 0.023891 0.999675 -0.008940 -3.520908 -0.998906 0.024230 0.040001 113.948008
0.033619 0.007890 0.999404 27.994064 0.023811 0.999679 -0.008694 -3.541850 -0.999151 0.024089 0.033421 113.952553
0.027349 0.007805 0.999595 28.714878 0.023718 0.999683 -0.008455 -3.562977 -0.999345 0.023939 0.027156 113.954628
0.021382 0.007719 0.999742 29.439781 0.023611 0.999687 -0.008223 -3.584291 -0.999493 0.023781 0.021193 113.954335
0.015701 0.007632 0.999848 30.168531 0.023492 0.999692 -0.008000 -3.605795 -0.999601 0.023614 0.015517 113.951770
0.010296 0.007546 0.999919 30.900893 0.023360 0.999697 -0.007784 -3.627489 -0.999674 0.023439 0.010116 113.947024
0.005151 0.007459 0.999959 31.636638 0.023218 0.999702 -0.007577 -3.649375 -0.999717 0.023256 0.004976 113.940180
0.000255 0.007373 0.999973 32.375543 0.023066 0.999707 -0.007377 -3.671454 -0.999734 0.023067 0.000085 113.931318
-0.004405 0.007287 0.999964 33.117393 0.022904 0.999712 -0.007184 -3.693727 -0.999728 0.022872 -0.004570 113.920512
-0.008840 0.007202 0.999935 33.861978 0.022735 0.999717 -0.006999 -3.716196 -0.999702 0.022671 -0.009001 113.907831
-0.013061 0.007118 0.999889 34.609099 0.022557 0.999722 -0.006822 -3.738860 -0.999660 0.022466 -0.013218 113.893340
-0.017080 0.007035 0.999829 35.358565 0.022374 0.999728 -0.006652 -3.761722 -0.999604 0.022256 -0.017233 113.877098
-0.020907 0.006954 0.999757 36.110191 0.022184 0.999733 -0.006490 -3.784780 -0.999535 0.022043 -0.021056 113.859162
-0.024553 0.006875 0.999675 36.863805 0.021990 0.999738 -0.006336 -3.808038 -0.999457 0.021827 -0.024697 113.839583
-0.028025 0.006799 0.999584 37.619243 0.021792 0.999743 -0.006189 -3.831495 -0.999370 0.021609 -0.028166 113.818410
-0.031335 0.006725 0.999486 38.376351 0.021590 0.999749 -0.006049 -3.855153 -0.999276 0.021390 -0.031472 113.795687
-0.034490 0.006653 0.999383 39.134984 0.021386 0.999754 -0.005917 -3.879015 -0.999176 0.021169 -0.034624 113.771457
-0.037500 0.006584 0.999275 39.895008 0.021181 0.999759 -0.005792 -3.903080 -0.999072 0.020948 -0.037630 113.745757
-0.040372 0.006517 0.999163 40.656297 0.020974 0.999764 -0.005674 -3.927351 -0.998965 0.020727 -0.040499 113.718624
-0.043114 0.006453 0.999049 41.418736 0.020767 0.999769 -0.005561 -3.951829 -0.998854 0.020507 -0.043238 113.690089
-0.045734 0.006390 0.998933 42.182218 0.020561 0.999774 -0.005454 -3.976515 -0.998742 0.020289 -0.045855 113.660183
-0.048240 0.006330 0.998816 42.946648 0.020356 0.999778 -0.005353 -4.001411 -0.998628 0.020074 -0.048358 113.628932
-0.050639 0.006272 0.998697 43.711936 0.020154 0.999783 -0.005257 -4.026519 -0.998514 0.019862 -0.050754 113.596362
-0.052937 0.006217 0.998579 44.478003 0.019955 0.999788 -0.005167 -4.051841 -0.998398 0.019653 -0.053050 113.562495
-0.055142 0.006165 0.998459 45.244779 0.019759 0.999792 -0.005082 -4.077378 -0.998283 0.019448 -0.055252 113.527351
-0.057260 0.006117 0.998341 46.012201 0.019567 0.999796 -0.005004 -4.103133 -0.998168 0.019248 -0.057368 113.490950
-0.059299 0.006072 0.998222 46.780214 0.019380 0.999800 -0.004931 -4.129109 -0.998052 0.019053 -0.059405 113.453309
-0.061263 0.006031 0.998103 47.548772 0.019197 0.999804 -0.004863 -4.155310 -0.997937 0.018863 -0.061367 113.414444
-0.063160 0.005992 0.997985 48.317835 0.019018 0.999808 -0.004800 -4.181738 -0.997822 0.018677 -0.063262 113.374370
-0.064996 0.005956 0.997868 49.087373 0.018844 0.999811 -0.004740 -4.208397 -0.997708 0.018495 -0.065096 113.333098
-0.066775 0.005923 0.997751 49.857359 0.018673 0.999815 -0.004686 -4.235291 -0.997593 0.018318 -0.066873 113.290641
-0.068502 0.005894 0.997634 50.627774 0.018507 0.999818 -0.004636 -4.262422 -0.997479 0.018146 -0.068599 113.247008
-0.070184 0.005868 0.997517 51.398606 0.018346 0.999821 -0.004591 -4.289791 -0.997365 0.017978 -0.070279 113.202206
-0.071825 0.005846 0.997400 52.169849 0.018189 0.999824 -0.004550 -4.317396 -0.997251 0.017815 -0.071919 113.156244
-0.073428 0.005828 0.997283 52.941504 0.018037 0.999827 -0.004515 -4.345236 -0.997137 0.017656 -0.073521 113.109124
-0.074998 0.005813 0.997167 53.713578 0.017890 0.999830 -0.004483 -4.373307 -0.997023 0.017503 -0.075090 113.060853
-0.076539 0.005803 0.997050 54.486081 0.017748 0.999833 -0.004456 -4.401606 -0.996909 0.017355 -0.076629 113.011432
-0.078053 0.005796 0.996932 55.259032 0.017611 0.999835 -0.004434 -4.430127 -0.996794 0.017211 -0.078142 112.960865
-0.079543 0.005792 0.996815 56.032451 0.017480 0.999837 -0.004415 -4.458865 -0.996678 0.017073 -0.079631 112.909153
-0.081012 0.005793 0.996696 56.806365 0.017353 0.999840 -0.004401 -4.487814 -0.996562 0.016939 -0.081100 112.856299
-0.082462 0.005798 0.996577 57.580804 0.017232 0.999842 -0.004391 -4.516969 -0.996445 0.016811 -0.082549 112.802303
-0.083895 0.005806 0.996458 58.355802 0.017117 0.999844 -0.004385 -4.546324 -0.996328 0.016688 -0.083981 112.747168
-0.085312 0.005819 0.996337 59.131396 0.017006 0.999846 -0.004384 -4.575872 -0.996209 0.016570 -0.085398 112.690893
-0.086715 0.005837 0.996216 59.907629 0.016901 0.999848 -0.004387 -4.605608 -0.996090 0.016457 -0.086800 112.633481
-0.088104 0.005859 0.996094 60.684543 0.016802 0.999849 -0.004395 -4.635524 -0.995970 0.016350 -0.088189 112.574933
-0.089479 0.005886 0.995971 61.462185 0.016709 0.999851 -0.004407 -4.665616 -0.995849 0.016248 -0.089564 112.515250
-0.090842 0.005917 0.995848 62.240603 0.016622 0.999852 -0.004425 -4.695877 -0.995727 0.016151 -0.090926 112.454434
-0.092191 0.005954 0.995724 63.019846 0.016540 0.999853 -0.004447 -4.726302 -0.995604 0.016059 -0.092276 112.392488
-0.093527 0.005995 0.995599 63.799966 0.016463 0.999854 -0.004474 -4.756885 -0.995481 0.015973 -0.093612 112.329413
-0.094850 0.006041 0.995473 64.581014 0.016393 0.999855 -0.004505 -4.787622 -0.995357 0.015891 -0.094935 112.265214
-0.096159 0.006091 0.995347 65.363042 0.016327 0.999856 -0.004542 -4.818506 -0.995232 0.015815 -0.096245 112.199895
-0.097454 0.006147 0.995221 66.146100 0.016268 0.999857 -0.004583 -4.849534 -0.995107 0.015743 -0.097540 112.133461
-0.098733 0.006207 0.995095 66.930237 0.016212 0.999858 -0.004628 -4.880700 -0.994982 0.015676 -0.098820 112.065917
-0.099997 0.006272 0.994968 67.715502 0.016162 0.999858 -0.004678 -4.911999 -0.994856 0.015613 -0.100084 111.997273
-0.101245 0.006342 0.994841 68.501938 0.016116 0.999859 -0.004733 -4.943426 -0.994731 0.015554 -0.101332 111.927535
-0.102475 0.006416 0.994715 69.289588 0.016074 0.999859 -0.004793 -4.974979 -0.994606 0.015498 -0.102563 111.856714
-0.103687 0.006495 0.994589 70.078492 0.016035 0.999860 -0.004858 -5.006651 -0.994481 0.015445 -0.103776 111.784819
-0.104880 0.006579 0.994463 70.868684 0.016000 0.999860 -0.004928 -5.038440 -0.994356 0.015395 -0.104971 111.711861
-0.106056 0.006669 0.994338 71.660197 0.015968 0.999860 -0.005003 -5.070342 -0.994232 0.015347 -0.106147 111.637852
-0.107212 0.006764 0.994213 72.453058 0.015938 0.999860 -0.005084 -5.102352 -0.994108 0.015300 -0.107305 111.562804
-0.108349 0.006865 0.994089 73.247291 0.015910 0.999860 -0.005171 -5.134467 -0.993986 0.015255 -0.108443 111.486730
-0.109468 0.006972 0.993966 74.042915 0.015883 0.999860 -0.005264 -5.166683 -0.993863 0.015211 -0.109563 111.409642
-0.110568 0.007084 0.993843 74.839943 0.015858 0.999860 -0.005363 -5.198997 -0.993742 0.015167 -0.110665 111.331553
-0.111651 0.007201 0.993721 75.638384 0.015834 0.999860 -0.005467 -5.231404 -0.993621 0.015124 -0.111749 111.252477
-0.112716 0.007324 0.993600 76.438240 0.015811 0.999859 -0.005577 -5.263899 -0.993501 0.015081 -0.112816 111.172425
-0.113765 0.007453 0.993480 77.239509 0.015788 0.999859 -0.005693 -5.296479 -0.993382 0.015037 -0.113867 111.091410
-0.114799 0.007588 0.993360 78.042180 0.015766 0.999859 -0.005816 -5.329139 -0.993264 0.014993 -0.114903 111.009444
-0.115820 0.007729 0.993240 78.846239 0.015744 0.999858 -0.005945 -5.361874 -0.993145 0.014949 -0.115925 110.926538
-0.116829 0.007877 0.993121 79.651667 0.015722 0.999858 -0.006081 -5.394679 -0.993028 0.014903 -0.116936 110.842702
-0.117827 0.008032 0.993002 80.458438 0.015699 0.999857 -0.006225 -5.427551 -0.992910 0.014856 -0.117936 110.757946
-0.118817 0.008194 0.992882 81.266521 0.015676 0.999857 -0.006376 -5.460485 -0.992792 0.014807 -0.118928 110.672280
-0.119800 0.008364 0.992763 82.075880 0.015652 0.999856 -0.006534 -5.493476 -0.992675 0.014756 -0.119914 110.585710
-0.120778 0.008540 0.992643 82.886472 0.015627 0.999855 -0.006701 -5.526519 -0.992556 0.014703 -0.120894 110.498245
-0.121754 0.008725 0.992522 83.698254 0.015600 0.999855 -0.006876 -5.559609 -0.992438 0.014647 -0.121872 110.409890
-0.122729 0.008917 0.992400 84.511174 0.015572 0.999854 -0.007058 -5.592741 -0.992318 0.014588 -0.122850 110.320650
-0.123704 0.009116 0.992277 85.325178 0.015543 0.999853 -0.007248 -5.625909 -0.992197 0.014527 -0.123828 110.230527
-0.124682 0.009323 0.992153 86.140208 0.015514 0.999852 -0.007446 -5.659108 -0.992075 0.014463 -0.124808 110.139524
-0.125665 0.009538 0.992027 86.956200 0.015484 0.999851 -0.007652 -5.692330 -0.991952 0.014399 -0.125794 110.047642
-0.126654 0.009761 0.991899 87.773089 0.015454 0.999850 -0.007866 -5.725571 -0.991827 0.014333 -0.126785 109.954881
-0.127650 0.009993 0.991769 88.590806 0.015426 0.999848 -0.008089 -5.758823 -0.991699 0.014266 -0.127785 109.861238
-0.128656 0.010233 0.991636 89.409277 0.015399 0.999847 -0.008319 -5.792080 -0.991570 0.014200 -0.128794 109.766714
-0.129674 0.010481 0.991501 90.228426 0.015374 0.999845 -0.008558 -5.825336 -0.991438 0.014134 -0.129815 109.671304
-0.130704 0.010737 0.991363 91.048174 0.015352 0.999843 -0.008805 -5.858588 -0.991303 0.014068 -0.130848 109.575005
-0.131748 0.011001 0.991222 91.868438 0.015332 0.999841 -0.009058 -5.891835 -0.991165 0.014004 -0.131896 109.477815
-0.132808 0.011272 0.991078 92.689134 0.015317 0.999839 -0.009319 -5.925075 -0.991023 0.013942 -0.132960 109.379728
-0.133886 0.011552 0.990929 93.510172 0.015306 0.999837 -0.009587 -5.958310 -0.990879 0.013883 -0.134041 109.280740
-0.134982 0.011838 0.990777 94.331461 0.015299 0.999834 -0.009862 -5.991541 -0.990730 0.013827 -0.135141 109.180844
-0.136098 0.012132 0.990621 95.152907 0.015299 0.999832 -0.010143 -6.024770 -0.990577 0.013775 -0.136261 109.080036
-0.137235 0.012433 0.990460 95.974415 0.015305 0.999828 -0.010430 -6.057999 -0.990420 0.013727 -0.137402 108.978307
-0.138395 0.012741 0.990295 96.795887 0.015317 0.999825 -0.010723 -6.091231 -0.990259 0.013685 -0.138566 108.875652
-0.139578 0.013056 0.990125 97.617221 0.015337 0.999822 -0.011021 -6.124469 -0.990092 0.013648 -0.139753 108.772062
-0.140785 0.013377 0.989950 98.438317 0.015366 0.999818 -0.011325 -6.157717 -0.989921 0.013617 -0.140964 108.667530
-0.142016 0.013704 0.989769 99.259071 0.015403 0.999814 -0.011633 -6.190978 -0.989744 0.013594 -0.142201 108.562047
-0.143273 0.014036 0.989584 100.079379 0.015450 0.999809 -0.011945 -6.224254 -0.989563 0.013578 -0.143463 108.455607
-0.144556 0.014374 0.989392 100.899134 0.015507 0.999805 -0.012260 -6.257549 -0.989375 0.013570 -0.144751 108.348200
-0.145865 0.014717 0.989195 101.718231 0.015574 0.999800 -0.012578 -6.290866 -0.989182 0.013571 -0.146065 108.239820
-0.147200 0.015064 0.988992 102.536560 0.015651 0.999794 -0.012899 -6.324207 -0.988983 0.013581 -0.147405 108.130459
-0.148561 0.015415 0.988783 103.354015 0.015741 0.999789 -0.013221 -6.357574 -0.988778 0.013600 -0.148772 108.020110
-0.149947 0.015770 0.988568 104.170488 0.015843 0.999783 -0.013545 -6.390970 -0.988567 0.013631 -0.150164 107.908765
-0.151359 0.016128 0.988347 104.985869 0.015957 0.999776 -0.013871 -6.424396 -0.988350 0.013672 -0.151582 107.796419
-0.152795 0.016489 0.988120 105.800052 0.016085 0.999770 -0.014196 -6.457853 -0.988127 0.013725 -0.153025 107.683065
-0.154254 0.016853 0.987888 106.612929 0.016226 0.999763 -0.014522 -6.491343 -0.987898 0.013790 -0.154490 107.568697
-0.155735 0.017219 0.987649 107.424394 0.016382 0.999756 -0.014847 -6.524865 -0.987663 0.013868 -0.155979 107.453311
-0.157236 0.017587 0.987404 108.234342 0.016553 0.999748 -0.015171 -6.558422 -0.987422 0.013959 -0.157488 107.336902
-0.158758 0.017956 0.987154 109.042671 0.016738 0.999740 -0.015493 -6.592012 -0.987176 0.014063 -0.159017 107.219468
-0.160297 0.018327 0.986899 109.849279 0.016938 0.999731 -0.015814 -6.625636 -0.986924 0.014182 -0.160564 107.101007
-0.161852 0.018698 0.986638 110.654066 0.017154 0.999723 -0.016131 -6.659292 -0.986666 0.014314 -0.162128 106.981517
-0.163423 0.019068 0.986372 111.456934 0.017386 0.999714 -0.016446 -6.692979 -0.986403 0.014461 -0.163707 106.860998
-0.165005 0.019438 0.986101 112.257789 0.017633 0.999704 -0.016755 -6.726696 -0.986135 0.014623 -0.165299 106.739451
-0.166598 0.019806 0.985826 113.056538 0.017897 0.999694 -0.017060 -6.760440 -0.985862 0.014801 -0.166902 106.616880
-0.168199 0.020171 0.985547 113.853090 0.018177 0.999684 -0.017359 -6.794209 -0.985585 0.014994 -0.168512 106.493287
-0.169805 0.020535 0.985264 114.647357 0.018473 0.999674 -0.017651 -6.828000 -0.985305 0.015204 -0.170129 106.368680
-0.171413 0.020895 0.984978 115.439255 0.018786 0.999663 -0.017937 -6.861811 -0.985020 0.015429 -0.171748 106.243067
-0.173021 0.021252 0.984689 116.228702 0.019115 0.999651 -0.018216 -6.895639 -0.984733 0.015671 -0.173367 106.116459
-0.174625 0.021605 0.984398 117.015618 0.019460 0.999640 -0.018487 -6.929480 -0.984443 0.015928 -0.174983 105.988869
-0.176223 0.021953 0.984106 117.799928 0.019821 0.999628 -0.018750 -6.963332 -0.984151 0.016202 -0.176592 105.860312
-0.177809 0.022295 0.983812 118.581560 0.020197 0.999615 -0.019003 -6.997190 -0.983858 0.016491 -0.178191 105.730806
-0.179383 0.022632 0.983519 119.360444 0.020588 0.999603 -0.019247 -7.031050 -0.983564 0.016796 -0.179777 105.600373
-0.180939 0.022962 0.983226 120.136513 0.020992 0.999590 -0.019481 -7.064910 -0.983270 0.017116 -0.181347 105.469035
-0.182475 0.023285 0.982935 120.909704 0.021411 0.999577 -0.019704 -7.098765 -0.982977 0.017450 -0.182896 105.336818
-0.183987 0.023600 0.982645 121.679957 0.021843 0.999563 -0.019917 -7.132610 -0.982686 0.017799 -0.184422 105.203750
-0.185472 0.023907 0.982359 122.447214 0.022287 0.999549 -0.020118 -7.166441 -0.982397 0.018162 -0.185922 105.069860
-0.186927 0.024205 0.982076 123.211420 0.022743 0.999535 -0.020307 -7.200254 -0.982111 0.018539 -0.187391 104.935184
-0.188348 0.024493 0.981797 123.972525 0.023209 0.999521 -0.020483 -7.234044 -0.981828 0.018929 -0.188826 104.799755
-0.189731 0.024772 0.981524 124.730478 0.023686 0.999506 -0.020647 -7.267808 -0.981550 0.019331 -0.190224 104.663613
-0.191075 0.025039 0.981256 125.485233 0.024171 0.999491 -0.020797 -7.301539 -0.981278 0.019744 -0.191583 104.526798
-0.192375 0.025295 0.980995 126.236746 0.024664 0.999477 -0.020935 -7.335235 -0.981012 0.020168 -0.192898 104.389354
-0.193629 0.025539 0.980742 126.984976 0.025163 0.999462 -0.021059 -7.368889 -0.980752 0.020601 -0.194167 104.251326
-0.194834 0.025771 0.980498 127.729885 0.025667 0.999446 -0.021169 -7.402497 -0.980500 0.021042 -0.195388 104.112760
-0.195989 0.025990 0.980262 128.471435 0.026174 0.999431 -0.021265 -7.436054 -0.980257 0.021490 -0.196557 103.973706
-0.197089 0.026195 0.980036 129.209595 0.026684 0.999416 -0.021347 -7.469554 -0.980022 0.021944 -0.197673 103.834215
-0.198134 0.026387 0.979820 129.944333 0.027195 0.999401 -0.021415 -7.502993 -0.979798 0.022403 -0.198733 103.694338
-0.199121 0.026564 0.979615 130.675622 0.027705 0.999386 -0.021469 -7.536364 -0.979583 0.022866 -0.199734 103.554128
-0.200048 0.026728 0.979422 131.403436 0.028214 0.999370 -0.021509 -7.569660 -0.979380 0.023330 -0.200676 103.413639
-0.200914 0.026876 0.979240 132.127753 0.028719 0.999355 -0.021536 -7.602874 -0.979188 0.023796 -0.201556 103.272928
-0.201717 0.027010 0.979071 132.848555 0.029220 0.999341 -0.021549 -7.635998 -0.979008 0.024262 -0.202373 103.132049
-0.202456 0.027129 0.978916 133.565823 0.029715 0.999326 -0.021549 -7.669025 -0.978840 0.024725 -0.203125 102.991059
-0.203130 0.027233 0.978773 134.279546 0.030202 0.999312 -0.021536 -7.701945 -0.978686 0.025186 -0.203813 102.850017
-0.203738 0.027322 0.978644 134.989712 0.030680 0.999298 -0.021511 -7.734752 -0.978545 0.025642 -0.204434 102.708977
-0.204280 0.027395 0.978529 135.696314 0.031148 0.999284 -0.021473 -7.767436 -0.978417 0.026093 -0.204987 102.567999
-0.204756 0.027452 0.978428 136.399348 0.031605 0.999271 -0.021423 -7.799989 -0.978303 0.026537 -0.205474 102.427138
-0.205164 0.027494 0.978341 137.098811 0.032049 0.999258 -0.021360 -7.832402 -0.978203 0.026973 -0.205893 102.286451
-0.205506 0.027519 0.978269 137.794704 0.032479 0.999246 -0.021286 -7.864668 -0.978117 0.027399 -0.206245 102.145995
-0.205782 0.027528 0.978210 138.487031 0.032894 0.999234 -0.021200 -7.896777 -0.978045 0.027814 -0.206530 102.005824
-0.205994 0.027522 0.978166 139.175797 0.033292 0.999223 -0.021103 -7.928722 -0.977987 0.028218 -0.206750 101.865991
-0.206143 0.027499 0.978135 139.861013 0.033672 0.999212 -0.020995 -7.960495 -0.977942 0.028608 -0.206907 101.726548
-0.206231 0.027460 0.978118 140.542688 0.034033 0.999203 -0.020876 -7.992087 -0.977911 0.028983 -0.207001 101.587547
-0.206260 0.027405 0.978113 141.220837 0.034375 0.999194 -0.020747 -8.023490 -0.977893 0.029343 -0.207036 101.449034
-0.206235 0.027334 0.978121 141.895476 0.034695 0.999185 -0.020607 -8.054697 -0.977887 0.029686 -0.207015 101.311056
-0.206158 0.027246 0.978139 142.566622 0.034993 0.999178 -0.020457 -8.085701 -0.977893 0.030011 -0.206942 101.173655
-0.206033 0.027143 0.978168 143.234295 0.035269 0.999172 -0.020297 -8.116494 -0.977909 0.030317 -0.206820 101.036871
-0.205866 0.027025 0.978207 143.898517 0.035521 0.999166 -0.020128 -8.147068 -0.977935 0.030603 -0.206655 100.900740
-0.205662 0.026891 0.978254 144.559311 0.035750 0.999162 -0.019950 -8.177417 -0.977970 0.030869 -0.206451 100.765295
-0.205424 0.026742 0.978308 145.216701 0.035955 0.999158 -0.019763 -8.207534 -0.978012 0.031115 -0.206213 100.630565
-0.205159 0.026579 0.978368 145.870715 0.036136 0.999155 -0.019567 -8.237412 -0.978061 0.031340 -0.205946 100.496576
-0.204871 0.026402 0.978433 146.521378 0.036294 0.999154 -0.019362 -8.267045 -0.978116 0.031545 -0.205656 100.363350
-0.204564 0.026212 0.978502 147.168720 0.036429 0.999153 -0.019149 -8.296429 -0.978175 0.031729 -0.205346 100.230907
-0.204243 0.026008 0.978575 147.812768 0.036541 0.999153 -0.018929 -8.325556 -0.978238 0.031892 -0.205021 100.099263
-0.203913 0.025792 0.978649 148.453553 0.036630 0.999154 -0.018700 -8.354424 -0.978304 0.032035 -0.204685 99.968433
-0.203578 0.025565 0.978725 149.091103 0.036697 0.999156 -0.018465 -8.383027 -0.978371 0.032157 -0.204344 99.838427
-0.203241 0.025326 0.978801 149.725451 0.036741 0.999159 -0.018223 -8.411362 -0.978439 0.032259 -0.204001 99.709254
-0.202907 0.025076 0.978877 150.356628 0.036764 0.999162 -0.017975 -8.439425 -0.978508 0.032340 -0.203659 99.580919
-0.202580 0.024816 0.978951 150.984664 0.036765 0.999167 -0.017721 -8.467212 -0.978575 0.032401 -0.203323 99.453425
-0.202262 0.024547 0.979024 151.609593 0.036745 0.999172 -0.017461 -8.494721 -0.978642 0.032442 -0.202996 99.326772
-0.201957 0.024269 0.979094 152.231448 0.036704 0.999178 -0.017196 -8.521949 -0.978706 0.032464 -0.202681 99.200959
-0.201666 0.023983 0.979161 152.850261 0.036644 0.999185 -0.016926 -8.548894 -0.978769 0.032467 -0.202381 99.075980
-0.201393 0.023690 0.979224 153.466068 0.036565 0.999193 -0.016653 -8.575554 -0.978828 0.032452 -0.202096 98.951830
