0.999926 0.005477 -0.010824 -0.130353 -0.005497 0.999983 -0.001787 -0.197548 0.010814 0.001847 0.999940 8.957820
0.999926 0.005516 -0.010862 -0.139671 -0.005536 0.999983 -0.001734 -0.210766 0.010853 0.001794 0.999939 9.574478
0.999925 0.005556 -0.010899 -0.149346 -0.005575 0.999983 -0.001680 -0.224399 0.010890 0.001741 0.999939 10.212514
0.999925 0.005597 -0.010933 -0.159381 -0.005615 0.999983 -0.001625 -0.238450 0.010924 0.001687 0.999939 10.872176
0.999924 0.005638 -0.010964 -0.169780 -0.005656 0.999983 -0.001571 -0.252921 0.010955 0.001633 0.999939 11.553700
0.999923 0.005680 -0.010990 -0.180545 -0.005697 0.999983 -0.001516 -0.267813 0.010981 0.001578 0.999938 12.257314
0.999923 0.005723 -0.011011 -0.191677 -0.005739 0.999982 -0.001460 -0.283129 0.011003 0.001524 0.999938 12.983233
0.999923 0.005765 -0.011027 -0.203177 -0.005781 0.999982 -0.001405 -0.298870 0.011018 0.001469 0.999938 13.731664
0.999922 0.005808 -0.011036 -0.215046 -0.005824 0.999982 -0.001349 -0.315037 0.011028 0.001414 0.999938 14.502805
0.999922 0.005852 -0.011039 -0.227282 -0.005866 0.999982 -0.001294 -0.331631 0.011031 0.001358 0.999938 15.296842
0.999922 0.005896 -0.011035 -0.239883 -0.005910 0.999982 -0.001238 -0.348654 0.011027 0.001303 0.999938 16.113951
0.999922 0.005940 -0.011023 -0.252847 -0.005953 0.999982 -0.001182 -0.366105 0.011016 0.001248 0.999939 16.954299
0.999922 0.005984 -0.011004 -0.266169 -0.005997 0.999981 -0.001127 -0.383986 0.010997 0.001193 0.999939 17.818041
0.999922 0.006028 -0.010976 -0.279846 -0.006041 0.999981 -0.001072 -0.402296 0.010969 0.001138 0.999939 18.705326
0.999922 0.006073 -0.010939 -0.293872 -0.006084 0.999981 -0.001017 -0.421036 0.010933 0.001084 0.999940 19.616288
0.999922 0.006117 -0.010894 -0.308239 -0.006128 0.999981 -0.000963 -0.440205 0.010888 0.001030 0.999940 20.551055
0.999922 0.006162 -0.010840 -0.322942 -0.006172 0.999981 -0.000909 -0.459803 0.010834 0.000976 0.999941 21.509744
0.999923 0.006206 -0.010777 -0.337970 -0.006215 0.999980 -0.000856 -0.479830 0.010771 0.000923 0.999942 22.492462
0.999923 0.006249 -0.010705 -0.353315 -0.006258 0.999980 -0.000804 -0.500286 0.010699 0.000871 0.999942 23.499305
0.999924 0.006293 -0.010624 -0.368968 -0.006301 0.999980 -0.000753 -0.521171 0.010619 0.000820 0.999943 24.530361
0.999924 0.006335 -0.010535 -0.384917 -0.006343 0.999980 -0.000703 -0.542485 0.010531 0.000770 0.999944 25.585708
0.999925 0.006378 -0.010438 -0.401152 -0.006385 0.999979 -0.000655 -0.564227 0.010434 0.000721 0.999945 26.665413
0.999926 0.006420 -0.010333 -0.417661 -0.006426 0.999979 -0.000608 -0.586398 0.010329 0.000674 0.999946 27.769535
0.999927 0.006461 -0.010221 -0.434431 -0.006467 0.999979 -0.000563 -0.608998 0.010217 0.000629 0.999948 28.898121
0.999928 0.006502 -0.010101 -0.451451 -0.006508 0.999979 -0.000519 -0.632026 0.010097 0.000585 0.999949 30.051212
0.999929 0.006543 -0.009974 -0.468707 -0.006548 0.999978 -0.000477 -0.655483 0.009971 0.000543 0.999950 31.228836
0.999930 0.006601 -0.009843 -0.483873 -0.006606 0.999978 -0.000413 -0.675507 0.009840 0.000478 0.999951 32.261898
0.999931 0.006660 -0.009703 -0.499072 -0.006663 0.999978 -0.000349 -0.695693 0.009700 0.000414 0.999953 33.307529
0.999932 0.006718 -0.009553 -0.514282 -0.006721 0.999977 -0.000287 -0.716032 0.009550 0.000352 0.999954 34.365238
0.999933 0.006777 -0.009392 -0.529480 -0.006780 0.999977 -0.000227 -0.736514 0.009391 0.000291 0.999956 35.434533
0.999934 0.006836 -0.009222 -0.544643 -0.006838 0.999977 -0.000168 -0.757130 0.009221 0.000231 0.999957 36.514922
0.999935 0.006894 -0.009042 -0.559748 -0.006896 0.999976 -0.000111 -0.777870 0.009041 0.000173 0.999959 37.605914
0.999937 0.006953 -0.008850 -0.574772 -0.006954 0.999976 -0.000055 -0.798726 0.008850 0.000117 0.999961 38.707017
0.999938 0.007012 -0.008648 -0.589692 -0.007013 0.999975 -0.000002 -0.819691 0.008648 0.000063 0.999963 39.817739
0.999939 0.007072 -0.008435 -0.604482 -0.007072 0.999975 0.000049 -0.840755 0.008435 0.000011 0.999964 40.937590
0.999941 0.007132 -0.008210 -0.619120 -0.007131 0.999975 0.000098 -0.861911 0.008211 -0.000039 0.999966 42.066077
0.999942 0.007192 -0.007974 -0.633580 -0.007191 0.999974 0.000145 -0.883152 0.007975 -0.000087 0.999968 43.202710
0.999944 0.007252 -0.007726 -0.647839 -0.007251 0.999974 0.000189 -0.904470 0.007727 -0.000133 0.999970 44.346999
0.999945 0.007313 -0.007466 -0.661869 -0.007311 0.999973 0.000231 -0.925859 0.007468 -0.000176 0.999972 45.498454
0.999947 0.007374 -0.007194 -0.675647 -0.007372 0.999973 0.000270 -0.947312 0.007196 -0.000217 0.999974 46.656584
0.999948 0.007435 -0.006909 -0.689146 -0.007433 0.999972 0.000307 -0.968821 0.006911 -0.000256 0.999976 47.820903
0.999950 0.007496 -0.006612 -0.702341 -0.007494 0.999972 0.000341 -0.990381 0.006614 -0.000292 0.999978 48.990920
0.999952 0.007557 -0.006302 -0.715206 -0.007554 0.999971 0.000373 -1.011986 0.006304 -0.000325 0.999980 50.166149
0.999953 0.007617 -0.005979 -0.727714 -0.007615 0.999971 0.000402 -1.033629 0.005982 -0.000356 0.999982 51.346105
0.999955 0.007678 -0.005644 -0.739842 -0.007675 0.999970 0.000428 -1.055303 0.005647 -0.000385 0.999984 52.530301
0.999956 0.007737 -0.005295 -0.751562 -0.007735 0.999970 0.000452 -1.077003 0.005299 -0.000411 0.999986 53.718253
0.999957 0.007797 -0.004935 -0.762852 -0.007795 0.999970 0.000473 -1.098723 0.004938 -0.000435 0.999988 54.909478
0.999959 0.007856 -0.004562 -0.773686 -0.007854 0.999969 0.000491 -1.120457 0.004565 -0.000455 0.999989 56.103495
0.999960 0.007915 -0.004176 -0.784041 -0.007913 0.999969 0.000507 -1.142199 0.004180 -0.000474 0.999991 57.299822
0.999961 0.007974 -0.003779 -0.793895 -0.007972 0.999968 0.000520 -1.163943 0.003783 -0.000489 0.999993 58.497982
0.999962 0.008032 -0.003370 -0.803226 -0.008031 0.999968 0.000530 -1.185682 0.003374 -0.000503 0.999994 59.697495
0.999963 0.008090 -0.002950 -0.812013 -0.008089 0.999967 0.000538 -1.207412 0.002955 -0.000514 0.999996 60.897887
0.999964 0.008147 -0.002521 -0.820271 -0.008146 0.999967 0.000542 -1.229194 0.002525 -0.000522 0.999997 62.101609
0.999964 0.008202 -0.002082 -0.827986 -0.008201 0.999966 0.000543 -1.251029 0.002087 -0.000526 0.999998 63.308432
0.999965 0.008256 -0.001636 -0.835143 -0.008255 0.999966 0.000541 -1.272914 0.001640 -0.000528 0.999999 64.518139
0.999965 0.008309 -0.001183 -0.841730 -0.008308 0.999965 0.000536 -1.294852 0.001188 -0.000526 0.999999 65.730524
0.999965 0.008360 -0.000725 -0.847738 -0.008359 0.999965 0.000527 -1.316843 0.000729 -0.000521 1.000000 66.945393
0.999965 0.008409 -0.000262 -0.853158 -0.008409 0.999965 0.000514 -1.338886 0.000266 -0.000512 1.000000 68.162562
0.999964 0.008457 0.000203 -0.857983 -0.008457 0.999964 0.000499 -1.360983 -0.000199 -0.000500 1.000000 69.381858
0.999964 0.008503 0.000670 -0.862209 -0.008504 0.999964 0.000479 -1.383137 -0.000666 -0.000485 1.000000 70.603122
0.999963 0.008548 0.001137 -0.865835 -0.008549 0.999963 0.000457 -1.405347 -0.001133 -0.000467 0.999999 71.826203
0.999962 0.008591 0.001602 -0.868860 -0.008592 0.999963 0.000431 -1.427616 -0.001599 -0.000445 0.999999 73.050963
0.999961 0.008633 0.002064 -0.871287 -0.008634 0.999963 0.000402 -1.449946 -0.002061 -0.000420 0.999998 74.277275
0.999959 0.008673 0.002521 -0.873120 -0.008674 0.999962 0.000370 -1.472339 -0.002518 -0.000392 0.999997 75.505022
0.999958 0.008712 0.002971 -0.874367 -0.008713 0.999962 0.000335 -1.494797 -0.002968 -0.000361 0.999996 76.734098
0.999956 0.008750 0.003413 -0.875038 -0.008751 0.999962 0.000297 -1.517323 -0.003410 -0.000327 0.999994 77.964408
0.999954 0.008786 0.003844 -0.875143 -0.008787 0.999961 0.000257 -1.539918 -0.003842 -0.000290 0.999993 79.195868
0.999952 0.008822 0.004264 -0.874698 -0.008823 0.999961 0.000213 -1.562586 -0.004262 -0.000251 0.999991 80.428402
0.999950 0.008857 0.004671 -0.873719 -0.008857 0.999961 0.000168 -1.585327 -0.004669 -0.000209 0.999989 81.661947
0.999948 0.008891 0.005064 -0.872222 -0.008891 0.999960 0.000120 -1.608144 -0.005062 -0.000165 0.999987 82.896450
0.999945 0.008924 0.005441 -0.870228 -0.008925 0.999960 0.000071 -1.631040 -0.005440 -0.000120 0.999985 84.131866
0.999943 0.008957 0.005801 -0.867757 -0.008957 0.999960 0.000020 -1.654014 -0.005800 -0.000072 0.999983 85.368163
0.999941 0.008989 0.006144 -0.864833 -0.008989 0.999960 -0.000031 -1.677069 -0.006144 -0.000024 0.999981 86.605316
0.999938 0.009021 0.006468 -0.861478 -0.009020 0.999959 -0.000084 -1.700206 -0.006468 0.000026 0.999979 87.843312
0.999936 0.009052 0.006772 -0.857718 -0.009051 0.999959 -0.000138 -1.723427 -0.006773 0.000077 0.999977 89.082147
0.999934 0.009082 0.007057 -0.853579 -0.009081 0.999959 -0.000193 -1.746731 -0.007058 0.000129 0.999975 90.321828
0.999932 0.009113 0.007320 -0.849087 -0.009111 0.999958 -0.000249 -1.770122 -0.007322 0.000182 0.999973 91.562370
0.999930 0.009143 0.007562 -0.844271 -0.009141 0.999958 -0.000305 -1.793599 -0.007565 0.000236 0.999971 92.803800
0.999928 0.009173 0.007783 -0.839158 -0.009170 0.999958 -0.000362 -1.817164 -0.007786 0.000290 0.999970 94.046153
0.999926 0.009202 0.007980 -0.833778 -0.009199 0.999958 -0.000418 -1.840817 -0.007984 0.000345 0.999968 95.289465
0.999924 0.009231 0.008155 -0.828160 -0.009227 0.999957 -0.000475 -1.864558 -0.008159 0.000399 0.999967 96.533771
0.999923 0.009259 0.008307 -0.822334 -0.009255 0.999957 -0.000530 -1.888387 -0.008311 0.000454 0.999965 97.779106
0.999921 0.009287 0.008435 -0.816330 -0.009282 0.999957 -0.000586 -1.912305 -0.008440 0.000507 0.999964 99.025505
0.999920 0.009313 0.008539 -0.810179 -0.009308 0.999956 -0.000640 -1.936309 -0.008545 0.000560 0.999963 100.273001
0.999919 0.009338 0.008619 -0.803912 -0.009333 0.999956 -0.000693 -1.960400 -0.008625 0.000612 0.999963 101.521628
0.999919 0.009362 0.008674 -0.797560 -0.009356 0.999956 -0.000745 -1.984575 -0.008681 0.000663 0.999962 102.771417
0.999918 0.009383 0.008704 -0.791154 -0.009377 0.999956 -0.000795 -2.008835 -0.008711 0.000714 0.999962 104.022400
0.999918 0.009403 0.008710 -0.784727 -0.009396 0.999955 -0.000844 -2.033177 -0.008717 0.000762 0.999962 105.274607
0.999918 0.009421 0.008689 -0.778312 -0.009414 0.999955 -0.000892 -2.057601 -0.008697 0.000810 0.999962 106.528066
0.999918 0.009437 0.008644 -0.771940 -0.009429 0.999955 -0.000938 -2.082105 -0.008652 0.000856 0.999962 107.782805
0.999919 0.009451 0.008572 -0.765646 -0.009443 0.999955 -0.000982 -2.106688 -0.008581 0.000901 0.999963 109.038849
0.999919 0.009463 0.008475 -0.759462 -0.009455 0.999955 -0.001025 -2.131348 -0.008484 0.000945 0.999964 110.296222
0.999920 0.009473 0.008352 -0.753421 -0.009465 0.999955 -0.001067 -2.156085 -0.008362 0.000987 0.999965 111.554945
0.999921 0.009482 0.008204 -0.747557 -0.009473 0.999955 -0.001106 -2.180898 -0.008214 0.001029 0.999966 112.815037
0.999923 0.009489 0.008031 -0.741902 -0.009480 0.999954 -0.001145 -2.205786 -0.008041 0.001069 0.999967 114.076517
0.999924 0.009496 0.007833 -0.736489 -0.009487 0.999954 -0.001182 -2.230748 -0.007844 0.001107 0.999969 115.339398
0.999926 0.009501 0.007610 -0.731349 -0.009492 0.999954 -0.001217 -2.255783 -0.007621 0.001145 0.999970 116.603692
0.999928 0.009505 0.007363 -0.726514 -0.009496 0.999954 -0.001251 -2.280892 -0.007374 0.001181 0.999972 117.869409
0.999930 0.009508 0.007092 -0.722015 -0.009500 0.999954 -0.001283 -2.306073 -0.007104 0.001216 0.999974 119.136555
0.999932 0.009511 0.006798 -0.717880 -0.009502 0.999954 -0.001315 -2.331326 -0.006811 0.001250 0.999976 120.405133
0.999934 0.009513 0.006482 -0.714138 -0.009504 0.999954 -0.001346 -2.356652 -0.006495 0.001284 0.999978 121.675142
0.999936 0.009514 0.006145 -0.710816 -0.009506 0.999954 -0.001375 -2.382051 -0.006158 0.001317 0.999980 122.946579
0.999938 0.009515 0.005787 -0.707942 -0.009507 0.999954 -0.001403 -2.407522 -0.005800 0.001348 0.999982 124.219437
0.999940 0.009515 0.005409 -0.705540 -0.009508 0.999954 -0.001431 -2.433065 -0.005423 0.001379 0.999984 125.493705
0.999942 0.009515 0.005013 -0.703635 -0.009508 0.999954 -0.001457 -2.458680 -0.005027 0.001409 0.999986 126.769368
0.999944 0.009515 0.004599 -0.702248 -0.009509 0.999954 -0.001482 -2.484368 -0.004613 0.001438 0.999988 128.046409
0.999946 0.009515 0.004169 -0.701400 -0.009509 0.999954 -0.001505 -2.510126 -0.004184 0.001465 0.999990 129.324804
0.999948 0.009515 0.003724 -0.701111 -0.009509 0.999954 -0.001527 -2.535955 -0.003739 0.001492 0.999992 130.604527
0.999949 0.009514 0.003265 -0.701398 -0.009509 0.999954 -0.001548 -2.561853 -0.003280 0.001517 0.999993 131.885548
0.999951 0.009513 0.002794 -0.702277 -0.009509 0.999954 -0.001568 -2.587821 -0.002809 0.001541 0.999995 133.167833
0.999952 0.009512 0.002312 -0.703760 -0.009509 0.999954 -0.001586 -2.613857 -0.002327 0.001564 0.999996 134.451342
0.999953 0.009511 0.001820 -0.705861 -0.009508 0.999954 -0.001603 -2.639959 -0.001835 0.001586 0.999997 135.736033
0.999954 0.009509 0.001320 -0.708588 -0.009507 0.999953 -0.001619 -2.666128 -0.001335 0.001606 0.999998 137.021859
0.999954 0.009507 0.000813 -0.711950 -0.009506 0.999953 -0.001634 -2.692362 -0.000829 0.001626 0.999998 138.308767
0.999955 0.009504 0.000302 -0.715952 -0.009504 0.999953 -0.001647 -2.718659 -0.000318 0.001645 0.999999 139.596701
0.999955 0.009500 -0.000213 -0.720598 -0.009501 0.999953 -0.001660 -2.745020 0.000197 0.001662 0.999999 140.885601
0.999955 0.009496 -0.000730 -0.725889 -0.009497 0.999954 -0.001671 -2.771442 0.000714 0.001678 0.999998 142.175403
0.999954 0.009490 -0.001247 -0.731827 -0.009492 0.999954 -0.001682 -2.797926 0.001231 0.001693 0.999998 143.466036
0.999953 0.009483 -0.001764 -0.738407 -0.009486 0.999954 -0.001691 -2.824469 0.001748 0.001708 0.999997 144.757426
0.999953 0.009475 -0.002280 -0.745628 -0.009479 0.999954 -0.001699 -2.851070 0.002264 0.001721 0.999996 146.049494
0.999951 0.009465 -0.002793 -0.753485 -0.009470 0.999954 -0.001706 -2.877730 0.002777 0.001733 0.999995 147.342157
0.999950 0.009454 -0.003303 -0.761971 -0.009460 0.999954 -0.001713 -2.904445 0.003287 0.001744 0.999993 148.635326
0.999948 0.009442 -0.003808 -0.771078 -0.009448 0.999954 -0.001719 -2.931217 0.003792 0.001754 0.999991 149.928906
0.999946 0.009428 -0.004309 -0.780797 -0.009435 0.999954 -0.001723 -2.958044 0.004293 0.001764 0.999989 151.222800
0.999944 0.009412 -0.004804 -0.791119 -0.009420 0.999954 -0.001727 -2.984924 0.004787 0.001772 0.999987 152.516904
0.999942 0.009394 -0.005292 -0.802033 -0.009403 0.999954 -0.001730 -3.011857 0.005276 0.001780 0.999984 153.811109
0.999939 0.009375 -0.005774 -0.813526 -0.009385 0.999954 -0.001732 -3.038842 0.005758 0.001786 0.999982 155.105301
0.999937 0.009354 -0.006249 -0.825587 -0.009365 0.999955 -0.001733 -3.065876 0.006233 0.001791 0.999979 156.399362
0.999934 0.009331 -0.006717 -0.838202 -0.009343 0.999955 -0.001733 -3.092960 0.006701 0.001795 0.999976 157.693168
0.999931 0.009306 -0.007178 -0.851359 -0.009319 0.999955 -0.001732 -3.120092 0.007161 0.001799 0.999973 158.986590
0.999928 0.009281 -0.007630 -0.865042 -0.009294 0.999955 -0.001730 -3.147271 0.007614 0.001801 0.999969 160.279496
0.999925 0.009254 -0.008075 -0.879239 -0.009268 0.999956 -0.001728 -3.174496 0.008059 0.001803 0.999966 161.571747
0.999921 0.009226 -0.008512 -0.893934 -0.009241 0.999956 -0.001726 -3.201766 0.008495 0.001805 0.999962 162.863201
0.999918 0.009197 -0.008940 -0.909112 -0.009213 0.999956 -0.001723 -3.229081 0.008924 0.001805 0.999959 164.153713
0.999914 0.009168 -0.009359 -0.924758 -0.009185 0.999956 -0.001720 -3.256438 0.009343 0.001806 0.999955 165.443131
0.999911 0.009139 -0.009770 -0.940855 -0.009157 0.999957 -0.001716 -3.283837 0.009754 0.001805 0.999951 166.731301
0.999907 0.009111 -0.010171 -0.957387 -0.009129 0.999957 -0.001712 -3.311277 0.010155 0.001804 0.999947 168.018064
0.999903 0.009082 -0.010563 -0.974337 -0.009101 0.999957 -0.001707 -3.338755 0.010547 0.001803 0.999943 169.303258
0.999899 0.009055 -0.010945 -0.991688 -0.009074 0.999957 -0.001701 -3.366269 0.010929 0.001800 0.999939 170.586716
0.999895 0.009028 -0.011317 -1.009423 -0.009048 0.999958 -0.001695 -3.393817 0.011301 0.001797 0.999935 171.868271
0.999891 0.009003 -0.011679 -1.027524 -0.009023 0.999958 -0.001688 -3.421396 0.011663 0.001793 0.999930 173.147748
0.999887 0.008978 -0.012030 -1.045974 -0.008999 0.999958 -0.001680 -3.449003 0.012015 0.001788 0.999926 174.424973
0.999883 0.008955 -0.012372 -1.064754 -0.008976 0.999958 -0.001671 -3.476634 0.012357 0.001782 0.999922 175.699767
0.999879 0.008932 -0.012703 -1.083846 -0.008954 0.999959 -0.001661 -3.504286 0.012688 0.001774 0.999918 176.971951
0.999875 0.008911 -0.013025 -1.103232 -0.008933 0.999959 -0.001649 -3.531953 0.013009 0.001766 0.999914 178.241342
0.999872 0.008890 -0.013335 -1.122894 -0.008913 0.999959 -0.001637 -3.559631 0.013320 0.001755 0.999910 179.507754
0.999868 0.008870 -0.013636 -1.142814 -0.008893 0.999959 -0.001623 -3.587314 0.013621 0.001744 0.999906 180.771002
0.999864 0.008851 -0.013927 -1.162975 -0.008874 0.999959 -0.001608 -3.614999 0.013912 0.001731 0.999902 182.030899
0.999860 0.008832 -0.014207 -1.183360 -0.008856 0.999960 -0.001591 -3.642678 0.014193 0.001716 0.999898 183.287256
0.999856 0.008815 -0.014478 -1.203952 -0.008838 0.999960 -0.001572 -3.670346 0.014464 0.001700 0.999894 184.539883
0.999853 0.008798 -0.014739 -1.224734 -0.008822 0.999960 -0.001553 -3.697997 0.014725 0.001682 0.999890 185.788592
0.999849 0.008781 -0.014991 -1.245690 -0.008805 0.999960 -0.001531 -3.725625 0.014977 0.001663 0.999886 187.033192
0.999846 0.008766 -0.015233 -1.266806 -0.008790 0.999960 -0.001509 -3.753222 0.015220 0.001643 0.999883 188.273496
0.999842 0.008750 -0.015467 -1.288064 -0.008774 0.999960 -0.001486 -3.780783 0.015453 0.001621 0.999879 189.509315
0.999839 0.008735 -0.015691 -1.309451 -0.008759 0.999961 -0.001462 -3.808303 0.015678 0.001599 0.999876 190.740463
0.999835 0.008721 -0.015907 -1.330951 -0.008745 0.999961 -0.001437 -3.835773 0.015894 0.001576 0.999872 191.966756
0.999832 0.008707 -0.016114 -1.352551 -0.008731 0.999961 -0.001412 -3.863190 0.016101 0.001552 0.999869 193.188011
0.999829 0.008694 -0.016313 -1.374237 -0.008717 0.999961 -0.001386 -3.890546 0.016301 0.001528 0.999866 194.404047
0.999826 0.008681 -0.016504 -1.395995 -0.008704 0.999961 -0.001360 -3.917836 0.016491 0.001503 0.999863 195.614689
0.999823 0.008668 -0.016687 -1.417813 -0.008692 0.999961 -0.001334 -3.945054 0.016674 0.001478 0.999860 196.819761
0.999820 0.008657 -0.016861 -1.439677 -0.008680 0.999961 -0.001308 -3.972193 0.016849 0.001454 0.999857 198.019093
0.999818 0.008646 -0.017027 -1.461575 -0.008669 0.999962 -0.001282 -3.999249 0.017016 0.001429 0.999854 199.212520
0.999815 0.008636 -0.017185 -1.483495 -0.008659 0.999962 -0.001257 -4.026216 0.017174 0.001405 0.999852 200.399879
0.999813 0.008627 -0.017335 -1.505425 -0.008649 0.999962 -0.001232 -4.053088 0.017324 0.001382 0.999849 201.581014
0.999810 0.008619 -0.017476 -1.527352 -0.008641 0.999962 -0.001208 -4.079860 0.017465 0.001359 0.999847 202.755775
0.999808 0.008612 -0.017608 -1.549265 -0.008634 0.999962 -0.001185 -4.106527 0.017597 0.001337 0.999844 203.924016
0.999806 0.008606 -0.017731 -1.571151 -0.008628 0.999962 -0.001164 -4.133084 0.017720 0.001316 0.999842 205.085601
0.999804 0.008601 -0.017844 -1.592999 -0.008623 0.999962 -0.001144 -4.159526 0.017834 0.001297 0.999840 206.240397
0.999802 0.008597 -0.017947 -1.614795 -0.008619 0.999962 -0.001126 -4.185848 0.017937 0.001280 0.999838 207.388284
0.999800 0.008595 -0.018039 -1.636527 -0.008616 0.999962 -0.001109 -4.212047 0.018028 0.001264 0.999837 208.529146
0.999799 0.008594 -0.018118 -1.658183 -0.008615 0.999962 -0.001095 -4.238119 0.018108 0.001251 0.999835 209.662877
0.999798 0.008594 -0.018185 -1.679749 -0.008615 0.999962 -0.001083 -4.264059 0.018175 0.001239 0.999834 210.789380
0.999797 0.008595 -0.018238 -1.701211 -0.008616 0.999962 -0.001073 -4.289864 0.018228 0.001230 0.999833 211.908570
0.999796 0.008597 -0.018277 -1.722557 -0.008618 0.999962 -0.001065 -4.315530 0.018267 0.001223 0.999832 213.020367
0.999796 0.008601 -0.018301 -1.743771 -0.008622 0.999962 -0.001061 -4.341054 0.018291 0.001219 0.999832 214.124705
0.999795 0.008606 -0.018308 -1.764839 -0.008627 0.999962 -0.001059 -4.366434 0.018298 0.001217 0.999832 215.221528
0.999795 0.008611 -0.018299 -1.785748 -0.008632 0.999962 -0.001061 -4.391667 0.018289 0.001219 0.999832 216.310789
0.999796 0.008618 -0.018271 -1.806480 -0.008639 0.999962 -0.001066 -4.416751 0.018261 0.001224 0.999833 217.392451
0.999797 0.008626 -0.018225 -1.827020 -0.008647 0.999962 -0.001074 -4.441684 0.018215 0.001231 0.999833 218.466490
0.999798 0.008634 -0.018159 -1.847354 -0.008655 0.999962 -0.001086 -4.466464 0.018149 0.001242 0.999835 219.532890
0.999799 0.008643 -0.018072 -1.867463 -0.008664 0.999962 -0.001100 -4.491089 0.018062 0.001257 0.999836 220.591647
0.999801 0.008652 -0.017965 -1.887331 -0.008674 0.999962 -0.001118 -4.515559 0.017954 0.001274 0.999838 221.642767
0.999803 0.008662 -0.017835 -1.906942 -0.008683 0.999962 -0.001140 -4.539871 0.017825 0.001294 0.999840 222.686265
0.999806 0.008671 -0.017683 -1.926279 -0.008693 0.999962 -0.001164 -4.564026 0.017673 0.001318 0.999843 223.722169
0.999809 0.008681 -0.017509 -1.945325 -0.008703 0.999961 -0.001193 -4.588021 0.017498 0.001345 0.999846 224.750515
0.999812 0.008691 -0.017311 -1.964062 -0.008713 0.999961 -0.001225 -4.611858 0.017300 0.001376 0.999849 225.771351
0.999816 0.008700 -0.017090 -1.982475 -0.008723 0.999961 -0.001261 -4.635536 0.017079 0.001410 0.999853 226.784735
0.999820 0.008709 -0.016846 -2.000545 -0.008732 0.999961 -0.001301 -4.659055 0.016834 0.001447 0.999857 227.790734
0.999825 0.008718 -0.016578 -2.018257 -0.008741 0.999961 -0.001344 -4.682417 0.016565 0.001488 0.999862 228.789427
0.999829 0.008725 -0.016286 -2.035593 -0.008749 0.999961 -0.001390 -4.705621 0.016273 0.001533 0.999866 229.780901
0.999834 0.008732 -0.015970 -2.052537 -0.008756 0.999961 -0.001441 -4.728669 0.015957 0.001581 0.999871 230.765253
0.999840 0.008738 -0.015631 -2.069074 -0.008762 0.999960 -0.001495 -4.751564 0.015617 0.001632 0.999877 231.742588
0.999845 0.008742 -0.015268 -2.085185 -0.008767 0.999960 -0.001553 -4.774306 0.015254 0.001687 0.999882 232.713021
0.999851 0.008745 -0.014882 -2.100856 -0.008770 0.999960 -0.001615 -4.796899 0.014867 0.001746 0.999888 233.676674
0.999857 0.008747 -0.014473 -2.116071 -0.008773 0.999960 -0.001681 -4.819346 0.014457 0.001807 0.999894 234.633677
0.999863 0.008748 -0.014040 -2.130814 -0.008773 0.999960 -0.001750 -4.841649 0.014025 0.001873 0.999900 235.584168
0.999869 0.008747 -0.013586 -2.145071 -0.008772 0.999960 -0.001822 -4.863813 0.013569 0.001941 0.999906 236.528293
0.999876 0.008744 -0.013108 -2.158826 -0.008770 0.999960 -0.001897 -4.885840 0.013091 0.002012 0.999912 237.466200
0.999882 0.008740 -0.012610 -2.172065 -0.008766 0.999960 -0.001976 -4.907734 0.012592 0.002086 0.999919 238.398047
0.999889 0.008734 -0.012089 -2.184773 -0.008760 0.999960 -0.002057 -4.929500 0.012071 0.002163 0.999925 239.323995
0.999895 0.008727 -0.011548 -2.196937 -0.008752 0.999959 -0.002142 -4.951141 0.011529 0.002242 0.999931 240.244211
0.999902 0.008717 -0.010986 -2.208542 -0.008742 0.999959 -0.002228 -4.972662 0.010967 0.002324 0.999937 241.158864
0.999908 0.008706 -0.010406 -2.219577 -0.008730 0.999959 -0.002317 -4.994068 0.010385 0.002407 0.999943 242.068127
0.999914 0.008693 -0.009807 -2.230030 -0.008717 0.999959 -0.002407 -5.015361 0.009786 0.002492 0.999949 242.972177
0.999920 0.008679 -0.009191 -2.239890 -0.008702 0.999959 -0.002499 -5.036548 0.009169 0.002579 0.999955 243.871190
0.999926 0.008663 -0.008560 -2.249146 -0.008686 0.999959 -0.002593 -5.057631 0.008537 0.002667 0.999960 244.765346
0.999931 0.008647 -0.007916 -2.257792 -0.008668 0.999959 -0.002687 -5.078615 0.007892 0.002756 0.999965 245.654823
0.999936 0.008628 -0.007260 -2.265819 -0.008649 0.999959 -0.002784 -5.099506 0.007236 0.002846 0.999970 246.539801
0.999941 0.008609 -0.006596 -2.273223 -0.008628 0.999959 -0.002881 -5.120307 0.006571 0.002938 0.999974 247.420459
0.999946 0.008587 -0.005927 -2.280001 -0.008605 0.999959 -0.002978 -5.141023 0.005901 0.003029 0.999978 248.296973
0.999950 0.008565 -0.005256 -2.286152 -0.008581 0.999958 -0.003076 -5.161658 0.005230 0.003121 0.999981 249.169520
0.999953 0.008541 -0.004588 -2.291679 -0.008555 0.999958 -0.003173 -5.182218 0.004561 0.003212 0.999984 250.038271
0.999956 0.008515 -0.003926 -2.296587 -0.008528 0.999958 -0.003269 -5.202705 0.003898 0.003303 0.999987 250.903395
0.999959 0.008488 -0.003276 -2.300884 -0.008499 0.999958 -0.003365 -5.223124 0.003247 0.003392 0.999989 251.765057
0.999961 0.008460 -0.002643 -2.304582 -0.008469 0.999958 -0.003458 -5.243479 0.002614 0.003481 0.999991 252.623415
0.999962 0.008431 -0.002033 -2.307696 -0.008438 0.999958 -0.003550 -5.263773 0.002003 0.003567 0.999992 253.478622
0.999964 0.008401 -0.001452 -2.310245 -0.008406 0.999958 -0.003639 -5.284009 0.001422 0.003651 0.999992 254.330827
0.999965 0.008370 -0.000907 -2.312254 -0.008373 0.999958 -0.003726 -5.304191 0.000876 0.003733 0.999993 255.180168
0.999965 0.008338 -0.000406 -2.313749 -0.008340 0.999958 -0.003809 -5.324321 0.000374 0.003812 0.999993 256.026777
0.999966 0.008305 0.000045 -2.314764 -0.008305 0.999958 -0.003888 -5.344400 -0.000077 0.003888 0.999992 256.870776
0.999966 0.008271 0.000437 -2.315335 -0.008269 0.999958 -0.003964 -5.364432 -0.000469 0.003960 0.999992 257.712279
0.999966 0.008236 0.000761 -2.315504 -0.008233 0.999958 -0.004035 -5.384418 -0.000794 0.004029 0.999992 258.551389
0.999966 0.008200 0.001008 -2.315320 -0.008196 0.999958 -0.004101 -5.404359 -0.001042 0.004093 0.999991 259.388198
0.999966 0.008164 0.001170 -2.314834 -0.008159 0.999958 -0.004162 -5.424257 -0.001204 0.004152 0.999991 260.222787
0.999966 0.008127 0.001237 -2.314104 -0.008122 0.999958 -0.004216 -5.444110 -0.001271 0.004206 0.999990 261.055225
0.999967 0.008091 0.001199 -2.313193 -0.008085 0.999958 -0.004264 -5.463921 -0.001234 0.004254 0.999990 261.885566
0.999967 0.008054 0.001047 -2.312169 -0.008049 0.999958 -0.004305 -5.483688 -0.001082 0.004297 0.999990 262.713854
0.999968 0.008018 0.000771 -2.311105 -0.008015 0.999958 -0.004339 -5.503409 -0.000806 0.004333 0.999990 263.540120
0.999968 0.007983 0.000360 -2.310079 -0.007981 0.999959 -0.004366 -5.523085 -0.000395 0.004363 0.999990 264.364378
0.999968 0.007949 -0.000195 -2.309174 -0.007949 0.999959 -0.004384 -5.542713 0.000160 0.004386 0.999990 265.186631
0.999968 0.007916 -0.000905 -2.308478 -0.007920 0.999959 -0.004394 -5.562291 0.000870 0.004401 0.999990 266.006868
0.999967 0.007884 -0.001779 -2.308083 -0.007892 0.999959 -0.004395 -5.581816 0.001745 0.004409 0.999989 266.825062
0.999965 0.007855 -0.002829 -2.308088 -0.007867 0.999959 -0.004387 -5.601285 0.002795 0.004409 0.999986 267.641174
0.999961 0.007828 -0.004065 -2.308595 -0.007845 0.999960 -0.004368 -5.620694 0.004030 0.004400 0.999982 268.455148
0.999954 0.007803 -0.005496 -2.309711 -0.007827 0.999960 -0.004339 -5.640039 0.005462 0.004382 0.999975 269.266912
0.999944 0.007781 -0.007133 -2.311550 -0.007812 0.999960 -0.004299 -5.659314 0.007099 0.004354 0.999965 270.076381
0.999930 0.007762 -0.008985 -2.314226 -0.007800 0.999961 -0.004247 -5.678515 0.008952 0.004317 0.999951 270.883453
0.999909 0.007747 -0.011063 -2.317862 -0.007793 0.999961 -0.004184 -5.697635 0.011030 0.004269 0.999930 271.688010
0.999881 0.007735 -0.013376 -2.322583 -0.007791 0.999961 -0.004108 -5.716669 0.013344 0.004212 0.999902 272.489919
0.999843 0.007728 -0.015935 -2.328518 -0.007793 0.999962 -0.004020 -5.735608 0.015903 0.004143 0.999865 273.289032
0.999794 0.007726 -0.018749 -2.335801 -0.007800 0.999962 -0.003918 -5.754445 0.018718 0.004064 0.999817 274.085183
0.999732 0.007729 -0.021827 -2.344569 -0.007813 0.999962 -0.003804 -5.773173 0.021797 0.003973 0.999755 274.878194
0.999653 0.007737 -0.025181 -2.354963 -0.007832 0.999963 -0.003676 -5.791782 0.025151 0.003872 0.999676 275.667870
0.999555 0.007752 -0.028819 -2.367127 -0.007857 0.999963 -0.003533 -5.810263 0.028790 0.003758 0.999578 276.454003
0.999433 0.007774 -0.032751 -2.381211 -0.007889 0.999963 -0.003376 -5.828607 0.032724 0.003633 0.999458 277.236368
0.999285 0.007804 -0.036989 -2.397365 -0.007927 0.999963 -0.003205 -5.846802 0.036963 0.003496 0.999311 278.014728
0.999106 0.007841 -0.041542 -2.415745 -0.007973 0.999964 -0.003018 -5.864838 0.041517 0.003346 0.999132 278.788833
0.998891 0.007886 -0.046422 -2.436508 -0.008026 0.999964 -0.002815 -5.882703 0.046398 0.003184 0.998918 279.558418
0.998634 0.007941 -0.051640 -2.459815 -0.008086 0.999964 -0.002596 -5.900385 0.051617 0.003010 0.998662 280.323207
0.998330 0.008006 -0.057206 -2.485829 -0.008154 0.999964 -0.002360 -5.917871 0.057185 0.002822 0.998360 281.082911
0.997972 0.008080 -0.063133 -2.514714 -0.008230 0.999964 -0.002106 -5.935148 0.063114 0.002622 0.998003 281.837229
0.997553 0.008166 -0.069432 -2.546638 -0.008313 0.999964 -0.001835 -5.952203 0.069415 0.002407 0.997585 282.585846
0.997065 0.008262 -0.076116 -2.581768 -0.008404 0.999963 -0.001545 -5.969020 0.076100 0.002180 0.997098 283.328439
0.996498 0.008370 -0.083197 -2.620273 -0.008503 0.999963 -0.001235 -5.985587 0.083183 0.001938 0.996532 284.064672
0.995843 0.008490 -0.090686 -2.662320 -0.008608 0.999963 -0.000906 -6.001887 0.090675 0.001683 0.995879 284.794199
0.995090 0.008623 -0.098597 -2.708078 -0.008720 0.999962 -0.000555 -6.017907 0.098589 0.001412 0.995127 285.516663
0.994226 0.008769 -0.106943 -2.757713 -0.008839 0.999961 -0.000182 -6.033629 0.106937 0.001127 0.994265 286.231698
0.993240 0.008929 -0.115735 -2.811390 -0.008964 0.999960 0.000214 -6.049039 0.115732 0.000825 0.993280 286.938929
0.992117 0.009103 -0.124986 -2.869272 -0.009095 0.999958 0.000634 -6.064120 0.124987 0.000508 0.992158 287.637969
0.990842 0.009293 -0.134710 -2.931516 -0.009232 0.999957 0.001078 -6.078855 0.134714 0.000175 0.990885 288.328427
0.989398 0.009500 -0.144917 -2.998278 -0.009374 0.999955 0.001549 -6.093227 0.144926 -0.000174 0.989443 289.009900
0.987769 0.009723 -0.155622 -3.069705 -0.009521 0.999953 0.002046 -6.107219 0.155634 -0.000539 0.987815 289.681981
0.985934 0.009965 -0.166836 -3.145942 -0.009672 0.999950 0.002571 -6.120814 0.166853 -0.000921 0.985981 290.344255
0.983874 0.010226 -0.178572 -3.227125 -0.009826 0.999947 0.003125 -6.133995 0.178594 -0.001320 0.983922 290.996299
0.981565 0.010507 -0.190842 -3.313383 -0.009983 0.999943 0.003709 -6.146744 0.190870 -0.001736 0.981614 291.637686
0.978982 0.010810 -0.203659 -3.404837 -0.010141 0.999939 0.004325 -6.159045 0.203693 -0.002169 0.979032 292.267982
0.976100 0.011135 -0.217035 -3.501601 -0.010301 0.999935 0.004974 -6.170880 0.217076 -0.002619 0.976151 292.886749
0.972890 0.011485 -0.230982 -3.603777 -0.010461 0.999929 0.005656 -6.182232 0.231031 -0.003086 0.972941 293.493543
0.969321 0.011861 -0.245513 -3.711457 -0.010621 0.999923 0.006375 -6.193085 0.245570 -0.003571 0.969372 294.087918
0.965358 0.012265 -0.260639 -3.824724 -0.010779 0.999916 0.007131 -6.203421 0.260705 -0.004074 0.965410 294.669424
0.960967 0.012699 -0.276371 -3.943648 -0.010934 0.999909 0.007926 -6.213226 0.276446 -0.004594 0.961018 295.237608
0.956108 0.013166 -0.292720 -4.068288 -0.011086 0.999900 0.008762 -6.222481 0.292806 -0.005132 0.956158 295.792015
0.950737 0.013667 -0.309697 -4.198690 -0.011233 0.999890 0.009640 -6.231173 0.309795 -0.005687 0.950786 296.332191
0.944810 0.014205 -0.327311 -4.334887 -0.011374 0.999880 0.010564 -6.239286 0.327421 -0.006258 0.944858 296.857680
0.938276 0.014783 -0.345571 -4.476902 -0.011505 0.999867 0.011533 -6.246804 0.345695 -0.006846 0.938322 297.368026
0.931082 0.015402 -0.364484 -4.624743 -0.011626 0.999854 0.012552 -6.253713 0.364624 -0.007449 0.931125 297.862776
0.923169 0.016066 -0.384058 -4.778406 -0.011734 0.999838 0.013621 -6.259999 0.384215 -0.008068 0.923208 298.341479
0.914474 0.016777 -0.404296 -4.937875 -0.011825 0.999821 0.014744 -6.265649 0.404471 -0.008702 0.914509 298.803685
0.904930 0.017539 -0.425200 -5.103121 -0.011896 0.999802 0.015922 -6.270649 0.425395 -0.009350 0.904959 299.248951
0.894461 0.018354 -0.446769 -5.274104 -0.011945 0.999781 0.017158 -6.274987 0.446987 -0.010011 0.894485 299.676832
0.882989 0.019226 -0.469000 -5.450770 -0.011967 0.999758 0.018454 -6.278651 0.469241 -0.010682 0.883006 300.086892
0.870429 0.020159 -0.491881 -5.633051 -0.011957 0.999732 0.019812 -6.281630 0.492149 -0.011363 0.870437 300.478700
0.856689 0.021155 -0.515400 -5.820870 -0.011912 0.999704 0.021233 -6.283912 0.515696 -0.012051 0.856687 300.851827
0.841671 0.022219 -0.539534 -6.014134 -0.011826 0.999672 0.022720 -6.285490 0.539862 -0.012743 0.841657 301.205855
0.825271 0.023354 -0.564253 -6.212738 -0.011692 0.999637 0.024274 -6.286352 0.564615 -0.013436 0.825245 301.540372
0.807381 0.024564 -0.589519 -6.416565 -0.011504 0.999598 0.025896 -6.286491 0.589918 -0.014126 0.807339 301.854973
0.787885 0.025853 -0.615279 -6.625485 -0.011256 0.999556 0.027586 -6.285900 0.615719 -0.014809 0.787826 302.149265
0.766665 0.027223 -0.641470 -6.839354 -0.010938 0.999510 0.029344 -6.284572 0.641954 -0.015481 0.766587 302.422860
0.743599 0.028678 -0.668011 -7.058020 -0.010544 0.999458 0.031170 -6.282501 0.668543 -0.016135 0.743498 302.675384
0.718564 0.030221 -0.694804 -7.281315 -0.010064 0.999403 0.033062 -6.279683 0.695388 -0.016765 0.718438 302.906470
0.691439 0.031855 -0.721732 -7.509062 -0.009488 0.999342 0.035017 -6.276113 0.722373 -0.017364 0.691286 303.115766
0.662109 0.033580 -0.748655 -7.741071 -0.008808 0.999275 0.037032 -6.271788 0.749356 -0.017925 0.661925 303.302928
0.630467 0.035399 -0.775409 -7.977140 -0.008013 0.999203 0.039100 -6.266707 0.776175 -0.018438 0.630248 303.467626
0.596420 0.037310 -0.801805 -8.217057 -0.007094 0.999125 0.041216 -6.260869 0.802641 -0.018894 0.596163 303.609540
0.559895 0.039313 -0.827630 -8.460598 -0.006040 0.999041 0.043369 -6.254273 0.828541 -0.019283 0.559596 303.728365
0.520847 0.041403 -0.852646 -8.707528 -0.004844 0.998950 0.045548 -6.246922 0.853637 -0.019593 0.520501 303.823807
0.479259 0.043576 -0.876591 -8.957602 -0.003498 0.998854 0.047741 -6.238816 0.877666 -0.019814 0.478863 303.895585
0.435160 0.045824 -0.899186 -9.210564 -0.001996 0.998751 0.049932 -6.229960 0.900351 -0.019934 0.434708 303.943434
0.388619 0.048138 -0.920140 -9.466148 -0.000334 0.998642 0.052104 -6.220359 0.921398 -0.019941 0.388108 303.967100
0.339762 0.050506 -0.939154 -9.724080 0.001489 0.998527 0.054238 -6.210018 0.940510 -0.019827 0.339186 303.966344
0.288765 0.052914 -0.955937 -9.984076 0.003472 0.998407 0.056314 -6.198944 0.957394 -0.019580 0.288122 303.940943
0.235865 0.055347 -0.970208 -10.245846 0.005609 0.998283 0.058312 -6.187145 0.971770 -0.019196 0.235149 303.890689
0.181349 0.057787 -0.981719 -10.509090 0.007892 0.998154 0.060212 -6.174629 0.983387 -0.018667 0.180559 303.815391
0.125558 0.060216 -0.990257 -10.773505 0.010308 0.998023 0.061995 -6.161408 0.992033 -0.017991 0.124689 303.714873
0.068870 0.062612 -0.995659 -11.038779 0.012843 0.997890 0.063641 -6.147490 0.997543 -0.017170 0.067921 303.588975
0.011697 0.064958 -0.997819 -11.304598 0.015477 0.997756 0.065135 -6.132887 0.999812 -0.016205 0.010666 303.437558
-0.045535 0.067233 -0.996698 -11.570644 0.018189 0.997623 0.066464 -6.117612 0.998797 -0.015103 -0.046650 303.260494
-0.102398 0.069418 -0.992318 -11.836596 0.020958 0.997491 0.067617 -6.101677 0.994523 -0.013873 -0.103596 303.057680
-0.158479 0.071499 -0.984770 -12.102133 0.023758 0.997362 0.068589 -6.085095 0.987077 -0.012526 -0.159759 302.829025
-0.213389 0.073459 -0.974202 -12.366933 0.026567 0.997237 0.069377 -6.067882 0.976606 -0.011077 -0.214751 302.574461
-0.266781 0.075290 -0.960812 -12.630675 0.029360 0.997116 0.069982 -6.050051 0.963310 -0.009539 -0.268222 302.293934
-0.318354 0.076981 -0.944841 -12.893044 0.032116 0.997001 0.070409 -6.031619 0.947428 -0.007929 -0.319872 301.987411
-0.367863 0.078527 -0.926558 -13.153723 0.034815 0.996892 0.070666 -6.012601 0.929228 -0.006263 -0.369454 301.654877
-0.415114 0.079927 -0.906251 -13.412406 0.037440 0.996790 0.070762 -5.993014 0.908998 -0.004556 -0.416775 301.296336
-0.459973 0.081178 -0.884214 -13.668787 0.039976 0.996696 0.070709 -5.972874 0.887033 -0.002823 -0.461698 300.911811
-0.502353 0.082285 -0.860739 -13.922572 0.042412 0.996608 0.070521 -5.952198 0.863622 -0.001079 -0.504139 300.501344
-0.542216 0.083248 -0.836105 -14.173473 0.044736 0.996529 0.070210 -5.931003 0.839047 0.000665 -0.544058 300.064998
-0.579564 0.084075 -0.810578 -14.421212 0.046944 0.996457 0.069790 -5.909307 0.813573 0.002396 -0.581457 299.602852
-0.614433 0.084772 -0.784401 -14.665520 0.049031 0.996392 0.069275 -5.887126 0.787444 0.004105 -0.616373 299.115006
-0.646887 0.085345 -0.757795 -14.906142 0.050994 0.996335 0.068679 -5.864478 0.760879 0.005784 -0.648868 298.601578
-0.677009 0.085802 -0.730956 -15.142832 0.052833 0.996285 0.068013 -5.841380 0.734076 0.007427 -0.679027 298.062703
-0.704901 0.086151 -0.704055 -15.375359 0.054550 0.996241 0.067289 -5.817849 0.707205 0.009026 -0.706951 297.498537
-0.730672 0.086400 -0.677239 -15.603502 0.056146 0.996204 0.066517 -5.793902 0.680416 0.010578 -0.732750 296.909251
-0.754440 0.086558 -0.650636 -15.827057 0.057625 0.996174 0.065708 -5.769556 0.653834 0.012079 -0.756541 296.295034
-0.776325 0.086631 -0.624351 -16.045828 0.058991 0.996149 0.064869 -5.744829 0.627566 0.013528 -0.778446 295.656091
-0.796448 0.086628 -0.598469 -16.259636 0.060249 0.996129 0.064010 -5.719736 0.601698 0.014924 -0.798584 294.992646
-0.814927 0.086556 -0.573063 -16.468314 0.061402 0.996114 0.063136 -5.694295 0.576301 0.016264 -0.817075 294.304937
-0.831878 0.086420 -0.548189 -16.671707 0.062456 0.996104 0.062255 -5.668522 0.551434 0.017551 -0.834034 293.593217
-0.847410 0.086226 -0.523891 -16.869673 0.063415 0.996098 0.061370 -5.642432 0.527139 0.018783 -0.849572 292.857756
-0.861629 0.085982 -0.500202 -17.062082 0.064285 0.996097 0.060487 -5.616042 0.503451 0.019962 -0.863793 292.098838
-0.874635 0.085690 -0.477148 -17.248820 0.065071 0.996099 0.059609 -5.589367 0.480394 0.021088 -0.876799 291.316761
-0.886522 0.085357 -0.454745 -17.429782 0.065777 0.996104 0.058740 -5.562422 0.457987 0.022162 -0.888683 290.511835
-0.897377 0.084987 -0.433004 -17.604879 0.066408 0.996112 0.057882 -5.535222 0.436239 0.023187 -0.899532 289.684386
-0.907281 0.084584 -0.411930 -17.774032 0.066970 0.996123 0.057039 -5.507781 0.415157 0.024164 -0.909429 288.834750
-0.916312 0.084152 -0.391524 -17.937178 0.067465 0.996137 0.056212 -5.480114 0.394742 0.025094 -0.918449 287.963273
-0.924538 0.083695 -0.371785 -18.094264 0.067899 0.996153 0.055404 -5.452232 0.374991 0.025980 -0.926664 287.070315
-0.932027 0.083216 -0.352706 -18.245251 0.068275 0.996170 0.054616 -5.424151 0.355900 0.026823 -0.934139 286.156242
-0.938837 0.082718 -0.334279 -18.390112 0.068598 0.996190 0.053849 -5.395881 0.337460 0.027625 -0.940934 285.221434
-0.945025 0.082204 -0.316497 -18.528831 0.068871 0.996211 0.053104 -5.367436 0.319663 0.028387 -0.947106 284.266277
-0.950642 0.081676 -0.299347 -18.661405 0.069098 0.996234 0.052383 -5.338827 0.302498 0.029113 -0.952705 283.291164
-0.955736 0.081136 -0.282818 -18.787843 0.069282 0.996257 0.051686 -5.310064 0.285953 0.029804 -0.957780 282.296498
-0.960350 0.080587 -0.266898 -18.908166 0.069425 0.996282 0.051013 -5.281158 0.270016 0.030461 -0.962374 281.282687
-0.964524 0.080031 -0.251573 -19.022405 0.069531 0.996308 0.050366 -5.252118 0.254675 0.031087 -0.966527 280.250147
-0.968295 0.079468 -0.236833 -19.130604 0.069603 0.996334 0.049744 -5.222954 0.239917 0.031682 -0.970276 279.199298
-0.971698 0.078901 -0.222662 -19.232819 0.069642 0.996361 0.049147 -5.193673 0.225730 0.032250 -0.973656 278.130568
-0.974763 0.078333 -0.209049 -19.329116 0.069652 0.996388 0.048577 -5.164283 0.212099 0.032790 -0.976698 277.044388
-0.977519 0.077763 -0.195982 -19.419575 0.069636 0.996415 0.048033 -5.134790 0.199015 0.033306 -0.979430 275.941194
-0.979994 0.077194 -0.183447 -19.504283 0.069595 0.996443 0.047516 -5.105202 0.186462 0.033798 -0.981881 274.821425
