0.770267 0.015057 -0.637544 -1.041956 -0.016597 0.999856 0.003562 -0.004266 0.637505 0.007837 0.770406 1.015030
0.764344 0.015209 -0.644629 -1.132349 -0.016674 0.999854 0.003819 -0.004130 0.644593 0.007830 0.764486 1.079288
0.758134 0.015366 -0.651918 -1.228219 -0.016751 0.999851 0.004087 -0.003935 0.651884 0.007822 0.758279 1.145087
0.751654 0.015528 -0.659375 -1.329792 -0.016825 0.999849 0.004366 -0.003677 0.659343 0.007813 0.751802 1.212387
0.744920 0.015694 -0.666969 -1.437300 -0.016897 0.999846 0.004654 -0.003349 0.666940 0.007803 0.745071 1.281146
0.737945 0.015864 -0.674674 -1.550976 -0.016966 0.999844 0.004953 -0.002948 0.674647 0.007792 0.738099 1.351317
0.730744 0.016037 -0.682464 -1.671057 -0.017031 0.999841 0.005259 -0.002467 0.682440 0.007780 0.730901 1.422852
0.723327 0.016214 -0.690315 -1.797783 -0.017093 0.999838 0.005573 -0.001903 0.690294 0.007768 0.723487 1.495698
0.715708 0.016394 -0.698207 -1.931394 -0.017152 0.999836 0.005895 -0.001249 0.698189 0.007757 0.715871 1.569800
0.707898 0.016577 -0.706121 -2.072133 -0.017207 0.999833 0.006222 -0.000499 0.706105 0.007746 0.708064 1.645100
0.699908 0.016762 -0.714036 -2.220247 -0.017259 0.999830 0.006554 0.000350 0.714024 0.007736 0.700078 1.721538
0.691751 0.016950 -0.721937 -2.375982 -0.017307 0.999826 0.006891 0.001306 0.721929 0.007728 0.691924 1.799053
0.683437 0.017140 -0.729808 -2.539584 -0.017352 0.999823 0.007233 0.002373 0.729803 0.007721 0.683614 1.877580
0.674978 0.017333 -0.737634 -2.711303 -0.017394 0.999820 0.007577 0.003558 0.737633 0.007716 0.675158 1.957053
0.666385 0.017527 -0.745401 -2.891387 -0.017432 0.999817 0.007925 0.004865 0.745404 0.007713 0.666569 2.037405
0.657670 0.017723 -0.753097 -3.080084 -0.017468 0.999813 0.008275 0.006301 0.753103 0.007713 0.657857 2.118567
0.648844 0.017921 -0.760711 -3.277645 -0.017501 0.999810 0.008626 0.007871 0.760720 0.007716 0.649034 2.200471
0.639917 0.018119 -0.768231 -3.484317 -0.017531 0.999806 0.008978 0.009582 0.768244 0.007722 0.640110 2.283045
0.630900 0.018319 -0.775648 -3.700349 -0.017558 0.999802 0.009331 0.011440 0.775666 0.007732 0.631097 2.366220
0.621803 0.018518 -0.782955 -3.925987 -0.017583 0.999799 0.009683 0.013449 0.782976 0.007746 0.622003 2.449924
0.612637 0.018719 -0.790143 -4.161479 -0.017606 0.999795 0.010035 0.015616 0.790169 0.007763 0.612840 2.534087
0.603410 0.018919 -0.797206 -4.407068 -0.017626 0.999791 0.010386 0.017946 0.797236 0.007784 0.603618 2.618636
0.594133 0.019120 -0.804139 -4.662998 -0.017643 0.999787 0.010736 0.020444 0.804173 0.007808 0.594344 2.703501
0.584814 0.019321 -0.810937 -4.929511 -0.017658 0.999783 0.011086 0.023117 0.810975 0.007836 0.585028 2.788612
0.575461 0.019522 -0.817596 -5.206846 -0.017670 0.999778 0.011435 0.025970 0.817638 0.007866 0.575679 2.873897
0.566082 0.019724 -0.824113 -5.495240 -0.017680 0.999774 0.011783 0.029008 0.824159 0.007900 0.566303 2.959287
0.552752 0.020000 -0.833106 -5.781636 -0.017684 0.999768 0.012268 0.032456 0.833158 0.007951 0.552977 3.023800
0.539195 0.020280 -0.841937 -6.078196 -0.017682 0.999762 0.012758 0.036107 0.841995 0.008009 0.539426 3.086886
0.525434 0.020563 -0.850586 -6.385049 -0.017675 0.999756 0.013251 0.039965 0.850651 0.008072 0.525669 3.148434
0.511489 0.020848 -0.859037 -6.702310 -0.017662 0.999750 0.013747 0.044034 0.859108 0.008141 0.511729 3.208336
0.497381 0.021136 -0.867274 -7.030089 -0.017644 0.999743 0.014246 0.048320 0.867353 0.008216 0.497626 3.266488
0.483131 0.021425 -0.875286 -7.368484 -0.017619 0.999736 0.014746 0.052825 0.875371 0.008297 0.483381 3.322787
0.468759 0.021716 -0.883059 -7.717585 -0.017589 0.999729 0.015249 0.057554 0.883151 0.008384 0.469014 3.377133
0.454284 0.022008 -0.890585 -8.077471 -0.017552 0.999722 0.015752 0.062509 0.890684 0.008476 0.454544 3.429430
0.439726 0.022301 -0.897855 -8.448210 -0.017510 0.999715 0.016255 0.067695 0.897961 0.008574 0.439991 3.479584
0.425104 0.022594 -0.904863 -8.829860 -0.017462 0.999707 0.016759 0.073114 0.904976 0.008676 0.425374 3.527504
0.410434 0.022888 -0.911603 -9.222469 -0.017408 0.999699 0.017262 0.078769 0.911724 0.008784 0.410709 3.573104
0.395736 0.023181 -0.918072 -9.626069 -0.017348 0.999692 0.017763 0.084661 0.918201 0.008897 0.396016 3.616301
0.381025 0.023473 -0.924267 -10.040685 -0.017282 0.999684 0.018263 0.090794 0.924403 0.009015 0.381310 3.657014
0.366317 0.023764 -0.930187 -10.466328 -0.017211 0.999676 0.018761 0.097167 0.930331 0.009137 0.366607 3.695170
0.351627 0.024054 -0.935831 -10.902995 -0.017134 0.999668 0.019257 0.103782 0.935983 0.009263 0.351923 3.730696
0.336971 0.024342 -0.941200 -11.350674 -0.017051 0.999660 0.019749 0.110639 0.941361 0.009394 0.337271 3.763525
0.322360 0.024628 -0.946297 -11.809336 -0.016963 0.999651 0.020238 0.117738 0.946465 0.009529 0.322666 3.793593
0.307809 0.024912 -0.951122 -12.278943 -0.016871 0.999643 0.020723 0.125077 0.951299 0.009668 0.308119 3.820841
0.293329 0.025194 -0.955680 -12.759440 -0.016776 0.999634 0.021204 0.132656 0.955864 0.009812 0.293644 3.845215
0.278930 0.025474 -0.959973 -13.250763 -0.016677 0.999626 0.021681 0.140474 0.960167 0.009962 0.279251 3.866664
0.264625 0.025753 -0.964008 -13.752831 -0.016575 0.999617 0.022155 0.148528 0.964209 0.010116 0.264950 3.885142
0.250421 0.026031 -0.967787 -14.265550 -0.016472 0.999608 0.022625 0.156817 0.967997 0.010276 0.250752 3.900608
0.236329 0.026308 -0.971317 -14.788815 -0.016367 0.999599 0.023091 0.165339 0.971535 0.010441 0.236665 3.913025
0.222356 0.026582 -0.974603 -15.322504 -0.016262 0.999590 0.023554 0.174091 0.974830 0.010612 0.222697 3.922363
0.208510 0.026856 -0.977651 -15.866480 -0.016157 0.999581 0.024012 0.183071 0.977887 0.010789 0.208857 3.928594
0.194799 0.027126 -0.980468 -16.420597 -0.016053 0.999572 0.024466 0.192276 0.980712 0.010973 0.195151 3.931699
0.181431 0.027392 -0.983022 -16.984795 -0.015951 0.999562 0.024909 0.201696 0.983274 0.011161 0.181789 3.932015
0.168419 0.027653 -0.985327 -17.558915 -0.015854 0.999553 0.025343 0.211326 0.985588 0.011353 0.168782 3.929566
0.155775 0.027909 -0.987398 -18.142786 -0.015762 0.999544 0.025766 0.221163 0.987667 0.011550 0.156144 3.924381
0.143508 0.028160 -0.989248 -18.736225 -0.015676 0.999534 0.026179 0.231199 0.989525 0.011750 0.143882 3.916496
0.131627 0.028405 -0.990892 -19.339038 -0.015596 0.999525 0.026581 0.241430 0.991177 0.011955 0.132007 3.905956
0.120141 0.028646 -0.992344 -19.951021 -0.015522 0.999516 0.026974 0.251849 0.992636 0.012163 0.120527 3.892811
0.109056 0.028881 -0.993616 -20.571959 -0.015455 0.999506 0.027356 0.262450 0.993915 0.012373 0.109449 3.877118
0.098380 0.029112 -0.994723 -21.201626 -0.015395 0.999497 0.027729 0.273227 0.995030 0.012586 0.098778 3.858941
0.088116 0.029337 -0.995678 -21.839787 -0.015343 0.999488 0.028092 0.284173 0.995992 0.012801 0.088521 3.838350
0.078271 0.029557 -0.996494 -22.486199 -0.015297 0.999478 0.028444 0.295281 0.996815 0.013017 0.078682 3.815422
0.068847 0.029772 -0.997183 -23.140606 -0.015258 0.999469 0.028787 0.306543 0.997511 0.013233 0.069265 3.790239
0.059848 0.029982 -0.997757 -23.802748 -0.015225 0.999460 0.029119 0.317954 0.998091 0.013448 0.060272 3.762890
0.051275 0.030186 -0.998228 -24.472353 -0.015200 0.999451 0.029442 0.329504 0.998569 0.013663 0.051706 3.733469
0.043131 0.030384 -0.998607 -25.149141 -0.015181 0.999442 0.029754 0.341185 0.998954 0.013876 0.043568 3.702074
0.035415 0.030578 -0.998905 -25.832825 -0.015167 0.999433 0.030056 0.352989 0.999258 0.014086 0.035859 3.668811
0.028129 0.030766 -0.999131 -26.523110 -0.015159 0.999424 0.030348 0.364907 0.999489 0.014293 0.028580 3.633789
0.021274 0.030949 -0.999295 -27.219695 -0.015157 0.999416 0.030630 0.376931 0.999659 0.014495 0.021731 3.597121
0.014850 0.031127 -0.999405 -27.922270 -0.015161 0.999407 0.030902 0.389052 0.999775 0.014693 0.015313 3.558927
0.008857 0.031300 -0.999471 -28.630519 -0.015169 0.999399 0.031163 0.401260 0.999846 0.014885 0.009326 3.519330
0.003295 0.031468 -0.999499 -29.344120 -0.015183 0.999391 0.031414 0.413548 0.999879 0.015072 0.003771 3.478459
-0.001834 0.031631 -0.999498 -30.062743 -0.015204 0.999383 0.031655 0.425906 0.999883 0.015254 -0.001352 3.436445
-0.006530 0.031788 -0.999473 -30.786055 -0.015230 0.999376 0.031885 0.438325 0.999863 0.015430 -0.006042 3.393427
-0.010792 0.031940 -0.999432 -31.513716 -0.015262 0.999368 0.032103 0.450795 0.999825 0.015600 -0.010298 3.349548
-0.014618 0.032085 -0.999378 -32.245380 -0.015301 0.999361 0.032309 0.463308 0.999776 0.015764 -0.014118 3.304955
-0.018005 0.032225 -0.999318 -32.980698 -0.015346 0.999354 0.032503 0.475854 0.999720 0.015921 -0.017499 3.259801
-0.020952 0.032359 -0.999257 -33.719319 -0.015398 0.999347 0.032684 0.488422 0.999662 0.016071 -0.020440 3.214244
-0.023463 0.032486 -0.999197 -34.460884 -0.015456 0.999341 0.032854 0.501004 0.999605 0.016215 -0.022945 3.168448
-0.025542 0.032608 -0.999142 -35.205033 -0.015521 0.999334 0.033011 0.513588 0.999553 0.016350 -0.025019 3.122583
-0.027193 0.032724 -0.999094 -35.951405 -0.015591 0.999329 0.033156 0.526166 0.999509 0.016478 -0.026664 3.076821
-0.028418 0.032834 -0.999057 -36.699633 -0.015667 0.999323 0.033289 0.538726 0.999473 0.016598 -0.027884 3.031342
-0.029219 0.032939 -0.999030 -37.449350 -0.015748 0.999318 0.033409 0.551260 0.999449 0.016709 -0.028680 2.986330
-0.029598 0.033038 -0.999016 -38.200187 -0.015834 0.999313 0.033517 0.563757 0.999436 0.016811 -0.029055 2.941971
-0.029555 0.033132 -0.999014 -38.951773 -0.015926 0.999308 0.033613 0.576208 0.999436 0.016904 -0.029007 2.898461
-0.029091 0.033219 -0.999025 -39.703738 -0.016023 0.999304 0.033695 0.588602 0.999448 0.016987 -0.028538 2.855999
-0.028204 0.033301 -0.999047 -40.455709 -0.016124 0.999300 0.033765 0.600930 0.999472 0.017061 -0.027647 2.814787
-0.026892 0.033377 -0.999081 -41.207316 -0.016230 0.999296 0.033821 0.613182 0.999507 0.017125 -0.026332 2.775034
-0.025155 0.033447 -0.999124 -41.958188 -0.016341 0.999293 0.033864 0.625348 0.999550 0.017179 -0.024590 2.736956
-0.022988 0.033511 -0.999174 -42.707954 -0.016457 0.999290 0.033894 0.637418 0.999600 0.017223 -0.022420 2.700769
-0.020389 0.033570 -0.999228 -43.456246 -0.016578 0.999287 0.033910 0.649385 0.999655 0.017256 -0.019818 2.666699
-0.017352 0.033623 -0.999284 -44.202701 -0.016703 0.999285 0.033913 0.661238 0.999710 0.017279 -0.016778 2.634975
-0.013875 0.033670 -0.999337 -44.946953 -0.016832 0.999283 0.033902 0.672968 0.999762 0.017291 -0.013298 2.605832
-0.009950 0.033712 -0.999382 -45.688645 -0.016965 0.999282 0.033877 0.684569 0.999807 0.017291 -0.009371 2.579506
-0.005572 0.033748 -0.999415 -46.427418 -0.017101 0.999281 0.033839 0.696030 0.999838 0.017279 -0.004991 2.556243
-0.000736 0.033778 -0.999429 -47.162922 -0.017240 0.999280 0.033786 0.707345 0.999851 0.017255 -0.000153 2.536288
0.004567 0.033802 -0.999418 -47.894808 -0.017380 0.999280 0.033718 0.718505 0.999839 0.017216 0.005151 2.519894
0.010343 0.033818 -0.999374 -48.622734 -0.017522 0.999281 0.033634 0.729502 0.999793 0.017164 0.010928 2.507316
0.016599 0.033828 -0.999290 -49.346363 -0.017665 0.999281 0.033534 0.740328 0.999706 0.017096 0.017185 2.498812
0.023343 0.033830 -0.999155 -50.065365 -0.017808 0.999283 0.033418 0.750976 0.999569 0.017012 0.023929 2.494642
0.030583 0.033825 -0.998960 -50.779416 -0.017949 0.999285 0.033286 0.761437 0.999371 0.016913 0.031168 2.495072
0.038326 0.033811 -0.998693 -51.488198 -0.018089 0.999287 0.033137 0.771704 0.999102 0.016796 0.038910 2.500364
0.046579 0.033789 -0.998343 -52.191402 -0.018228 0.999290 0.032971 0.781769 0.998748 0.016662 0.047162 2.510786
0.055350 0.033758 -0.997896 -52.888727 -0.018363 0.999294 0.032787 0.791626 0.998298 0.016510 0.055931 2.526605
0.064646 0.033718 -0.997338 -53.579879 -0.018496 0.999298 0.032585 0.801267 0.997737 0.016340 0.065225 2.548088
0.074473 0.033668 -0.996655 -54.264573 -0.018624 0.999303 0.032365 0.810687 0.997049 0.016152 0.075049 2.575503
0.084838 0.033607 -0.995828 -54.942532 -0.018749 0.999308 0.032127 0.819878 0.996218 0.015945 0.085409 2.609117
0.095744 0.033535 -0.994841 -55.613487 -0.018869 0.999314 0.031870 0.828834 0.995227 0.015720 0.096311 2.649194
0.107198 0.033451 -0.993675 -56.277179 -0.018984 0.999321 0.031593 0.837550 0.994056 0.015477 0.107760 2.696000
0.119201 0.033355 -0.992310 -56.933359 -0.019094 0.999328 0.031297 0.846019 0.992687 0.015216 0.119758 2.749795
0.131757 0.033245 -0.990724 -57.581784 -0.019199 0.999336 0.030981 0.854235 0.991096 0.014939 0.132308 2.810840
0.144866 0.033123 -0.988897 -58.222225 -0.019299 0.999344 0.030645 0.862192 0.989263 0.014645 0.145410 2.879392
0.158529 0.032986 -0.986803 -58.854460 -0.019394 0.999353 0.030290 0.869883 0.987164 0.014336 0.159066 2.955704
0.172744 0.032837 -0.984419 -59.478277 -0.019484 0.999362 0.029916 0.877303 0.984774 0.014013 0.173274 3.040029
0.187508 0.032673 -0.981719 -60.093476 -0.019570 0.999373 0.029522 0.884447 0.982068 0.013677 0.188030 3.132613
0.202816 0.032495 -0.978678 -60.699868 -0.019652 0.999383 0.029110 0.891310 0.979020 0.013329 0.203330 3.233702
0.218661 0.032303 -0.975266 -61.297273 -0.019730 0.999394 0.028678 0.897885 0.975601 0.012971 0.219166 3.343537
0.235033 0.032096 -0.971457 -61.885523 -0.019805 0.999405 0.028228 0.904170 0.971786 0.012605 0.235528 3.462353
0.251919 0.031876 -0.967223 -62.464462 -0.019876 0.999417 0.027761 0.910158 0.967544 0.012231 0.252405 3.590385
0.269304 0.031643 -0.962535 -63.033943 -0.019943 0.999429 0.027276 0.915845 0.962849 0.011850 0.269781 3.727859
0.287170 0.031395 -0.957365 -63.593831 -0.020006 0.999441 0.026774 0.921227 0.957671 0.011464 0.287637 3.874996
0.305493 0.031134 -0.951685 -64.144006 -0.020064 0.999454 0.026256 0.926299 0.951983 0.011074 0.305951 4.032014
0.324249 0.030860 -0.945468 -64.684355 -0.020118 0.999467 0.025723 0.931057 0.945758 0.010680 0.324697 4.199121
0.343408 0.030573 -0.938689 -65.214781 -0.020165 0.999480 0.025176 0.935498 0.938970 0.010283 0.343846 4.376521
0.362936 0.030275 -0.931322 -65.735196 -0.020205 0.999493 0.024617 0.939617 0.931595 0.009883 0.363364 4.564407
0.382796 0.029964 -0.923347 -66.245525 -0.020238 0.999506 0.024045 0.943412 0.923611 0.009483 0.383213 4.762968
0.402947 0.029642 -0.914743 -66.745705 -0.020263 0.999519 0.023463 0.946879 0.914999 0.009081 0.403354 4.972381
0.423345 0.029309 -0.905495 -67.235685 -0.020280 0.999533 0.022871 0.950017 0.905742 0.008681 0.423741 5.192817
0.443941 0.028965 -0.895588 -67.715425 -0.020288 0.999546 0.022271 0.952822 0.895826 0.008283 0.444327 5.424433
0.464686 0.028611 -0.885013 -68.184898 -0.020288 0.999559 0.021662 0.955292 0.885243 0.007889 0.465062 5.667382
0.485525 0.028248 -0.873766 -68.644086 -0.020278 0.999573 0.021047 0.957426 0.873988 0.007500 0.485891 5.921802
0.506403 0.027876 -0.861846 -69.092984 -0.020260 0.999586 0.020426 0.959221 0.862059 0.007117 0.506758 6.187823
0.527261 0.027495 -0.849258 -69.531598 -0.020232 0.999599 0.019801 0.960677 0.849462 0.006741 0.527606 6.465563
0.548042 0.027107 -0.836012 -69.959947 -0.020194 0.999612 0.019173 0.961790 0.836207 0.006375 0.548376 6.755130
0.568684 0.026713 -0.822122 -70.378060 -0.020148 0.999625 0.018544 0.962561 0.822309 0.006018 0.569009 7.056619
0.589128 0.026314 -0.807611 -70.785978 -0.020092 0.999638 0.017914 0.962986 0.807790 0.005673 0.589444 7.370113
0.609317 0.025912 -0.792503 -71.183751 -0.020028 0.999650 0.017285 0.963067 0.792674 0.005340 0.609622 7.695683
0.629191 0.025507 -0.776832 -71.571444 -0.019956 0.999662 0.016660 0.962802 0.776994 0.005020 0.629488 8.033388
0.648697 0.025101 -0.760633 -71.949129 -0.019876 0.999674 0.016039 0.962190 0.760787 0.004714 0.648984 8.383272
0.667781 0.024697 -0.743948 -72.316890 -0.019788 0.999685 0.015424 0.961230 0.744094 0.004422 0.668060 8.745367
0.686396 0.024294 -0.726822 -72.674821 -0.019694 0.999696 0.014816 0.959924 0.726961 0.004144 0.686666 9.119691
0.704498 0.023894 -0.709304 -73.023024 -0.019593 0.999707 0.014216 0.958270 0.709436 0.003882 0.704759 9.506250
0.722045 0.023498 -0.691447 -73.361612 -0.019486 0.999717 0.013626 0.956268 0.691571 0.003635 0.722299 9.905035
0.739005 0.023107 -0.673304 -73.690705 -0.019374 0.999727 0.013045 0.953919 0.673422 0.003405 0.739251 10.316023
0.755346 0.022723 -0.654932 -74.010432 -0.019259 0.999737 0.012474 0.951223 0.655043 0.003191 0.755585 10.739182
0.771046 0.022346 -0.636387 -74.320931 -0.019140 0.999746 0.011914 0.948179 0.636492 0.002994 0.771278 11.174463
0.786086 0.021978 -0.617727 -74.622348 -0.019020 0.999754 0.011366 0.944789 0.617825 0.002814 0.786311 11.621806
0.800452 0.021621 -0.599006 -74.914835 -0.018900 0.999763 0.010830 0.941051 0.599099 0.002652 0.800671 12.081138
0.814138 0.021275 -0.580282 -75.198553 -0.018780 0.999771 0.010306 0.936968 0.580368 0.002507 0.814350 12.552377
0.827140 0.020942 -0.561606 -75.473667 -0.018663 0.999778 0.009795 0.932538 0.561687 0.002379 0.827347 13.035424
0.839459 0.020624 -0.543031 -75.740349 -0.018549 0.999785 0.009297 0.927764 0.543106 0.002268 0.839661 13.530175
0.851104 0.020320 -0.524604 -75.998776 -0.018439 0.999791 0.008812 0.922646 0.524674 0.002173 0.851300 14.036512
0.862082 0.020033 -0.506373 -76.249129 -0.018334 0.999797 0.008341 0.917185 0.506437 0.002093 0.862274 14.554309
0.872409 0.019763 -0.488378 -76.491595 -0.018235 0.999803 0.007885 0.911383 0.488437 0.002027 0.872597 15.083427
0.882099 0.019510 -0.470659 -76.726362 -0.018143 0.999808 0.007442 0.905242 0.470714 0.001975 0.882284 15.623723
0.891174 0.019275 -0.453252 -76.953625 -0.018058 0.999812 0.007013 0.898764 0.453302 0.001935 0.891355 16.175042
0.899653 0.019058 -0.436190 -77.173579 -0.017981 0.999817 0.006598 0.891951 0.436236 0.001907 0.899830 16.737223
0.907559 0.018860 -0.419500 -77.386425 -0.017913 0.999820 0.006197 0.884806 0.419541 0.001890 0.907734 17.310095
0.914918 0.018680 -0.403208 -77.592366 -0.017853 0.999824 0.005810 0.877331 0.403245 0.001883 0.915090 17.893485
0.921753 0.018519 -0.387335 -77.791607 -0.017803 0.999827 0.005436 0.869529 0.387369 0.001885 0.921923 18.487209
0.928091 0.018376 -0.371901 -77.984355 -0.017762 0.999829 0.005077 0.861404 0.371930 0.001894 0.928259 19.091078
0.933957 0.018251 -0.356919 -78.170820 -0.017730 0.999832 0.004731 0.852959 0.356946 0.001909 0.934123 19.704899
0.939378 0.018143 -0.342404 -78.351212 -0.017707 0.999834 0.004399 0.844199 0.342427 0.001931 0.939543 20.328471
0.944379 0.018052 -0.328364 -78.525743 -0.017693 0.999835 0.004081 0.835128 0.328384 0.001956 0.944542 20.961589
0.948985 0.017976 -0.314807 -78.694623 -0.017687 0.999836 0.003776 0.825750 0.314824 0.001984 0.949148 21.604042
0.953223 0.017915 -0.301738 -78.858064 -0.017688 0.999837 0.003485 0.816069 0.301751 0.002015 0.953385 22.255614
0.957114 0.017867 -0.289159 -79.016276 -0.017696 0.999838 0.003208 0.806091 0.289170 0.002046 0.957276 22.916085
0.960684 0.017832 -0.277072 -79.169471 -0.017710 0.999839 0.002944 0.795820 0.277080 0.002079 0.960845 23.585229
0.963954 0.017808 -0.265474 -79.317858 -0.017729 0.999839 0.002693 0.785262 0.265479 0.002111 0.964114 24.262817
0.966945 0.017793 -0.254362 -79.461646 -0.017753 0.999839 0.002454 0.774421 0.254365 0.002143 0.967106 24.948616
0.969679 0.017788 -0.243733 -79.601042 -0.017781 0.999839 0.002228 0.763304 0.243733 0.002173 0.969840 25.642392
0.972175 0.017790 -0.233579 -79.736251 -0.017813 0.999839 0.002014 0.751915 0.233578 0.002203 0.972336 26.343905
0.974451 0.017800 -0.223894 -79.867479 -0.017848 0.999839 0.001810 0.740261 0.223890 0.002232 0.974612 27.052914
0.976524 0.017816 -0.214669 -79.994925 -0.017886 0.999839 0.001618 0.728347 0.214664 0.002260 0.976685 27.769175
0.978411 0.017839 -0.205896 -80.118790 -0.017927 0.999838 0.001435 0.716179 0.205888 0.002288 0.978573 28.492445
0.980127 0.017866 -0.197565 -80.239270 -0.017971 0.999838 0.001261 0.703762 0.197555 0.002315 0.980289 29.222477
0.981686 0.017899 -0.189666 -80.356560 -0.018018 0.999837 0.001096 0.691104 0.189654 0.002342 0.981848 29.959025
0.983100 0.017935 -0.182190 -80.470851 -0.018066 0.999836 0.000939 0.678208 0.182177 0.002368 0.983263 30.701842
0.984382 0.017975 -0.175127 -80.582334 -0.018117 0.999836 0.000791 0.665082 0.175113 0.002394 0.984545 31.450683
0.985542 0.018019 -0.168469 -80.691194 -0.018169 0.999835 0.000650 0.651732 0.168453 0.002420 0.985707 32.205299
0.986592 0.018066 -0.162205 -80.797616 -0.018223 0.999834 0.000518 0.638162 0.162188 0.002445 0.986757 32.965447
0.987539 0.018116 -0.156327 -80.901783 -0.018279 0.999833 0.000393 0.624379 0.156308 0.002470 0.987705 33.730880
0.988393 0.018169 -0.150825 -81.003872 -0.018337 0.999832 0.000274 0.610390 0.150805 0.002495 0.988560 34.501356
0.989162 0.018225 -0.145692 -81.104062 -0.018397 0.999831 0.000163 0.596201 0.145670 0.002519 0.989330 35.276634
0.989853 0.018284 -0.140917 -81.202524 -0.018460 0.999830 0.000059 0.581818 0.140894 0.002543 0.990021 36.056475
0.990471 0.018345 -0.136494 -81.299429 -0.018524 0.999828 -0.000039 0.567249 0.136470 0.002567 0.990641 36.840642
0.991024 0.018409 -0.132412 -81.394944 -0.018590 0.999827 -0.000129 0.552500 0.132387 0.002589 0.991195 37.628905
0.991516 0.018476 -0.128666 -81.489233 -0.018658 0.999826 -0.000211 0.537580 0.128639 0.002610 0.991688 38.421034
0.991952 0.018544 -0.125245 -81.582457 -0.018728 0.999825 -0.000287 0.522496 0.125218 0.002630 0.992126 39.216803
0.992338 0.018615 -0.122144 -81.674774 -0.018800 0.999823 -0.000356 0.507257 0.122115 0.002649 0.992512 40.015992
0.992676 0.018689 -0.119354 -81.766339 -0.018873 0.999822 -0.000418 0.491870 0.119325 0.002667 0.992852 40.818385
0.992970 0.018764 -0.116868 -81.857304 -0.018950 0.999820 -0.000473 0.476345 0.116838 0.002685 0.993147 41.623770
0.993224 0.018843 -0.114679 -81.947821 -0.019028 0.999819 -0.000522 0.460689 0.114648 0.002701 0.993402 42.431940
0.993440 0.018924 -0.112781 -82.038036 -0.019110 0.999817 -0.000564 0.444911 0.112749 0.002715 0.993620 43.242692
0.993620 0.019009 -0.111166 -82.128093 -0.019195 0.999816 -0.000599 0.429021 0.111134 0.002729 0.993802 44.055830
0.993767 0.019097 -0.109828 -82.218135 -0.019283 0.999814 -0.000627 0.413026 0.109796 0.002741 0.993950 44.871160
0.993883 0.019189 -0.108761 -82.308300 -0.019374 0.999812 -0.000647 0.396937 0.108728 0.002750 0.994068 45.688493
0.993968 0.019284 -0.107958 -82.398725 -0.019469 0.999810 -0.000659 0.380762 0.107925 0.002757 0.994155 46.507648
0.994025 0.019383 -0.107414 -82.489545 -0.019567 0.999808 -0.000663 0.364512 0.107380 0.002761 0.994214 47.328444
0.994055 0.019484 -0.107121 -82.580890 -0.019668 0.999806 -0.000658 0.348198 0.107087 0.002761 0.994246 48.150709
0.994058 0.019589 -0.107074 -82.672889 -0.019771 0.999804 -0.000646 0.331828 0.107041 0.002759 0.994251 48.974270
0.994035 0.019696 -0.107267 -82.765672 -0.019877 0.999802 -0.000625 0.315413 0.107234 0.002754 0.994230 49.798962
0.993987 0.019806 -0.107695 -82.859362 -0.019986 0.999800 -0.000597 0.298963 0.107661 0.002746 0.994184 50.624622
0.993913 0.019918 -0.108349 -82.954084 -0.020097 0.999798 -0.000562 0.282489 0.108316 0.002736 0.994113 51.451093
0.993815 0.020033 -0.109226 -83.049960 -0.020211 0.999796 -0.000520 0.265999 0.109193 0.002724 0.994017 52.278219
0.993692 0.020150 -0.110319 -83.147110 -0.020326 0.999793 -0.000471 0.249503 0.110286 0.002710 0.993896 53.105848
0.993544 0.020270 -0.111621 -83.245652 -0.020444 0.999791 -0.000415 0.233010 0.111589 0.002695 0.993751 53.933834
0.993371 0.020392 -0.113127 -83.345701 -0.020564 0.999788 -0.000354 0.216530 0.113096 0.002678 0.993580 54.762031
0.993173 0.020516 -0.114831 -83.447371 -0.020686 0.999786 -0.000287 0.200071 0.114800 0.002660 0.993385 55.590297
0.992950 0.020642 -0.116727 -83.550773 -0.020809 0.999783 -0.000214 0.183642 0.116697 0.002641 0.993164 56.418496
0.992700 0.020769 -0.118810 -83.656016 -0.020933 0.999781 -0.000135 0.167252 0.118781 0.002621 0.992917 57.246493
0.992424 0.020897 -0.121073 -83.763206 -0.021058 0.999778 -0.000051 0.150909 0.121045 0.002600 0.992644 58.074155
0.992120 0.021027 -0.123513 -83.872450 -0.021185 0.999776 0.000038 0.134622 0.123486 0.002579 0.992343 58.901356
0.991789 0.021158 -0.126123 -83.983850 -0.021312 0.999773 0.000132 0.118398 0.126097 0.002557 0.992015 59.727968
0.991429 0.021290 -0.128899 -84.097506 -0.021439 0.999770 0.000230 0.102247 0.128874 0.002536 0.991658 60.553871
0.991040 0.021424 -0.131835 -84.213519 -0.021568 0.999767 0.000332 0.086175 0.131811 0.002514 0.991272 61.378946
0.990621 0.021559 -0.134927 -84.331986 -0.021698 0.999764 0.000439 0.070192 0.134905 0.002492 0.990855 62.203077
0.990171 0.021696 -0.138171 -84.453000 -0.021829 0.999762 0.000550 0.054305 0.138150 0.002472 0.990408 63.026150
0.989689 0.021834 -0.141562 -84.576656 -0.021962 0.999759 0.000664 0.038522 0.141542 0.002452 0.989929 63.848056
0.989173 0.021975 -0.145096 -84.703042 -0.022096 0.999756 0.000781 0.022850 0.145078 0.002433 0.989417 64.668687
0.988624 0.022118 -0.148770 -84.832246 -0.022232 0.999752 0.000901 0.007298 0.148753 0.002417 0.988871 65.487936
0.988041 0.022263 -0.152578 -84.964352 -0.022369 0.999749 0.001022 -0.008127 0.152563 0.002403 0.988291 66.305703
0.987421 0.022410 -0.156519 -85.099441 -0.022508 0.999746 0.001147 -0.023419 0.156505 0.002390 0.987674 67.121887
0.986764 0.022559 -0.160588 -85.237592 -0.022649 0.999743 0.001274 -0.038570 0.160575 0.002380 0.987021 67.936390
0.986069 0.022710 -0.164781 -85.378881 -0.022791 0.999739 0.001403 -0.053574 0.164770 0.002372 0.986329 68.749118
0.985334 0.022863 -0.169096 -85.523379 -0.022934 0.999736 0.001535 -0.068424 0.169086 0.002365 0.985598 69.559975
0.984560 0.023017 -0.173528 -85.671154 -0.023078 0.999732 0.001669 -0.083115 0.173520 0.002361 0.984828 70.368871
0.983744 0.023173 -0.178072 -85.822272 -0.023223 0.999729 0.001805 -0.097639 0.178066 0.002359 0.984016 71.175714
0.982887 0.023331 -0.182727 -85.976791 -0.023369 0.999725 0.001943 -0.111992 0.182722 0.002360 0.983162 71.980414
0.981986 0.023490 -0.187486 -86.134769 -0.023517 0.999721 0.002084 -0.126167 0.187483 0.002363 0.982265 72.782885
0.981042 0.023652 -0.192347 -86.296256 -0.023665 0.999717 0.002227 -0.140160 0.192346 0.002367 0.981324 73.583040
0.980053 0.023815 -0.197305 -86.461299 -0.023815 0.999714 0.002373 -0.153963 0.197305 0.002373 0.980339 74.380792
0.979018 0.023979 -0.202356 -86.629937 -0.023964 0.999710 0.002522 -0.167572 0.202357 0.002380 0.979309 75.176057
0.977938 0.024144 -0.207495 -86.802208 -0.024114 0.999706 0.002674 -0.180983 0.207498 0.002388 0.978232 75.968749
0.976811 0.024310 -0.212719 -86.978142 -0.024264 0.999702 0.002830 -0.194190 0.212724 0.002397 0.977109 76.758783
0.975637 0.024477 -0.218023 -87.157764 -0.024413 0.999697 0.002989 -0.207190 0.218030 0.002407 0.975939 77.546073
0.974415 0.024644 -0.223403 -87.341093 -0.024561 0.999693 0.003150 -0.219979 0.223412 0.002418 0.974721 78.330531
0.973144 0.024810 -0.228856 -87.528144 -0.024708 0.999689 0.003312 -0.232556 0.228867 0.002432 0.973455 79.112072
0.971825 0.024976 -0.234377 -87.718925 -0.024854 0.999685 0.003476 -0.244918 0.234390 0.002447 0.972139 79.890605
0.970456 0.025141 -0.239964 -87.913438 -0.024997 0.999681 0.003642 -0.257064 0.239979 0.002464 0.970775 80.666041
0.969038 0.025304 -0.245611 -88.111680 -0.025139 0.999677 0.003809 -0.268994 0.245628 0.002483 0.969361 81.438288
0.967570 0.025465 -0.251316 -88.313642 -0.025277 0.999673 0.003978 -0.280707 0.251335 0.002504 0.967897 82.207254
0.966052 0.025624 -0.257075 -88.519308 -0.025412 0.999668 0.004148 -0.292202 0.257096 0.002526 0.966383 82.972842
0.964483 0.025779 -0.262885 -88.728658 -0.025542 0.999664 0.004319 -0.303479 0.262908 0.002549 0.964817 83.734956
0.962863 0.025931 -0.268744 -88.941665 -0.025668 0.999660 0.004492 -0.314538 0.268769 0.002573 0.963201 84.493495
0.961191 0.026078 -0.274647 -89.158297 -0.025789 0.999657 0.004665 -0.325379 0.274674 0.002598 0.961534 85.248359
0.959469 0.026221 -0.280593 -89.378514 -0.025903 0.999653 0.004840 -0.336003 0.280623 0.002624 0.959815 85.999442
0.957694 0.026358 -0.286579 -89.602274 -0.026012 0.999649 0.005016 -0.346410 0.286611 0.002651 0.958043 86.746637
0.955867 0.026491 -0.292603 -89.829526 -0.026115 0.999645 0.005192 -0.356601 0.292636 0.002679 0.956220 87.489837
0.953988 0.026617 -0.298662 -90.060214 -0.026211 0.999642 0.005368 -0.366579 0.298698 0.002707 0.954344 88.228928
0.952055 0.026739 -0.304755 -90.294279 -0.026301 0.999639 0.005545 -0.376344 0.304793 0.002736 0.952415 88.963796
0.950070 0.026855 -0.310879 -90.531654 -0.026384 0.999636 0.005722 -0.385899 0.310920 0.002766 0.950432 89.694325
0.948030 0.026966 -0.317035 -90.772267 -0.026460 0.999632 0.005900 -0.395245 0.317077 0.002796 0.948396 90.420396
0.945937 0.027071 -0.323220 -91.016040 -0.026530 0.999630 0.006079 -0.404386 0.323264 0.002825 0.946304 91.141886
0.943788 0.027170 -0.329433 -91.262893 -0.026593 0.999627 0.006259 -0.413322 0.329480 0.002853 0.944158 91.858671
0.941583 0.027264 -0.335674 -91.512739 -0.026648 0.999624 0.006441 -0.422055 0.335724 0.002880 0.941956 92.570626
0.939322 0.027352 -0.341944 -91.765488 -0.026696 0.999622 0.006625 -0.430588 0.341996 0.002905 0.939697 93.277620
0.937003 0.027435 -0.348241 -92.021045 -0.026737 0.999619 0.006812 -0.438921 0.348295 0.002928 0.937380 93.979522
0.934626 0.027513 -0.354567 -92.279314 -0.026770 0.999617 0.007001 -0.447056 0.354624 0.002949 0.935004 94.676196
0.932188 0.027586 -0.360922 -92.540192 -0.026796 0.999615 0.007192 -0.454994 0.360981 0.002967 0.932568 95.367504
0.929689 0.027653 -0.367307 -92.803575 -0.026815 0.999613 0.007386 -0.462736 0.367369 0.002983 0.930071 96.053304
0.927126 0.027716 -0.373723 -93.069357 -0.026827 0.999611 0.007581 -0.470285 0.373788 0.002997 0.927509 96.733453
0.924498 0.027775 -0.380173 -93.337427 -0.026832 0.999610 0.007779 -0.477641 0.380241 0.003009 0.924883 97.407803
0.921803 0.027829 -0.386657 -93.607675 -0.026831 0.999608 0.007980 -0.484807 0.386728 0.003018 0.922189 98.076203
0.919039 0.027879 -0.393179 -93.879987 -0.026823 0.999607 0.008183 -0.491785 0.393252 0.003026 0.919426 98.738502
0.916203 0.027926 -0.399740 -94.154249 -0.026808 0.999605 0.008388 -0.498576 0.399816 0.003031 0.916590 99.394543
0.913292 0.027969 -0.406343 -94.430344 -0.026787 0.999604 0.008596 -0.505183 0.406423 0.003034 0.913680 100.044168
0.910304 0.028008 -0.412992 -94.708156 -0.026760 0.999603 0.008807 -0.511608 0.413075 0.003035 0.910692 100.687218
0.907234 0.028045 -0.419690 -94.987570 -0.026727 0.999602 0.009021 -0.517853 0.419776 0.003033 0.907623 101.323530
0.904080 0.028078 -0.426441 -95.268471 -0.026687 0.999601 0.009239 -0.523920 0.426530 0.003027 0.904468 101.952938
0.900836 0.028110 -0.433248 -95.550745 -0.026641 0.999600 0.009461 -0.529812 0.433341 0.003019 0.901225 102.575277
0.897499 0.028139 -0.440117 -95.834279 -0.026589 0.999599 0.009688 -0.535530 0.440213 0.003007 0.897888 103.190378
0.894065 0.028167 -0.447051 -96.118964 -0.026531 0.999599 0.009920 -0.541076 0.447152 0.002992 0.894453 103.798071
0.890526 0.028194 -0.454057 -96.404691 -0.026468 0.999598 0.010158 -0.546450 0.454161 0.002973 0.890915 104.398182
0.886879 0.028221 -0.461139 -96.691355 -0.026399 0.999597 0.010401 -0.551654 0.461247 0.002950 0.887267 104.990540
0.883116 0.028247 -0.468303 -96.978857 -0.026325 0.999597 0.010650 -0.556688 0.468415 0.002923 0.883504 105.574970
0.879232 0.028275 -0.475555 -97.267097 -0.026246 0.999596 0.010907 -0.561554 0.475671 0.002892 0.879619 106.151297
0.875218 0.028304 -0.482900 -97.555984 -0.026162 0.999595 0.011171 -0.566251 0.483021 0.002856 0.875604 106.719346
0.871067 0.028333 -0.490346 -97.845429 -0.026072 0.999595 0.011443 -0.570779 0.490471 0.002817 0.871453 107.278942
0.866771 0.028364 -0.497898 -98.135348 -0.025977 0.999594 0.011723 -0.575140 0.498028 0.002773 0.867156 107.829907
0.862322 0.028397 -0.505564 -98.425667 -0.025876 0.999593 0.012010 -0.579331 0.505699 0.002726 0.862706 108.372068
0.857709 0.028431 -0.513348 -98.716315 -0.025770 0.999592 0.012304 -0.583355 0.513489 0.002676 0.858092 108.905247
0.852923 0.028466 -0.521259 -99.007228 -0.025658 0.999591 0.012604 -0.587210 0.521405 0.002624 0.853305 109.429272
0.847954 0.028504 -0.529303 -99.298351 -0.025541 0.999590 0.012912 -0.590895 0.529454 0.002570 0.848335 109.943967
0.842790 0.028544 -0.537485 -99.589637 -0.025420 0.999589 0.013227 -0.594410 0.537641 0.002515 0.843170 110.449162
0.837421 0.028588 -0.545811 -99.881044 -0.025293 0.999588 0.013549 -0.597753 0.545974 0.002459 0.837799 110.944686
0.831833 0.028635 -0.554287 -100.172541 -0.025161 0.999587 0.013880 -0.600921 0.554456 0.002401 0.832210 111.430372
0.826014 0.028686 -0.562919 -100.464104 -0.025024 0.999586 0.014219 -0.603912 0.563094 0.002341 0.826389 111.906055
0.819951 0.028743 -0.571712 -100.755721 -0.024883 0.999584 0.014568 -0.606721 0.571893 0.002281 0.820325 112.371569
0.813630 0.028806 -0.580668 -101.047383 -0.024737 0.999583 0.014926 -0.609346 0.580856 0.002220 0.814003 112.826755
0.807038 0.028874 -0.589794 -101.339094 -0.024586 0.999581 0.015294 -0.611781 0.589988 0.002157 0.807409 113.271453
0.800157 0.028950 -0.599091 -101.630865 -0.024430 0.999579 0.015674 -0.614023 0.599292 0.002094 0.800527 113.705508
0.792974 0.029033 -0.608563 -101.922718 -0.024269 0.999576 0.016065 -0.616067 0.608772 0.002030 0.793343 114.128768
0.785471 0.029125 -0.618212 -102.214681 -0.024103 0.999574 0.016469 -0.617909 0.618428 0.001965 0.785839 114.541080
0.777633 0.029226 -0.628039 -102.506793 -0.023931 0.999571 0.016884 -0.619543 0.628263 0.001900 0.777999 114.942299
0.769440 0.029336 -0.638045 -102.799101 -0.023754 0.999568 0.017313 -0.620965 0.638277 0.001835 0.769805 115.332278
0.760876 0.029456 -0.648228 -103.091663 -0.023571 0.999565 0.017754 -0.622170 0.648468 0.001771 0.761239 115.710877
0.751923 0.029586 -0.658587 -103.384545 -0.023382 0.999561 0.018208 -0.623153 0.658837 0.001707 0.752284 116.077958
0.742559 0.029726 -0.669120 -103.677822 -0.023185 0.999557 0.018676 -0.623908 0.669379 0.001645 0.742920 116.433384
0.732768 0.029876 -0.679823 -103.971579 -0.022980 0.999552 0.019158 -0.624430 0.680091 0.001584 0.733126 116.777025
0.722527 0.030036 -0.690690 -104.265909 -0.022765 0.999548 0.019652 -0.624714 0.690968 0.001524 0.722884 117.108752
0.711818 0.030205 -0.701714 -104.560915 -0.022540 0.999543 0.020160 -0.624754 0.702002 0.001466 0.712173 117.428440
0.700619 0.030385 -0.712888 -104.856710 -0.022304 0.999537 0.020682 -0.624545 0.713187 0.001410 0.700972 117.735966
0.688910 0.030575 -0.724202 -105.153412 -0.022056 0.999532 0.021217 -0.624081 0.724511 0.001356 0.689262 118.031211
0.676671 0.030774 -0.735642 -105.451150 -0.021795 0.999526 0.021766 -0.623357 0.735963 0.001305 0.677020 118.314059
0.663881 0.030984 -0.747196 -105.750057 -0.021519 0.999519 0.022328 -0.622367 0.747528 0.001255 0.664229 118.584399
0.650521 0.031204 -0.758847 -106.050275 -0.021227 0.999512 0.022903 -0.621107 0.759191 0.001209 0.650867 118.842120
0.636573 0.031434 -0.770576 -106.351951 -0.020920 0.999505 0.023491 -0.619572 0.770933 0.001166 0.636916 119.087118
0.622018 0.031675 -0.782362 -106.655240 -0.020594 0.999498 0.024092 -0.617757 0.782732 0.001127 0.622358 119.319291
0.606840 0.031926 -0.794182 -106.960299 -0.020250 0.999490 0.024705 -0.615659 0.794566 0.001090 0.607177 119.538545
0.591025 0.032187 -0.806011 -107.267294 -0.019886 0.999481 0.025332 -0.613272 0.806408 0.001057 0.591359 119.744785
0.574560 0.032460 -0.817819 -107.576392 -0.019500 0.999473 0.025970 -0.610593 0.818230 0.001026 0.574890 119.937927
0.557434 0.032743 -0.829575 -107.887768 -0.019091 0.999463 0.026621 -0.607615 0.830002 0.000998 0.557760 120.117887
0.539640 0.033038 -0.841247 -108.201598 -0.018658 0.999454 0.027282 -0.604336 0.841689 0.000973 0.539962 120.284588
0.521173 0.033342 -0.852799 -108.518062 -0.018199 0.999444 0.027954 -0.600749 0.853257 0.000951 0.521490 120.437958
0.502033 0.033657 -0.864193 -108.837343 -0.017714 0.999433 0.028634 -0.596850 0.864667 0.000933 0.502345 120.577931
0.482222 0.033982 -0.875390 -109.159626 -0.017201 0.999422 0.029322 -0.592635 0.875880 0.000918 0.482528 120.704444
0.461747 0.034317 -0.886347 -109.485099 -0.016659 0.999411 0.030016 -0.588099 0.886855 0.000906 0.462047 120.817442
0.440621 0.034661 -0.897024 -109.813950 -0.016089 0.999399 0.030713 -0.583237 0.897549 0.000899 0.440914 120.916876
0.418859 0.035013 -0.907376 -110.146368 -0.015489 0.999386 0.031414 -0.578045 0.907919 0.000897 0.419144 121.002703
0.396483 0.035374 -0.917360 -110.482541 -0.014860 0.999374 0.032114 -0.572519 0.917922 0.000899 0.396761 121.074884
0.373521 0.035742 -0.926933 -110.822660 -0.014201 0.999361 0.032813 -0.566657 0.927513 0.000907 0.373790 121.133389
0.350005 0.036117 -0.936051 -111.166912 -0.013512 0.999347 0.033507 -0.560453 0.936650 0.000921 0.350265 121.178194
0.325973 0.036497 -0.944674 -111.515484 -0.012795 0.999333 0.034194 -0.553907 0.945293 0.000941 0.326222 121.209283
0.301466 0.036883 -0.952763 -111.868561 -0.012049 0.999319 0.034872 -0.547015 0.953401 0.000968 0.301705 121.226644
0.276534 0.037271 -0.960281 -112.226328 -0.011276 0.999305 0.035539 -0.539775 0.960938 0.001000 0.276762 121.230274
0.251227 0.037663 -0.967195 -112.588964 -0.010476 0.999290 0.036192 -0.532185 0.967871 0.001040 0.251443 121.220176
0.225602 0.038057 -0.973476 -112.956648 -0.009650 0.999275 0.036829 -0.524244 0.974172 0.001085 0.225806 121.196360
0.199718 0.038451 -0.979099 -113.329552 -0.008800 0.999260 0.037448 -0.515949 0.979814 0.001137 0.199909 121.158842
0.173637 0.038847 -0.984043 -113.707846 -0.007928 0.999244 0.038048 -0.507299 0.984778 0.001195 0.173814 121.107645
0.147423 0.039243 -0.988295 -114.091695 -0.007035 0.999229 0.038628 -0.498294 0.989048 0.001258 0.147586 121.042797
0.121143 0.039639 -0.991843 -114.481256 -0.006123 0.999213 0.039185 -0.488932 0.992616 0.001326 0.121290 120.964336
0.094860 0.040033 -0.994685 -114.876684 -0.005193 0.999197 0.039720 -0.479212 0.995477 0.001398 0.094992 120.872303
0.068642 0.040426 -0.996822 -115.278124 -0.004248 0.999181 0.040230 -0.469135 0.997632 0.001473 0.068758 120.766746
0.042553 0.040818 -0.998260 -115.685716 -0.003290 0.999165 0.040714 -0.458701 0.999089 0.001551 0.042652 120.647719
0.016655 0.041206 -0.999012 -116.099592 -0.002320 0.999149 0.041173 -0.447910 0.999859 0.001632 0.016737 120.515282
-0.008991 0.041591 -0.999094 -116.519877 -0.001340 0.999133 0.041605 -0.436764 0.999959 0.001713 -0.008928 120.369500
-0.034330 0.041973 -0.998529 -116.946687 -0.000354 0.999117 0.042010 -0.425265 0.999410 0.001796 -0.034285 120.210445
-0.059307 0.042350 -0.997341 -117.380131 0.000637 0.999101 0.042387 -0.413414 0.998240 0.001879 -0.059281 120.038194
-0.083873 0.042723 -0.995560 -117.820307 0.001630 0.999085 0.042737 -0.401215 0.996475 0.001962 -0.083866 119.852831
-0.107984 0.043090 -0.993218 -118.267307 0.002622 0.999069 0.043058 -0.388670 0.994149 0.002045 -0.107996 119.654444
-0.131597 0.043450 -0.990351 -118.721213 0.003613 0.999053 0.043352 -0.375784 0.991297 0.002127 -0.131630 119.443129
-0.154678 0.043805 -0.986993 -119.182097 0.004598 0.999038 0.043619 -0.362558 0.987954 0.002208 -0.154731 119.218989
-0.177195 0.044152 -0.983185 -119.650023 0.005578 0.999022 0.043858 -0.348999 0.984160 0.002288 -0.177268 118.982133
-0.199121 0.044493 -0.978964 -120.125046 0.006548 0.999007 0.044072 -0.335109 0.979953 0.002365 -0.199215 118.732674
-0.220434 0.044826 -0.974371 -120.607210 0.007508 0.998992 0.044260 -0.320895 0.975373 0.002440 -0.220549 118.470736
-0.241116 0.045152 -0.969445 -121.096550 0.008456 0.998977 0.044425 -0.306360 0.970459 0.002514 -0.241251 118.196446
-0.261153 0.045472 -0.964226 -121.593089 0.009390 0.998962 0.044567 -0.291511 0.965252 0.002585 -0.261309 117.909939
-0.280535 0.045785 -0.958751 -122.096844 0.010308 0.998948 0.044688 -0.276353 0.959789 0.002653 -0.280711 117.611356
-0.299254 0.046092 -0.953060 -122.607817 0.011210 0.998934 0.044791 -0.260891 0.954108 0.002720 -0.299452 117.300848
-0.317309 0.046393 -0.947187 -123.126004 0.012092 0.998919 0.044876 -0.245132 0.948245 0.002786 -0.317527 116.978568
-0.334698 0.046690 -0.941168 -123.651388 0.012956 0.998905 0.044946 -0.229080 0.942236 0.002850 -0.334937 116.644680
