0.999961 0.004249 0.007762 0.009330 -0.004243 0.999991 -0.000751 -1.388859 -0.007766 0.000718 0.999970 3.148088
0.999975 0.004308 0.005691 0.007586 -0.004304 0.999990 -0.000786 -1.484276 -0.005694 0.000762 0.999983 3.343552
0.999984 0.004370 0.003498 0.005348 -0.004368 0.999990 -0.000819 -1.582969 -0.003501 0.000803 0.999994 3.543348
0.999989 0.004436 0.001180 0.002552 -0.004435 0.999990 -0.000848 -1.684971 -0.001183 0.000843 0.999999 3.747430
0.999989 0.004505 -0.001267 -0.000872 -0.004506 0.999989 -0.000875 -1.790315 0.001263 0.000880 0.999999 3.955747
0.999982 0.004577 -0.003844 -0.004999 -0.004580 0.999989 -0.000897 -1.899029 0.003840 0.000914 0.999992 4.168249
0.999968 0.004652 -0.006555 -0.009908 -0.004658 0.999989 -0.000915 -2.011142 0.006551 0.000946 0.999978 4.384885
0.999945 0.004730 -0.009403 -0.015686 -0.004739 0.999988 -0.000929 -2.126678 0.009399 0.000973 0.999955 4.605603
0.999912 0.004812 -0.012391 -0.022425 -0.004824 0.999988 -0.000938 -2.245663 0.012386 0.000998 0.999923 4.830350
0.999868 0.004897 -0.015520 -0.030222 -0.004912 0.999987 -0.000942 -2.368116 0.015515 0.001018 0.999879 5.059074
0.999811 0.004984 -0.018793 -0.039182 -0.005003 0.999987 -0.000942 -2.494058 0.018788 0.001035 0.999823 5.291720
0.999740 0.005076 -0.022213 -0.049417 -0.005098 0.999987 -0.000935 -2.623507 0.022207 0.001048 0.999753 5.528233
0.999654 0.005170 -0.025781 -0.061043 -0.005196 0.999986 -0.000923 -2.756477 0.025776 0.001057 0.999667 5.768556
0.999551 0.005269 -0.029502 -0.074186 -0.005298 0.999986 -0.000905 -2.892983 0.029496 0.001061 0.999564 6.012634
0.999428 0.005370 -0.033376 -0.088977 -0.005403 0.999985 -0.000880 -3.033035 0.033371 0.001059 0.999442 6.260407
0.999285 0.005475 -0.037407 -0.105556 -0.005511 0.999984 -0.000847 -3.176643 0.037402 0.001053 0.999300 6.511818
0.999119 0.005584 -0.041598 -0.124068 -0.005622 0.999984 -0.000806 -3.323815 0.041593 0.001040 0.999134 6.766807
0.998927 0.005696 -0.045951 -0.144667 -0.005737 0.999983 -0.000758 -3.474556 0.045945 0.001020 0.998943 7.025313
0.998709 0.005812 -0.050468 -0.167515 -0.005854 0.999983 -0.000700 -3.628869 0.050463 0.000995 0.998725 7.287274
0.998460 0.005930 -0.055153 -0.192780 -0.005974 0.999982 -0.000634 -3.786756 0.055148 0.000962 0.998478 7.552629
0.998180 0.006052 -0.060008 -0.220639 -0.006097 0.999981 -0.000558 -3.948216 0.060004 0.000923 0.998198 7.821313
0.997864 0.006178 -0.065036 -0.251276 -0.006222 0.999981 -0.000473 -4.113247 0.065032 0.000877 0.997883 8.093261
0.997510 0.006307 -0.070240 -0.284883 -0.006349 0.999980 -0.000379 -4.281845 0.070237 0.000824 0.997530 8.368407
0.997116 0.006440 -0.075623 -0.321661 -0.006479 0.999979 -0.000274 -4.454004 0.075619 0.000763 0.997136 8.646684
0.996677 0.006577 -0.081186 -0.361819 -0.006612 0.999978 -0.000159 -4.629715 0.081184 0.000695 0.996699 8.928022
0.996191 0.006719 -0.086934 -0.405574 -0.006748 0.999977 -0.000032 -4.808968 0.086932 0.000619 0.996214 9.212349
0.995543 0.006895 -0.094058 -0.453712 -0.006917 0.999976 0.000093 -4.965496 0.094056 0.000558 0.995567 9.430996
0.994808 0.007080 -0.101525 -0.505938 -0.007093 0.999975 0.000237 -5.123677 0.101524 0.000484 0.994833 9.648374
0.993977 0.007276 -0.109347 -0.562496 -0.007276 0.999973 0.000400 -5.283416 0.109347 0.000398 0.994004 9.864295
0.993040 0.007482 -0.117537 -0.623632 -0.007465 0.999972 0.000583 -5.444616 0.117538 0.000299 0.993068 10.078578
0.991987 0.007700 -0.126107 -0.689602 -0.007662 0.999970 0.000786 -5.607174 0.126109 0.000186 0.992016 10.291051
0.990804 0.007930 -0.135069 -0.760669 -0.007865 0.999969 0.001012 -5.770985 0.135073 0.000059 0.990836 10.501550
0.989481 0.008173 -0.144435 -0.837101 -0.008075 0.999967 0.001261 -5.935942 0.144441 -0.000082 0.989513 10.709916
0.988001 0.008429 -0.154217 -0.919173 -0.008292 0.999964 0.001534 -6.101934 0.154224 -0.000237 0.988036 10.915999
0.986351 0.008701 -0.164426 -1.007164 -0.008515 0.999962 0.001832 -6.268848 0.164435 -0.000407 0.986388 11.119652
0.984514 0.008987 -0.175073 -1.101360 -0.008745 0.999959 0.002155 -6.436568 0.175085 -0.000591 0.984553 11.320733
0.982474 0.009290 -0.186170 -1.202050 -0.008981 0.999957 0.002505 -6.604974 0.186185 -0.000789 0.982514 11.519104
0.980210 0.009610 -0.197726 -1.309528 -0.009222 0.999953 0.002882 -6.773945 0.197745 -0.001002 0.980253 11.714631
0.977704 0.009948 -0.209753 -1.424092 -0.009469 0.999950 0.003287 -6.943358 0.209775 -0.001228 0.977749 11.907183
0.974933 0.010304 -0.222259 -1.546043 -0.009720 0.999946 0.003722 -7.113085 0.222285 -0.001468 0.974981 12.096633
0.971876 0.010680 -0.235253 -1.675683 -0.009975 0.999941 0.004186 -7.282998 0.235284 -0.001722 0.971925 12.282855
0.968506 0.011075 -0.248744 -1.813317 -0.010232 0.999937 0.004681 -7.452968 0.248780 -0.001989 0.968558 12.465727
0.964799 0.011492 -0.262738 -1.959254 -0.010492 0.999931 0.005208 -7.622861 0.262780 -0.002268 0.964853 12.645125
0.960726 0.011930 -0.277242 -2.113800 -0.010753 0.999926 0.005767 -7.792543 0.277290 -0.002559 0.960783 12.820928
0.956258 0.012391 -0.292261 -2.277266 -0.011013 0.999919 0.006359 -7.961879 0.292316 -0.002862 0.956317 12.993016
0.951365 0.012875 -0.307798 -2.449959 -0.011272 0.999912 0.006984 -8.130732 0.307861 -0.003175 0.951426 13.161265
0.946012 0.013383 -0.323855 -2.632186 -0.011529 0.999904 0.007644 -8.298961 0.323926 -0.003498 0.946076 13.325555
0.940166 0.013917 -0.340432 -2.824252 -0.011782 0.999896 0.008339 -8.466426 0.340512 -0.003829 0.940232 13.485762
0.933791 0.014479 -0.357526 -3.026462 -0.012031 0.999886 0.009069 -8.632986 0.357617 -0.004167 0.933859 13.641763
0.926849 0.015068 -0.375133 -3.239114 -0.012274 0.999876 0.009836 -8.798496 0.375234 -0.004512 0.926919 13.793433
0.919300 0.015687 -0.393244 -3.462504 -0.012510 0.999865 0.010640 -8.962812 0.393358 -0.004862 0.919373 13.940646
0.911106 0.016336 -0.411849 -3.696925 -0.012737 0.999853 0.011482 -9.125788 0.411976 -0.005215 0.911180 14.083274
0.902272 0.017015 -0.430831 -3.942651 -0.012953 0.999840 0.012359 -9.287728 0.430973 -0.005571 0.902348 14.222709
0.892773 0.017722 -0.450159 -4.199965 -0.013156 0.999825 0.013272 -9.448523 0.450315 -0.005926 0.892850 14.358917
0.882584 0.018460 -0.469792 -4.469138 -0.013344 0.999810 0.014218 -9.608062 0.469965 -0.006280 0.882663 14.491866
0.871686 0.019227 -0.489688 -4.750437 -0.013516 0.999793 0.015198 -9.766234 0.489879 -0.006629 0.871765 14.621523
0.860060 0.020025 -0.509799 -5.044122 -0.013670 0.999775 0.016208 -9.922931 0.510009 -0.006971 0.860141 14.747856
0.847695 0.020852 -0.530074 -5.350445 -0.013806 0.999756 0.017249 -10.078044 0.530304 -0.007304 0.847776 14.870831
0.834581 0.021708 -0.550457 -5.669649 -0.013921 0.999735 0.018318 -10.231465 0.550709 -0.007625 0.834663 14.990417
0.820717 0.022592 -0.570889 -6.001968 -0.014015 0.999713 0.019414 -10.383086 0.571164 -0.007932 0.820798 15.106585
0.806104 0.023504 -0.591307 -6.347628 -0.014087 0.999690 0.020533 -10.532802 0.591606 -0.008222 0.806185 15.219304
0.790752 0.024441 -0.611648 -6.706841 -0.014135 0.999665 0.021673 -10.680506 0.611973 -0.008493 0.790833 15.328548
0.774678 0.025403 -0.631846 -7.079812 -0.014158 0.999639 0.022831 -10.826093 0.632198 -0.008741 0.774758 15.434290
0.757903 0.026386 -0.651834 -7.466736 -0.014157 0.999612 0.024003 -10.969458 0.652214 -0.008964 0.757982 15.536504
0.740457 0.027388 -0.671546 -7.867794 -0.014131 0.999583 0.025186 -11.110498 0.671956 -0.009159 0.740535 15.635167
0.722375 0.028409 -0.690917 -8.283157 -0.014082 0.999553 0.026376 -11.249112 0.691358 -0.009324 0.722452 15.730257
0.703701 0.029443 -0.709886 -8.712984 -0.014010 0.999522 0.027569 -11.385196 0.710358 -0.009455 0.703777 15.821750
0.684483 0.030491 -0.728391 -9.157422 -0.013916 0.999489 0.028761 -11.518651 0.728896 -0.009550 0.684558 15.909627
0.664774 0.031547 -0.746378 -9.616605 -0.013803 0.999456 0.029950 -11.649376 0.746917 -0.009608 0.664848 15.993871
0.644634 0.032611 -0.763795 -10.090653 -0.013672 0.999422 0.031131 -11.777273 0.764369 -0.009625 0.644707 16.074465
0.624126 0.033678 -0.780598 -10.579675 -0.013526 0.999387 0.032303 -11.902243 0.781207 -0.009602 0.624198 16.151394
0.603315 0.034747 -0.796745 -11.083764 -0.013367 0.999351 0.033461 -12.024188 0.797391 -0.009538 0.603388 16.224648
0.582272 0.035814 -0.812205 -11.602999 -0.013196 0.999314 0.034604 -12.143012 0.812887 -0.009431 0.582345 16.294215
0.561067 0.036875 -0.826948 -12.137445 -0.013016 0.999277 0.035729 -12.258618 0.827668 -0.009283 0.561141 16.360090
0.539771 0.037928 -0.840957 -12.687149 -0.012830 0.999239 0.036832 -12.370912 0.841714 -0.009092 0.539847 16.422268
0.518456 0.038969 -0.854216 -13.252146 -0.012639 0.999201 0.037912 -12.479799 0.855011 -0.008859 0.518534 16.480749
0.497190 0.039993 -0.866719 -13.832452 -0.012447 0.999163 0.038964 -12.585189 0.867552 -0.008585 0.497272 16.535536
0.476042 0.040998 -0.878466 -14.428074 -0.012256 0.999125 0.039988 -12.686989 0.879337 -0.008269 0.476128 16.586636
0.455070 0.041981 -0.889466 -15.038997 -0.012069 0.999087 0.040980 -12.785118 0.890374 -0.007914 0.455161 16.634060
0.434326 0.042941 -0.899731 -15.665192 -0.011889 0.999049 0.041942 -12.879502 0.900677 -0.007519 0.434424 16.677820
0.413862 0.043875 -0.909282 -16.306617 -0.011718 0.999012 0.042871 -12.970075 0.910264 -0.007088 0.413967 16.717925
0.393722 0.044781 -0.918138 -16.963213 -0.011559 0.998975 0.043767 -13.056777 0.919157 -0.006619 0.393836 16.754383
0.373948 0.045660 -0.926325 -17.634906 -0.011414 0.998938 0.044631 -13.139555 0.927380 -0.006117 0.374072 16.787206
0.354576 0.046508 -0.933870 -18.321608 -0.011286 0.998902 0.045462 -13.218365 0.934959 -0.005580 0.354712 16.816405
0.335641 0.047327 -0.940800 -19.023218 -0.011175 0.998867 0.046261 -13.293169 0.941924 -0.005013 0.335789 16.841992
0.317169 0.048114 -0.947148 -19.739617 -0.011086 0.998832 0.047027 -13.363935 0.948304 -0.004416 0.317332 16.863983
0.299187 0.048870 -0.952942 -20.470679 -0.011017 0.998798 0.047762 -13.430637 0.954131 -0.003791 0.299366 16.882398
0.281714 0.049594 -0.958216 -21.216258 -0.010972 0.998765 0.048467 -13.493257 0.959436 -0.003140 0.281910 16.897257
0.264767 0.050287 -0.963000 -21.976201 -0.010951 0.998732 0.049141 -13.551780 0.964250 -0.002465 0.264982 16.908584
0.248360 0.050948 -0.967327 -22.750341 -0.010956 0.998700 0.049787 -13.606200 0.968606 -0.001768 0.248595 16.916408
0.232503 0.051578 -0.971227 -23.538501 -0.010987 0.998668 0.050406 -13.656512 0.972534 -0.001049 0.232760 16.920759
0.217204 0.052179 -0.974731 -24.340494 -0.011045 0.998638 0.050997 -13.702720 0.976064 -0.000311 0.217484 16.921670
0.202467 0.052749 -0.977867 -25.156120 -0.011132 0.998608 0.051563 -13.744831 0.979226 0.000446 0.202772 16.919182
0.188294 0.053291 -0.980666 -25.985173 -0.011247 0.998578 0.052105 -13.782855 0.982048 0.001219 0.188625 16.913338
0.174685 0.053805 -0.983153 -26.827436 -0.011391 0.998549 0.052624 -13.816810 0.984558 0.002007 0.175045 16.904188
0.161638 0.054293 -0.985355 -27.682684 -0.011564 0.998521 0.053122 -13.846715 0.986782 0.002808 0.162027 16.891785
0.149150 0.054755 -0.987297 -28.550685 -0.011766 0.998493 0.053599 -13.872595 0.988745 0.003622 0.149569 16.876191
0.137214 0.055193 -0.989003 -29.431202 -0.011997 0.998466 0.054057 -13.894478 0.990469 0.004447 0.137665 16.857468
0.125823 0.055607 -0.990493 -30.323988 -0.012256 0.998439 0.054496 -13.912397 0.991977 0.005283 0.126308 16.835688
0.114968 0.055998 -0.991790 -31.228793 -0.012543 0.998412 0.054918 -13.926389 0.993290 0.006126 0.115488 16.810925
0.104640 0.056367 -0.992911 -32.145362 -0.012858 0.998386 0.055323 -13.936495 0.994427 0.006978 0.105196 16.783260
0.094827 0.056714 -0.993877 -33.073436 -0.013200 0.998360 0.055711 -13.942757 0.995406 0.007836 0.095420 16.752778
0.085516 0.057041 -0.994703 -34.012752 -0.013567 0.998334 0.056083 -13.945227 0.996244 0.008699 0.086148 16.719570
0.076694 0.057349 -0.995404 -34.963043 -0.013960 0.998308 0.056441 -13.943954 0.996957 0.009567 0.077365 16.683733
0.068347 0.057638 -0.995995 -35.924044 -0.014376 0.998283 0.056784 -13.938997 0.997558 0.010437 0.069058 16.645365
0.060459 0.057909 -0.996489 -36.895484 -0.014815 0.998258 0.057113 -13.930413 0.998061 0.011310 0.061211 16.604567
0.053015 0.058164 -0.996898 -37.877093 -0.015275 0.998233 0.057429 -13.918266 0.998477 0.012183 0.053809 16.561443
0.045999 0.058402 -0.997233 -38.868598 -0.015756 0.998208 0.057733 -13.902623 0.998817 0.013057 0.046837 16.516097
0.039395 0.058625 -0.997502 -39.869729 -0.016256 0.998183 0.058023 -13.883553 0.999091 0.013929 0.040277 16.468637
0.033188 0.058833 -0.997716 -40.880213 -0.016774 0.998158 0.058301 -13.861130 0.999308 0.014801 0.034113 16.419167
0.027360 0.059028 -0.997881 -41.899782 -0.017309 0.998133 0.058568 -13.835429 0.999476 0.015670 0.028331 16.367794
0.021898 0.059210 -0.998005 -42.928167 -0.017861 0.998109 0.058824 -13.806531 0.999601 0.016537 0.022914 16.314623
0.016786 0.059380 -0.998094 -43.965101 -0.018428 0.998084 0.059069 -13.774519 0.999689 0.017401 0.017848 16.259761
0.012010 0.059539 -0.998154 -45.010316 -0.019009 0.998059 0.059305 -13.739477 0.999747 0.018261 0.013118 16.203313
0.007555 0.059688 -0.998188 -46.063549 -0.019603 0.998034 0.059531 -13.701495 0.999779 0.019117 0.008710 16.145385
0.003409 0.059828 -0.998203 -47.124536 -0.020208 0.998009 0.059747 -13.660665 0.999790 0.019968 0.004611 16.086085
-0.000441 0.059959 -0.998201 -48.193018 -0.020823 0.997984 0.059955 -13.617080 0.999783 0.020812 0.000809 16.025518
-0.004007 0.060081 -0.998185 -49.268737 -0.021447 0.997959 0.060154 -13.570838 0.999762 0.021649 -0.002710 15.963792
-0.007299 0.060196 -0.998160 -50.351439 -0.022077 0.997933 0.060344 -13.522039 0.999730 0.022477 -0.005955 15.901010
-0.010331 0.060303 -0.998127 -51.440873 -0.022713 0.997908 0.060525 -13.470786 0.999689 0.023296 -0.008939 15.837276
-0.013111 0.060402 -0.998088 -52.536793 -0.023354 0.997883 0.060697 -13.417181 0.999641 0.024105 -0.011673 15.772691
-0.015651 0.060494 -0.998046 -53.638958 -0.023999 0.997858 0.060859 -13.361334 0.999589 0.024904 -0.014166 15.707357
-0.017961 0.060578 -0.998002 -54.747131 -0.024647 0.997833 0.061012 -13.303353 0.999535 0.025693 -0.016429 15.641371
-0.020051 0.060656 -0.997957 -55.861081 -0.025297 0.997808 0.061155 -13.243352 0.999479 0.026471 -0.018473 15.574831
-0.021931 0.060727 -0.997913 -56.980587 -0.025948 0.997783 0.061289 -13.181446 0.999423 0.027238 -0.020307 15.507835
-0.023610 0.060792 -0.997871 -58.105432 -0.026600 0.997758 0.061414 -13.117751 0.999367 0.027993 -0.021940 15.440475
-0.025098 0.060853 -0.997831 -59.235403 -0.027252 0.997733 0.061532 -13.052385 0.999313 0.028737 -0.023383 15.372845
-0.026405 0.060910 -0.997794 -60.370297 -0.027903 0.997708 0.061643 -12.985470 0.999262 0.029469 -0.024645 15.305036
-0.027539 0.060964 -0.997760 -61.509915 -0.028552 0.997683 0.061747 -12.917121 0.999213 0.030188 -0.025734 15.237134
-0.028509 0.061015 -0.997730 -62.654067 -0.029198 0.997659 0.061845 -12.847446 0.999167 0.030895 -0.026661 15.169227
-0.029325 0.061063 -0.997703 -63.802570 -0.029841 0.997634 0.061936 -12.776549 0.999124 0.031588 -0.027434 15.101397
-0.029997 0.061109 -0.997680 -64.955248 -0.030479 0.997609 0.062022 -12.704530 0.999085 0.032269 -0.028062 15.033725
-0.030532 0.061153 -0.997661 -66.111931 -0.031112 0.997585 0.062101 -12.631480 0.999049 0.032936 -0.028556 14.966289
-0.030941 0.061195 -0.997646 -67.272458 -0.031739 0.997561 0.062174 -12.557488 0.999017 0.033588 -0.028923 14.899162
-0.031232 0.061235 -0.997635 -68.436675 -0.032360 0.997536 0.062242 -12.482636 0.998988 0.034227 -0.029173 14.832414
-0.031415 0.061273 -0.997627 -69.604437 -0.032973 0.997512 0.062305 -12.407003 0.998962 0.034852 -0.029316 14.766112
-0.031498 0.061310 -0.997622 -70.775605 -0.033579 0.997489 0.062362 -12.330661 0.998940 0.035463 -0.029360 14.700319
-0.031490 0.061346 -0.997620 -71.950046 -0.034176 0.997465 0.062415 -12.253680 0.998920 0.036060 -0.029314 14.635091
-0.031401 0.061381 -0.997620 -73.127637 -0.034764 0.997442 0.062464 -12.176126 0.998902 0.036643 -0.029187 14.570485
-0.031238 0.061415 -0.997623 -74.308260 -0.035344 0.997418 0.062509 -12.098060 0.998887 0.037212 -0.028987 14.506551
-0.031010 0.061448 -0.997628 -75.491803 -0.035913 0.997395 0.062550 -12.019541 0.998874 0.037768 -0.028722 14.443336
-0.030724 0.061481 -0.997635 -76.678159 -0.036473 0.997373 0.062588 -11.940624 0.998862 0.038310 -0.028401 14.380883
-0.030389 0.061514 -0.997644 -77.867229 -0.037023 0.997350 0.062623 -11.861361 0.998852 0.038839 -0.028031 14.319230
-0.030012 0.061546 -0.997653 -79.058917 -0.037563 0.997328 0.062655 -11.781802 0.998843 0.039355 -0.027620 14.258409
-0.029600 0.061577 -0.997663 -80.253136 -0.038093 0.997306 0.062685 -11.701993 0.998836 0.039859 -0.027175 14.198449
-0.029160 0.061607 -0.997674 -81.449802 -0.038612 0.997285 0.062711 -11.621978 0.998829 0.040351 -0.026702 14.139374
-0.028698 0.061636 -0.997686 -82.648834 -0.039122 0.997263 0.062735 -11.541799 0.998822 0.040832 -0.026208 14.081203
-0.028220 0.061664 -0.997698 -83.850158 -0.039621 0.997242 0.062757 -11.461495 0.998816 0.041301 -0.025699 14.023950
-0.027732 0.061691 -0.997710 -85.053703 -0.040109 0.997221 0.062776 -11.381105 0.998810 0.041758 -0.025181 13.967626
-0.027239 0.061718 -0.997722 -86.259403 -0.040587 0.997201 0.062793 -11.300662 0.998805 0.042205 -0.024657 13.912238
-0.026744 0.061743 -0.997734 -87.467196 -0.041055 0.997181 0.062810 -11.220198 0.998799 0.042641 -0.024134 13.857787
-0.026253 0.061769 -0.997745 -88.677021 -0.041512 0.997161 0.062825 -11.139743 0.998793 0.043068 -0.023614 13.804271
-0.025768 0.061794 -0.997756 -89.888821 -0.041959 0.997141 0.062840 -11.059324 0.998787 0.043484 -0.023101 13.751682
-0.025292 0.061820 -0.997767 -91.102542 -0.042397 0.997122 0.062854 -10.978966 0.998781 0.043892 -0.022598 13.700011
-0.024827 0.061845 -0.997777 -92.318130 -0.042827 0.997103 0.062869 -10.898690 0.998774 0.044292 -0.022106 13.649243
-0.024375 0.061870 -0.997787 -93.535536 -0.043248 0.997083 0.062883 -10.818517 0.998767 0.044685 -0.021628 13.599363
-0.023937 0.061895 -0.997796 -94.754708 -0.043662 0.997064 0.062897 -10.738465 0.998760 0.045071 -0.021164 13.550354
-0.023514 0.061921 -0.997804 -95.975598 -0.044068 0.997046 0.062913 -10.658551 0.998752 0.045451 -0.020715 13.502196
-0.023106 0.061948 -0.997812 -97.198156 -0.044469 0.997027 0.062929 -10.578787 0.998744 0.045825 -0.020282 13.454870
-0.022714 0.061977 -0.997819 -98.422332 -0.044863 0.997008 0.062948 -10.499185 0.998735 0.046195 -0.019865 13.408353
-0.022337 0.062006 -0.997826 -99.648074 -0.045251 0.996989 0.062967 -10.419755 0.998726 0.046560 -0.019464 13.362625
-0.021976 0.062037 -0.997832 -100.875331 -0.045634 0.996970 0.062988 -10.340505 0.998716 0.046920 -0.019079 13.317665
-0.021630 0.062068 -0.997837 -102.104048 -0.046012 0.996952 0.063011 -10.261441 0.998707 0.047275 -0.018708 13.273450
-0.021299 0.062101 -0.997843 -103.334172 -0.046384 0.996933 0.063035 -10.182566 0.998697 0.047627 -0.018353 13.229959
-0.020982 0.062135 -0.997847 -104.565649 -0.046751 0.996914 0.063060 -10.103884 0.998686 0.047974 -0.018013 13.187169
-0.020679 0.062170 -0.997851 -105.798422 -0.047113 0.996895 0.063087 -10.025394 0.998675 0.048316 -0.017686 13.145055
-0.020390 0.062206 -0.997855 -107.032435 -0.047470 0.996877 0.063115 -9.947095 0.998665 0.048655 -0.017374 13.103594
-0.020115 0.062243 -0.997858 -108.267630 -0.047822 0.996858 0.063145 -9.868984 0.998653 0.048990 -0.017075 13.062763
-0.019854 0.062281 -0.997861 -109.503949 -0.048170 0.996839 0.063175 -9.791058 0.998642 0.049321 -0.016791 13.022538
-0.019605 0.062319 -0.997864 -110.741329 -0.048513 0.996821 0.063207 -9.713312 0.998630 0.049649 -0.016520 12.982898
-0.019370 0.062359 -0.997866 -111.979709 -0.048852 0.996802 0.063241 -9.635742 0.998618 0.049973 -0.016262 12.943823
-0.019148 0.062399 -0.997868 -113.219022 -0.049187 0.996783 0.063275 -9.558341 0.998606 0.050294 -0.016017 12.905294
-0.018938 0.062440 -0.997869 -114.459202 -0.049517 0.996765 0.063311 -9.481101 0.998594 0.050611 -0.015785 12.867290
-0.018742 0.062482 -0.997870 -115.700177 -0.049843 0.996746 0.063348 -9.404013 0.998581 0.050924 -0.015566 12.829794
-0.018557 0.062524 -0.997871 -116.941874 -0.050164 0.996728 0.063386 -9.327069 0.998569 0.051233 -0.015360 12.792787
-0.018385 0.062567 -0.997871 -118.184216 -0.050480 0.996709 0.063424 -9.250258 0.998556 0.051539 -0.015166 12.756251
-0.018225 0.062609 -0.997872 -119.427126 -0.050792 0.996691 0.063463 -9.173568 0.998543 0.051841 -0.014984 12.720167
-0.018077 0.062650 -0.997872 -120.670524 -0.051099 0.996673 0.063501 -9.096988 0.998530 0.052138 -0.014815 12.684518
-0.017940 0.062691 -0.997872 -121.914326 -0.051402 0.996655 0.063539 -9.020508 0.998517 0.052432 -0.014658 12.649289
-0.017815 0.062731 -0.997871 -123.158448 -0.051699 0.996637 0.063576 -8.944118 0.998504 0.052722 -0.014512 12.614461
-0.017701 0.062770 -0.997871 -124.402802 -0.051992 0.996619 0.063614 -8.867813 0.998491 0.053007 -0.014377 12.580020
-0.017597 0.062809 -0.997870 -125.647298 -0.052280 0.996602 0.063651 -8.791586 0.998477 0.053289 -0.014254 12.545947
-0.017504 0.062847 -0.997870 -126.891843 -0.052563 0.996585 0.063688 -8.715432 0.998464 0.053566 -0.014140 12.512228
-0.017420 0.062884 -0.997869 -128.136343 -0.052842 0.996568 0.063724 -8.639349 0.998451 0.053839 -0.014037 12.478847
-0.017345 0.062920 -0.997868 -129.380698 -0.053116 0.996551 0.063760 -8.563336 0.998438 0.054108 -0.013943 12.445789
-0.017279 0.062955 -0.997867 -130.624808 -0.053385 0.996534 0.063795 -8.487392 0.998424 0.054374 -0.013858 12.413040
-0.017220 0.062989 -0.997866 -131.868570 -0.053650 0.996518 0.063830 -8.411518 0.998411 0.054635 -0.013781 12.380587
-0.017169 0.063022 -0.997864 -133.111876 -0.053911 0.996501 0.063864 -8.335715 0.998398 0.054892 -0.013711 12.348418
-0.017123 0.063055 -0.997863 -134.354619 -0.054167 0.996485 0.063897 -8.259986 0.998385 0.055145 -0.013648 12.316521
-0.017083 0.063085 -0.997862 -135.596687 -0.054418 0.996470 0.063929 -8.184334 0.998372 0.055394 -0.013590 12.284885
-0.017048 0.063115 -0.997861 -136.837967 -0.054665 0.996454 0.063960 -8.108763 0.998359 0.055638 -0.013538 12.253502
-0.017017 0.063142 -0.997859 -138.078345 -0.054906 0.996439 0.063989 -8.033278 0.998347 0.055877 -0.013490 12.222363
-0.016989 0.063168 -0.997858 -139.317706 -0.055142 0.996424 0.064016 -7.957884 0.998334 0.056111 -0.013445 12.191462
-0.016964 0.063192 -0.997857 -140.555930 -0.055372 0.996410 0.064042 -7.882587 0.998322 0.056340 -0.013404 12.160794
-0.016940 0.063215 -0.997856 -141.792899 -0.055596 0.996396 0.064067 -7.807392 0.998310 0.056562 -0.013364 12.130354
-0.016917 0.063237 -0.997855 -143.028489 -0.055814 0.996382 0.064090 -7.732306 0.998298 0.056779 -0.013326 12.100141
-0.016894 0.063258 -0.997854 -144.262581 -0.056026 0.996369 0.064112 -7.657336 0.998286 0.056989 -0.013288 12.070152
-0.016870 0.063278 -0.997853 -145.495050 -0.056233 0.996356 0.064134 -7.582486 0.998275 0.057194 -0.013250 12.040386
-0.016844 0.063297 -0.997853 -146.725772 -0.056433 0.996343 0.064154 -7.507764 0.998264 0.057393 -0.013211 12.010842
-0.016817 0.063315 -0.997852 -147.954623 -0.056629 0.996331 0.064172 -7.433176 0.998254 0.057586 -0.013170 11.981520
-0.016787 0.063331 -0.997851 -149.181477 -0.056819 0.996319 0.064190 -7.358730 0.998243 0.057774 -0.013126 11.952422
-0.016753 0.063346 -0.997851 -150.406209 -0.057004 0.996307 0.064205 -7.284434 0.998233 0.057957 -0.013081 11.923549
-0.016717 0.063359 -0.997851 -151.628694 -0.057183 0.996296 0.064218 -7.210296 0.998224 0.058134 -0.013032 11.894906
-0.016676 0.063370 -0.997851 -152.848807 -0.057357 0.996285 0.064230 -7.136325 0.998214 0.058305 -0.012979 11.866496
-0.016631 0.063380 -0.997851 -154.066426 -0.057525 0.996275 0.064239 -7.062530 0.998206 0.058470 -0.012924 11.838324
-0.016583 0.063388 -0.997851 -155.281432 -0.057687 0.996265 0.064246 -6.988922 0.998197 0.058629 -0.012864 11.810394
-0.016529 0.063394 -0.997852 -156.493709 -0.057843 0.996256 0.064251 -6.915509 0.998189 0.058781 -0.012800 11.782714
-0.016472 0.063397 -0.997852 -157.703143 -0.057993 0.996247 0.064253 -6.842301 0.998181 0.058927 -0.012733 11.755289
-0.016410 0.063398 -0.997853 -158.909629 -0.058135 0.996239 0.064251 -6.769309 0.998174 0.059065 -0.012662 11.728124
-0.016344 0.063395 -0.997855 -160.113066 -0.058271 0.996231 0.064246 -6.696542 0.998167 0.059197 -0.012588 11.701228
-0.016274 0.063388 -0.997856 -161.313360 -0.058401 0.996224 0.064237 -6.624011 0.998161 0.059321 -0.012510 11.674604
-0.016200 0.063378 -0.997858 -162.510426 -0.058524 0.996218 0.064224 -6.551727 0.998155 0.059439 -0.012430 11.648259
-0.016123 0.063364 -0.997860 -163.704186 -0.058640 0.996212 0.064207 -6.479698 0.998149 0.059550 -0.012346 11.622197
-0.016043 0.063347 -0.997863 -164.894570 -0.058750 0.996207 0.064186 -6.407936 0.998144 0.059655 -0.012260 11.596424
-0.015960 0.063324 -0.997865 -166.081517 -0.058855 0.996203 0.064160 -6.336450 0.998139 0.059753 -0.012172 11.570944
-0.015874 0.063298 -0.997868 -167.264973 -0.058954 0.996199 0.064130 -6.265250 0.998134 0.059846 -0.012082 11.545762
-0.015786 0.063267 -0.997872 -168.444893 -0.059047 0.996195 0.064095 -6.194346 0.998130 0.059933 -0.011990 11.520882
-0.015696 0.063232 -0.997875 -169.621241 -0.059135 0.996193 0.064055 -6.123747 0.998127 0.060015 -0.011897 11.496309
-0.015603 0.063193 -0.997879 -170.793989 -0.059218 0.996191 0.064012 -6.053462 0.998123 0.060091 -0.011801 11.472047
-0.015507 0.063150 -0.997884 -171.963119 -0.059295 0.996189 0.063964 -5.983499 0.998120 0.060161 -0.011704 11.448097
-0.015410 0.063103 -0.997888 -173.128621 -0.059367 0.996188 0.063912 -5.913865 0.998117 0.060227 -0.011605 11.424463
-0.015310 0.063052 -0.997893 -174.290494 -0.059435 0.996188 0.063857 -5.844565 0.998115 0.060288 -0.011504 11.401143
-0.015208 0.062998 -0.997898 -175.448748 -0.059499 0.996188 0.063797 -5.775607 0.998113 0.060344 -0.011401 11.378141
-0.015103 0.062940 -0.997903 -176.603400 -0.059557 0.996188 0.063733 -5.706995 0.998111 0.060395 -0.011297 11.355455
-0.014996 0.062879 -0.997909 -177.754478 -0.059612 0.996189 0.063666 -5.638733 0.998109 0.060442 -0.011190 11.333086
-0.014886 0.062814 -0.997914 -178.902018 -0.059662 0.996191 0.063596 -5.570827 0.998108 0.060484 -0.011082 11.311034
-0.014774 0.062748 -0.997920 -180.046066 -0.059708 0.996193 0.063523 -5.503277 0.998107 0.060522 -0.010971 11.289298
-0.014659 0.062679 -0.997926 -181.186674 -0.059749 0.996195 0.063448 -5.436088 0.998106 0.060556 -0.010858 11.267878
-0.014542 0.062608 -0.997932 -182.323904 -0.059787 0.996198 0.063371 -5.369261 0.998105 0.060585 -0.010743 11.246772
-0.014422 0.062536 -0.997939 -183.457825 -0.059821 0.996201 0.063291 -5.302796 0.998105 0.060611 -0.010626 11.225979
-0.014300 0.062461 -0.997945 -184.588516 -0.059852 0.996204 0.063210 -5.236696 0.998105 0.060633 -0.010507 11.205497
-0.014175 0.062385 -0.997951 -185.716062 -0.059878 0.996208 0.063127 -5.170958 0.998105 0.060651 -0.010386 11.185325
-0.014048 0.062308 -0.997958 -186.840557 -0.059901 0.996212 0.063043 -5.105585 0.998105 0.060665 -0.010263 11.165461
-0.013919 0.062230 -0.997965 -187.962100 -0.059921 0.996216 0.062957 -5.040575 0.998106 0.060675 -0.010137 11.145902
-0.013788 0.062152 -0.997971 -189.080801 -0.059936 0.996220 0.062871 -4.975926 0.998107 0.060681 -0.010010 11.126645
-0.013654 0.062072 -0.997978 -190.196775 -0.059947 0.996225 0.062783 -4.911640 0.998108 0.060683 -0.009882 11.107688
-0.013519 0.061992 -0.997985 -191.310142 -0.059955 0.996230 0.062696 -4.847713 0.998110 0.060681 -0.009752 11.089024
-0.013383 0.061912 -0.997992 -192.421030 -0.059958 0.996236 0.062608 -4.784145 0.998111 0.060675 -0.009620 11.070648
-0.013245 0.061832 -0.997999 -193.529574 -0.059956 0.996241 0.062519 -4.720936 0.998113 0.060664 -0.009488 11.052552
-0.013107 0.061753 -0.998005 -194.635912 -0.059951 0.996247 0.062431 -4.658082 0.998115 0.060649 -0.009355 11.034727
-0.012968 0.061673 -0.998012 -195.740190 -0.059941 0.996253 0.062343 -4.595582 0.998118 0.060630 -0.009223 11.017164
-0.012829 0.061594 -0.998019 -196.842556 -0.059927 0.996259 0.062256 -4.533432 0.998120 0.060607 -0.009090 10.999850
-0.012691 0.061516 -0.998025 -197.943164 -0.059910 0.996266 0.062169 -4.471628 0.998123 0.060581 -0.008958 10.982772
-0.012554 0.061438 -0.998032 -199.042175 -0.059889 0.996273 0.062083 -4.410168 0.998126 0.060550 -0.008828 10.965915
-0.012419 0.061361 -0.998038 -200.139754 -0.059864 0.996279 0.061998 -4.349045 0.998129 0.060517 -0.008700 10.949265
-0.012286 0.061284 -0.998045 -201.236071 -0.059836 0.996286 0.061913 -4.288257 0.998133 0.060480 -0.008574 10.932805
-0.012157 0.061208 -0.998051 -202.331298 -0.059804 0.996293 0.061828 -4.227797 0.998136 0.060440 -0.008451 10.916520
-0.012031 0.061131 -0.998057 -203.425614 -0.059768 0.996301 0.061744 -4.167660 0.998140 0.060395 -0.008332 10.900394
-0.011909 0.061055 -0.998063 -204.519201 -0.059727 0.996309 0.061660 -4.107841 0.998144 0.060346 -0.008218 10.884412
-0.011793 0.060979 -0.998069 -205.612245 -0.059681 0.996316 0.061577 -4.048333 0.998148 0.060292 -0.008110 10.868557
-0.011682 0.060903 -0.998075 -206.704935 -0.059629 0.996325 0.061495 -3.989128 0.998152 0.060233 -0.008007 10.852813
-0.011577 0.060829 -0.998081 -207.797464 -0.059573 0.996333 0.061413 -3.930217 0.998157 0.060169 -0.007910 10.837164
-0.011478 0.060755 -0.998087 -208.890026 -0.059511 0.996342 0.061333 -3.871592 0.998162 0.060101 -0.007821 10.821594
-0.011387 0.060683 -0.998092 -209.982817 -0.059443 0.996351 0.061255 -3.813241 0.998167 0.060027 -0.007738 10.806087
-0.011303 0.060612 -0.998097 -211.076036 -0.059369 0.996360 0.061178 -3.755153 0.998172 0.059948 -0.007663 10.790626
-0.011227 0.060542 -0.998103 -212.169877 -0.059289 0.996369 0.061103 -3.697317 0.998178 0.059863 -0.007597 10.775194
-0.011159 0.060473 -0.998107 -213.264537 -0.059204 0.996379 0.061030 -3.639719 0.998184 0.059773 -0.007539 10.759774
-0.011100 0.060406 -0.998112 -214.360209 -0.059112 0.996388 0.060959 -3.582346 0.998190 0.059677 -0.007489 10.744346
-0.011050 0.060341 -0.998117 -215.457083 -0.059013 0.996398 0.060890 -3.525185 0.998196 0.059575 -0.007449 10.728894
-0.011008 0.060278 -0.998121 -216.555347 -0.058908 0.996409 0.060824 -3.468221 0.998203 0.059467 -0.007418 10.713400
-0.010976 0.060217 -0.998125 -217.655182 -0.058796 0.996419 0.060761 -3.411439 0.998210 0.059353 -0.007396 10.697844
-0.010953 0.060160 -0.998129 -218.756764 -0.058677 0.996430 0.060702 -3.354825 0.998217 0.059232 -0.007384 10.682208
-0.010939 0.060106 -0.998132 -219.860263 -0.058551 0.996441 0.060646 -3.298362 0.998224 0.059105 -0.007381 10.666475
-0.010935 0.060056 -0.998135 -220.965842 -0.058418 0.996452 0.060594 -3.242035 0.998232 0.058972 -0.007388 10.650624
-0.010940 0.060010 -0.998138 -222.073659 -0.058278 0.996463 0.060548 -3.185828 0.998240 0.058832 -0.007404 10.634638
-0.010954 0.059968 -0.998140 -223.183861 -0.058132 0.996474 0.060506 -3.129725 0.998249 0.058687 -0.007429 10.618499
-0.010978 0.059930 -0.998142 -224.296593 -0.057979 0.996485 0.060468 -3.073710 0.998257 0.058536 -0.007465 10.602186
-0.011012 0.059897 -0.998144 -225.411987 -0.057821 0.996496 0.060436 -3.017767 0.998266 0.058379 -0.007510 10.585681
-0.011056 0.059868 -0.998145 -226.530172 -0.057657 0.996507 0.060408 -2.961881 0.998275 0.058218 -0.007566 10.568965
-0.011111 0.059843 -0.998146 -227.651268 -0.057488 0.996518 0.060385 -2.906037 0.998284 0.058052 -0.007632 10.552019
-0.011176 0.059823 -0.998146 -228.775385 -0.057313 0.996529 0.060368 -2.850220 0.998294 0.057881 -0.007708 10.534824
-0.011252 0.059808 -0.998147 -229.902627 -0.057133 0.996541 0.060355 -2.794417 0.998303 0.057707 -0.007796 10.517363
-0.011338 0.059797 -0.998146 -231.033088 -0.056949 0.996551 0.060349 -2.738614 0.998313 0.057528 -0.007894 10.499617
-0.011436 0.059792 -0.998145 -232.166854 -0.056761 0.996562 0.060347 -2.682799 0.998322 0.057346 -0.008003 10.481569
-0.011545 0.059791 -0.998144 -233.304002 -0.056568 0.996573 0.060351 -2.626959 0.998332 0.057160 -0.008123 10.463200
-0.011665 0.059794 -0.998143 -234.444603 -0.056371 0.996584 0.060359 -2.571084 0.998342 0.056971 -0.008254 10.444495
-0.011796 0.059802 -0.998141 -235.588718 -0.056171 0.996594 0.060373 -2.515162 0.998351 0.056779 -0.008396 10.425438
-0.011937 0.059813 -0.998138 -236.736399 -0.055967 0.996605 0.060390 -2.459184 0.998361 0.056583 -0.008549 10.406015
-0.012090 0.059828 -0.998135 -237.887691 -0.055759 0.996615 0.060412 -2.403141 0.998371 0.056385 -0.008713 10.386209
-0.012254 0.059847 -0.998132 -239.042633 -0.055547 0.996625 0.060438 -2.347022 0.998381 0.056184 -0.008888 10.366009
-0.012428 0.059869 -0.998129 -240.201253 -0.055332 0.996635 0.060468 -2.290820 0.998391 0.055980 -0.009073 10.345400
-0.012612 0.059895 -0.998125 -241.363573 -0.055114 0.996645 0.060502 -2.234526 0.998400 0.055774 -0.009269 10.324368
-0.012807 0.059923 -0.998121 -242.529608 -0.054892 0.996655 0.060540 -2.178134 0.998410 0.055565 -0.009475 10.302903
-0.013012 0.059955 -0.998116 -243.699365 -0.054668 0.996665 0.060581 -2.121633 0.998420 0.055353 -0.009691 10.280990
-0.013227 0.059990 -0.998111 -244.872844 -0.054441 0.996675 0.060625 -2.065016 0.998429 0.055140 -0.009917 10.258620
-0.013451 0.060027 -0.998106 -246.050041 -0.054211 0.996685 0.060672 -2.008275 0.998439 0.054925 -0.010153 10.235783
-0.013685 0.060066 -0.998101 -247.230942 -0.053981 0.996694 0.060722 -1.951401 0.998448 0.054709 -0.010397 10.212469
-0.013927 0.060108 -0.998095 -248.415532 -0.053749 0.996703 0.060775 -1.894385 0.998457 0.054493 -0.010650 10.188672
-0.014178 0.060153 -0.998088 -249.603785 -0.053516 0.996712 0.060830 -1.837218 0.998466 0.054276 -0.010912 10.164386
-0.014436 0.060200 -0.998082 -250.795676 -0.053284 0.996721 0.060889 -1.779891 0.998475 0.054061 -0.011181 10.139606
-0.014702 0.060249 -0.998075 -251.991170 -0.053052 0.996730 0.060950 -1.722395 0.998484 0.053846 -0.011458 10.114331
-0.014975 0.060301 -0.998068 -253.190230 -0.052822 0.996738 0.061013 -1.664724 0.998492 0.053633 -0.011741 10.088560
-0.015253 0.060354 -0.998060 -254.392815 -0.052592 0.996746 0.061079 -1.606869 0.998500 0.053422 -0.012030 10.062296
-0.015537 0.060410 -0.998053 -255.598877 -0.052364 0.996754 0.061146 -1.548824 0.998507 0.053212 -0.012324 10.035541
-0.015826 0.060467 -0.998045 -256.808364 -0.052138 0.996762 0.061216 -1.490581 0.998514 0.053005 -0.012622 10.008299
-0.016118 0.060525 -0.998037 -258.021219 -0.051914 0.996769 0.061287 -1.432135 0.998521 0.052800 -0.012924 9.980576
-0.016413 0.060586 -0.998028 -259.237383 -0.051693 0.996776 0.061360 -1.373481 0.998528 0.052598 -0.013228 9.952376
-0.016709 0.060649 -0.998019 -260.456790 -0.051476 0.996783 0.061436 -1.314614 0.998534 0.052401 -0.013533 9.923707
-0.017007 0.060715 -0.998010 -261.679372 -0.051264 0.996789 0.061514 -1.255531 0.998540 0.052208 -0.013840 9.894573
-0.017305 0.060782 -0.998001 -262.905054 -0.051057 0.996795 0.061594 -1.196228 0.998546 0.052021 -0.014146 9.864981
-0.017602 0.060851 -0.997992 -264.133758 -0.050856 0.996800 0.061675 -1.136705 0.998551 0.051840 -0.014451 9.834939
-0.017899 0.060921 -0.997982 -265.365404 -0.050662 0.996805 0.061758 -1.076962 0.998555 0.051665 -0.014755 9.804453
-0.018193 0.060993 -0.997972 -266.599906 -0.050474 0.996809 0.061842 -1.016999 0.998560 0.051497 -0.015056 9.773531
-0.018485 0.061067 -0.997963 -267.837178 -0.050294 0.996813 0.061928 -0.956817 0.998563 0.051337 -0.015354 9.742180
-0.018773 0.061141 -0.997953 -269.077129 -0.050123 0.996816 0.062014 -0.896421 0.998567 0.051184 -0.015649 9.710409
-0.019057 0.061217 -0.997943 -270.319666 -0.049960 0.996819 0.062102 -0.835814 0.998569 0.051041 -0.015938 9.678228
-0.019337 0.061295 -0.997932 -271.564695 -0.049807 0.996821 0.062192 -0.775000 0.998572 0.050907 -0.016223 9.645646
-0.019611 0.061374 -0.997922 -272.812119 -0.049664 0.996822 0.062282 -0.713985 0.998573 0.050782 -0.016501 9.612675
-0.019880 0.061454 -0.997912 -274.061841 -0.049532 0.996823 0.062374 -0.652777 0.998575 0.050668 -0.016773 9.579325
-0.020142 0.061536 -0.997902 -275.313758 -0.049411 0.996823 0.062466 -0.591381 0.998575 0.050566 -0.017038 9.545609
-0.020398 0.061618 -0.997891 -276.567771 -0.049303 0.996823 0.062560 -0.529808 0.998576 0.050475 -0.017295 9.511539
-0.020646 0.061701 -0.997881 -277.823777 -0.049207 0.996822 0.062654 -0.468067 0.998575 0.050396 -0.017545 9.477129
-0.020887 0.061784 -0.997871 -279.081676 -0.049123 0.996820 0.062748 -0.406170 0.998574 0.050329 -0.017786 9.442392
-0.021120 0.061868 -0.997861 -280.341365 -0.049053 0.996817 0.062841 -0.344128 0.998573 0.050275 -0.018018 9.407343
-0.021345 0.061951 -0.997851 -281.602742 -0.048996 0.996814 0.062935 -0.281956 0.998571 0.050234 -0.018242 9.371997
-0.021561 0.062034 -0.997841 -282.865704 -0.048951 0.996811 0.063028 -0.219665 0.998568 0.050204 -0.018456 9.336370
-0.021768 0.062117 -0.997831 -284.130147 -0.048918 0.996806 0.063121 -0.157270 0.998566 0.050186 -0.018660 9.300477
-0.021967 0.062201 -0.997822 -285.395968 -0.048898 0.996801 0.063213 -0.094784 0.998562 0.050180 -0.018855 9.264335
-0.022155 0.062284 -0.997813 -286.663061 -0.048891 0.996796 0.063306 -0.032220 0.998558 0.050186 -0.019039 9.227959
-0.022334 0.062367 -0.997803 -287.931322 -0.048896 0.996790 0.063398 0.030410 0.998554 0.050205 -0.019213 9.191368
-0.022502 0.062450 -0.997794 -289.200642 -0.048914 0.996783 0.063490 0.093093 0.998549 0.050235 -0.019375 9.154578
-0.022660 0.062533 -0.997786 -290.470914 -0.048945 0.996776 0.063581 0.155818 0.998544 0.050277 -0.019526 9.117605
-0.022807 0.062616 -0.997777 -291.742030 -0.048988 0.996768 0.063672 0.218574 0.998539 0.050332 -0.019666 9.080469
-0.022942 0.062698 -0.997769 -293.013881 -0.049045 0.996759 0.063762 0.281350 0.998533 0.050398 -0.019792 9.043187
-0.023064 0.062780 -0.997761 -294.286355 -0.049115 0.996750 0.063852 0.344139 0.998527 0.050477 -0.019906 9.005776
-0.023174 0.062862 -0.997753 -295.559340 -0.049198 0.996740 0.063941 0.406930 0.998520 0.050569 -0.020005 8.968256
-0.023269 0.062943 -0.997746 -296.832721 -0.049295 0.996730 0.064029 0.469717 0.998513 0.050673 -0.020090 8.930645
-0.023349 0.063025 -0.997739 -298.106380 -0.049406 0.996719 0.064117 0.532490 0.998506 0.050791 -0.020159 8.892961
-0.023413 0.063107 -0.997732 -299.380198 -0.049531 0.996707 0.064204 0.595244 0.998498 0.050922 -0.020210 8.855224
-0.023458 0.063189 -0.997726 -300.654051 -0.049672 0.996694 0.064291 0.657971 0.998490 0.051067 -0.020242 8.817456
-0.023483 0.063271 -0.997720 -301.927816 -0.049827 0.996681 0.064378 0.720663 0.998482 0.051225 -0.020252 8.779678
-0.023485 0.063354 -0.997715 -303.201364 -0.049998 0.996667 0.064464 0.783316 0.998473 0.051398 -0.020239 8.741915
-0.023462 0.063438 -0.997710 -304.474564 -0.050184 0.996652 0.064550 0.845921 0.998464 0.051584 -0.020200 8.704192
-0.023411 0.063522 -0.997706 -305.747280 -0.050385 0.996636 0.064636 0.908471 0.998455 0.051783 -0.020132 8.666539
-0.023329 0.063607 -0.997702 -307.019373 -0.050602 0.996620 0.064721 0.970958 0.998446 0.051996 -0.020032 8.628984
-0.023213 0.063693 -0.997700 -308.290698 -0.050834 0.996602 0.064805 1.033374 0.998437 0.052222 -0.019896 8.591560
-0.023058 0.063779 -0.997698 -309.561109 -0.051081 0.996584 0.064888 1.095711 0.998428 0.052459 -0.019722 8.554302
-0.022861 0.063866 -0.997697 -310.830450 -0.051342 0.996566 0.064970 1.157957 0.998419 0.052709 -0.019503 8.517246
-0.022616 0.063954 -0.997697 -312.098566 -0.051616 0.996546 0.065050 1.220104 0.998411 0.052968 -0.019237 8.480432
-0.022320 0.064042 -0.997698 -313.365291 -0.051903 0.996526 0.065128 1.282140 0.998403 0.053237 -0.018918 8.443904
-0.021966 0.064130 -0.997700 -314.630457 -0.052202 0.996506 0.065203 1.344053 0.998395 0.053514 -0.018542 8.407705
-0.021551 0.064219 -0.997703 -315.893889 -0.052512 0.996485 0.065275 1.405834 0.998388 0.053798 -0.018102 8.371883
-0.021067 0.064309 -0.997708 -317.155408 -0.052834 0.996463 0.065345 1.467469 0.998381 0.054089 -0.017595 8.336488
-0.020509 0.064401 -0.997713 -318.414826 -0.053166 0.996441 0.065412 1.528946 0.998375 0.054386 -0.017012 8.301574
-0.019872 0.064494 -0.997720 -319.671953 -0.053508 0.996418 0.065476 1.590255 0.998370 0.054687 -0.016350 8.267197
