0.977154 -0.009699 -0.212311 -0.668748 0.001774 0.999296 -0.037486 -0.140868 0.212525 0.036253 0.976483 3.368372
0.976677 -0.009637 -0.214499 -0.726008 0.001541 0.999281 -0.037877 -0.152828 0.214710 0.036663 0.975990 3.614735
0.976179 -0.009576 -0.216755 -0.786674 0.001302 0.999266 -0.038280 -0.165464 0.216963 0.037085 0.975475 3.871429
0.975662 -0.009516 -0.219073 -0.850886 0.001058 0.999251 -0.038692 -0.178800 0.219277 0.037519 0.974941 4.138688
0.975127 -0.009457 -0.221445 -0.918786 0.000808 0.999234 -0.039113 -0.192861 0.221645 0.037961 0.974388 4.416742
0.974575 -0.009398 -0.223866 -0.990517 0.000553 0.999218 -0.039541 -0.207670 0.224062 0.038411 0.973818 4.705821
0.974005 -0.009340 -0.226332 -1.066228 0.000292 0.999201 -0.039974 -0.223251 0.226524 0.038868 0.973230 5.006150
0.973420 -0.009281 -0.228839 -1.146066 0.000027 0.999183 -0.040411 -0.239629 0.229027 0.039331 0.972625 5.317955
0.972819 -0.009223 -0.231383 -1.230185 -0.000243 0.999165 -0.040852 -0.256827 0.231567 0.039798 0.972005 5.641457
0.972203 -0.009165 -0.233962 -1.318737 -0.000519 0.999147 -0.041295 -0.274870 0.234141 0.040268 0.971368 5.976874
0.971571 -0.009106 -0.236573 -1.411879 -0.000799 0.999128 -0.041739 -0.293781 0.236747 0.040741 0.970717 6.324423
0.970925 -0.009047 -0.239214 -1.509768 -0.001084 0.999109 -0.042183 -0.313585 0.239383 0.041216 0.970050 6.684317
0.970264 -0.008987 -0.241884 -1.612565 -0.001373 0.999090 -0.042625 -0.334306 0.242047 0.041690 0.969368 7.056764
0.969588 -0.008925 -0.244581 -1.720431 -0.001666 0.999071 -0.043064 -0.355966 0.244738 0.042162 0.968672 7.441972
0.968897 -0.008863 -0.247304 -1.833531 -0.001964 0.999052 -0.043499 -0.378589 0.247455 0.042632 0.967961 7.840141
0.968192 -0.008800 -0.250053 -1.952029 -0.002265 0.999032 -0.043928 -0.402197 0.250198 0.043097 0.967235 8.251470
0.967472 -0.008737 -0.252826 -2.076092 -0.002568 0.999013 -0.044350 -0.426810 0.252964 0.043557 0.966495 8.676153
0.966737 -0.008672 -0.255624 -2.205889 -0.002875 0.998993 -0.044764 -0.452450 0.255755 0.044010 0.965739 9.114380
0.965988 -0.008608 -0.258445 -2.341590 -0.003183 0.998974 -0.045169 -0.479136 0.258569 0.044455 0.964969 9.566336
0.965223 -0.008543 -0.261290 -2.483364 -0.003493 0.998955 -0.045564 -0.506887 0.261406 0.044892 0.964184 10.032201
0.964442 -0.008478 -0.264158 -2.631386 -0.003804 0.998937 -0.045948 -0.535721 0.264266 0.045319 0.963384 10.512152
0.963646 -0.008413 -0.267048 -2.785829 -0.004115 0.998918 -0.046321 -0.565656 0.267149 0.045736 0.962569 11.006357
0.962835 -0.008349 -0.269962 -2.946869 -0.004427 0.998900 -0.046682 -0.596708 0.270055 0.046143 0.961739 11.514982
0.962007 -0.008285 -0.272899 -3.114681 -0.004739 0.998882 -0.047032 -0.628892 0.272984 0.046538 0.960892 12.038188
0.961163 -0.008222 -0.275859 -3.289443 -0.005051 0.998865 -0.047370 -0.662222 0.275935 0.046923 0.960030 12.576126
0.960302 -0.008160 -0.278842 -3.471333 -0.005362 0.998848 -0.047696 -0.696713 0.278910 0.047298 0.959152 13.128947
0.959114 -0.008083 -0.282905 -3.651724 -0.005799 0.998821 -0.048197 -0.730560 0.282961 0.047867 0.957936 13.638443
0.957883 -0.008007 -0.287047 -3.838728 -0.006241 0.998795 -0.048687 -0.765407 0.287091 0.048428 0.956678 14.158596
0.956609 -0.007933 -0.291265 -4.032462 -0.006687 0.998768 -0.049166 -0.801251 0.291297 0.048981 0.955378 14.689315
0.955293 -0.007862 -0.295556 -4.233041 -0.007137 0.998742 -0.049634 -0.838087 0.295574 0.049524 0.954035 15.230502
0.953934 -0.007792 -0.299916 -4.440578 -0.007590 0.998716 -0.050089 -0.875910 0.299921 0.050058 0.952650 15.782050
0.952531 -0.007724 -0.304344 -4.655181 -0.008046 0.998690 -0.050531 -0.914715 0.304335 0.050581 0.951221 16.343847
0.951085 -0.007660 -0.308836 -4.876956 -0.008505 0.998664 -0.050960 -0.954493 0.308814 0.051094 0.949749 16.915768
0.949594 -0.007598 -0.313390 -5.106005 -0.008965 0.998639 -0.051375 -0.995236 0.313354 0.051595 0.948234 17.497685
0.948059 -0.007540 -0.318005 -5.342427 -0.009426 0.998614 -0.051777 -1.036935 0.317954 0.052085 0.946674 18.089457
0.946479 -0.007485 -0.322678 -5.586318 -0.009887 0.998590 -0.052165 -1.079580 0.322613 0.052564 0.945070 18.690939
0.944854 -0.007434 -0.327409 -5.837768 -0.010349 0.998565 -0.052539 -1.123160 0.327329 0.053030 0.943421 19.301974
0.943181 -0.007388 -0.332196 -6.096868 -0.010810 0.998541 -0.052900 -1.167663 0.332102 0.053485 0.941726 19.922400
0.941462 -0.007346 -0.337040 -6.363700 -0.011271 0.998518 -0.053246 -1.213079 0.336932 0.053928 0.939983 20.552043
0.939693 -0.007308 -0.341940 -6.638346 -0.011731 0.998495 -0.053579 -1.259392 0.341817 0.054359 0.938193 21.190725
0.937875 -0.007275 -0.346898 -6.920883 -0.012190 0.998472 -0.053897 -1.306591 0.346760 0.054777 0.936353 21.838256
0.936004 -0.007246 -0.351914 -7.211384 -0.012648 0.998450 -0.054201 -1.354659 0.351761 0.055183 0.934462 22.494438
0.934081 -0.007223 -0.356988 -7.509919 -0.013104 0.998428 -0.054490 -1.403581 0.356821 0.055576 0.932518 23.159064
0.932102 -0.007206 -0.362124 -7.816555 -0.013558 0.998407 -0.054764 -1.453341 0.361942 0.055955 0.930520 23.831916
0.930066 -0.007193 -0.367323 -8.131354 -0.014009 0.998387 -0.055022 -1.503920 0.367126 0.056320 0.928464 24.512770
0.927969 -0.007187 -0.372587 -8.454375 -0.014458 0.998367 -0.055266 -1.555302 0.372376 0.056672 0.926350 25.201390
0.925811 -0.007186 -0.377919 -8.785674 -0.014904 0.998348 -0.055494 -1.607468 0.377693 0.057009 0.924174 25.897531
0.923587 -0.007192 -0.383321 -9.125302 -0.015346 0.998329 -0.055705 -1.660397 0.383081 0.057331 0.921934 26.600941
0.921296 -0.007204 -0.388796 -9.473307 -0.015785 0.998312 -0.055901 -1.714069 0.388542 0.057639 0.919626 27.311358
0.918933 -0.007223 -0.394347 -9.829735 -0.016220 0.998294 -0.056082 -1.768463 0.394080 0.057932 0.917249 28.028511
0.916496 -0.007249 -0.399977 -10.194627 -0.016652 0.998278 -0.056246 -1.823558 0.399696 0.058210 0.914798 28.752121
0.913982 -0.007282 -0.405689 -10.568019 -0.017078 0.998262 -0.056395 -1.879330 0.405395 0.058472 0.912270 29.481903
0.911413 -0.007322 -0.411427 -10.950014 -0.017494 0.998248 -0.056519 -1.935777 0.411120 0.058710 0.909689 30.218440
0.908789 -0.007369 -0.417190 -11.340652 -0.017897 0.998235 -0.056619 -1.992877 0.416871 0.058921 0.907054 30.961514
0.906110 -0.007424 -0.422977 -11.739971 -0.018287 0.998224 -0.056695 -2.050609 0.422647 0.059107 0.904365 31.710903
0.903374 -0.007486 -0.428788 -12.148008 -0.018663 0.998214 -0.056746 -2.108953 0.428448 0.059266 0.901621 32.466383
0.900581 -0.007557 -0.434622 -12.564795 -0.019023 0.998206 -0.056774 -2.167888 0.434271 0.059398 0.898822 33.227729
0.897731 -0.007636 -0.440478 -12.990363 -0.019368 0.998199 -0.056778 -2.227394 0.440118 0.059502 0.895966 33.994714
0.894823 -0.007724 -0.446355 -13.424739 -0.019696 0.998194 -0.056758 -2.287448 0.445987 0.059579 0.893054 34.767108
0.891856 -0.007821 -0.452252 -13.867950 -0.020006 0.998190 -0.056714 -2.348031 0.451877 0.059628 0.890085 35.544681
0.888830 -0.007928 -0.458168 -14.320020 -0.020297 0.998188 -0.056647 -2.409122 0.457787 0.059649 0.887059 36.327202
0.885745 -0.008045 -0.464103 -14.780973 -0.020568 0.998187 -0.056558 -2.470699 0.463716 0.059642 0.883974 37.114439
0.882600 -0.008174 -0.470054 -15.250828 -0.020819 0.998188 -0.056449 -2.532742 0.469664 0.059608 0.880831 37.906159
0.879395 -0.008314 -0.476021 -15.729605 -0.021048 0.998191 -0.056319 -2.595232 0.475628 0.059546 0.877629 38.702127
0.876130 -0.008467 -0.482001 -16.217322 -0.021256 0.998195 -0.056171 -2.658151 0.481607 0.059459 0.874368 39.502112
0.872804 -0.008633 -0.487994 -16.713996 -0.021441 0.998200 -0.056006 -2.721481 0.487599 0.059346 0.871048 40.305879
0.869419 -0.008812 -0.493997 -17.219641 -0.021603 0.998207 -0.055826 -2.785207 0.493603 0.059208 0.867670 41.113195
0.865974 -0.009004 -0.500008 -17.734273 -0.021742 0.998215 -0.055632 -2.849314 0.499617 0.059047 0.864232 41.923830
0.862469 -0.009212 -0.506026 -18.257904 -0.021858 0.998224 -0.055426 -2.913787 0.505638 0.058863 0.860736 42.737551
0.858905 -0.009434 -0.512047 -18.790544 -0.021949 0.998234 -0.055209 -2.978616 0.511664 0.058658 0.857181 43.554129
0.855283 -0.009671 -0.518070 -19.332204 -0.022017 0.998245 -0.054983 -3.043789 0.517693 0.058433 0.853569 44.373337
0.851604 -0.009923 -0.524092 -19.882892 -0.022061 0.998256 -0.054749 -3.109295 0.523721 0.058187 0.849900 45.194949
0.847868 -0.010192 -0.530109 -20.442614 -0.022081 0.998269 -0.054510 -3.175128 0.529747 0.057922 0.846176 46.018741
0.844077 -0.010476 -0.536119 -21.011375 -0.022077 0.998283 -0.054265 -3.241279 0.535767 0.057639 0.842396 46.844492
0.840232 -0.010776 -0.542120 -21.589179 -0.022048 0.998297 -0.054016 -3.307744 0.541778 0.057338 0.838563 47.671982
0.836335 -0.011092 -0.548107 -22.176027 -0.021995 0.998311 -0.053764 -3.374516 0.547778 0.057020 0.834679 48.500996
0.832386 -0.011424 -0.554078 -22.771920 -0.021917 0.998327 -0.053509 -3.441594 0.553762 0.056684 0.830743 49.331321
0.828389 -0.011772 -0.560029 -23.376855 -0.021815 0.998343 -0.053254 -3.508973 0.559728 0.056332 0.826760 50.162747
0.824343 -0.012136 -0.565961 -23.990829 -0.021689 0.998359 -0.052999 -3.576651 0.565675 0.055964 0.822727 50.995067
0.820246 -0.012516 -0.571874 -24.613834 -0.021539 0.998376 -0.052744 -3.644627 0.571605 0.055581 0.818644 51.828075
0.816098 -0.012913 -0.577769 -25.245864 -0.021365 0.998393 -0.052492 -3.712900 0.577518 0.055183 0.814511 52.661567
0.811899 -0.013326 -0.583646 -25.886908 -0.021169 0.998410 -0.052243 -3.781469 0.583414 0.054771 0.810326 53.495339
0.807647 -0.013755 -0.589505 -26.536954 -0.020949 0.998427 -0.051998 -3.850335 0.589294 0.054345 0.806089 54.329190
0.803343 -0.014201 -0.595348 -27.195987 -0.020707 0.998445 -0.051757 -3.919496 0.595157 0.053906 0.801799 55.162920
0.798984 -0.014663 -0.601174 -27.863992 -0.020442 0.998463 -0.051521 -3.988955 0.601005 0.053454 0.797456 55.996329
0.794571 -0.015140 -0.606983 -28.540950 -0.020156 0.998480 -0.051291 -4.058711 0.606837 0.052988 0.793058 56.829223
0.790103 -0.015634 -0.612775 -29.226840 -0.019848 0.998498 -0.051067 -4.128766 0.612653 0.052510 0.788606 57.661407
0.785579 -0.016143 -0.618550 -29.921639 -0.019519 0.998516 -0.050849 -4.199119 0.618453 0.052019 0.784098 58.492689
0.781001 -0.016668 -0.624308 -30.625322 -0.019168 0.998533 -0.050638 -4.269773 0.624236 0.051515 0.779536 59.322882
0.776366 -0.017208 -0.630047 -31.337859 -0.018797 0.998550 -0.050435 -4.340728 0.630001 0.050999 0.774918 60.151800
0.771677 -0.017764 -0.635767 -32.059221 -0.018405 0.998568 -0.050240 -4.411986 0.635748 0.050470 0.770245 60.979260
0.766933 -0.018334 -0.641465 -32.789374 -0.017993 0.998584 -0.050054 -4.483549 0.641475 0.049930 0.765517 61.805085
0.762135 -0.018920 -0.647142 -33.528280 -0.017562 0.998601 -0.049877 -4.555419 0.647180 0.049378 0.760736 62.629101
0.757283 -0.019519 -0.652795 -34.275899 -0.017111 0.998617 -0.049710 -4.627597 0.652862 0.048815 0.755902 63.451140
0.752380 -0.020132 -0.658421 -35.032188 -0.016643 0.998633 -0.049552 -4.700085 0.658519 0.048240 0.751017 64.271038
0.747427 -0.020758 -0.664019 -35.797101 -0.016157 0.998648 -0.049405 -4.772886 0.664147 0.047655 0.746082 65.088636
0.742426 -0.021397 -0.669586 -36.570586 -0.015654 0.998663 -0.049269 -4.846001 0.669745 0.047060 0.741099 65.903780
0.737380 -0.022047 -0.675119 -37.352588 -0.015135 0.998677 -0.049144 -4.919431 0.675309 0.046456 0.736070 66.716324
0.732290 -0.022708 -0.680615 -38.143048 -0.014601 0.998691 -0.049030 -4.993177 0.680837 0.045842 0.730999 67.526126
0.727159 -0.023380 -0.686070 -38.941901 -0.014052 0.998703 -0.048928 -5.067242 0.686325 0.045219 0.725888 68.333048
0.721992 -0.024062 -0.691483 -39.749077 -0.013489 0.998716 -0.048837 -5.141625 0.691770 0.044587 0.720740 69.136962
0.716791 -0.024752 -0.696849 -40.564502 -0.012913 0.998727 -0.048757 -5.216328 0.697169 0.043947 0.715559 69.937742
0.711559 -0.025452 -0.702165 -41.388095 -0.012323 0.998738 -0.048689 -5.291351 0.702518 0.043298 0.710348 70.735270
0.706301 -0.026158 -0.707428 -42.219771 -0.011721 0.998748 -0.048633 -5.366694 0.707814 0.042641 0.705110 71.529433
0.701021 -0.026871 -0.712634 -43.059440 -0.011108 0.998757 -0.048587 -5.442357 0.713054 0.041977 0.699852 72.320125
0.695724 -0.027590 -0.717779 -43.907004 -0.010484 0.998766 -0.048553 -5.518337 0.718233 0.041305 0.694576 73.107243
0.690413 -0.028314 -0.722861 -44.762361 -0.009850 0.998773 -0.048530 -5.594633 0.723348 0.040626 0.689287 73.890693
0.685094 -0.029042 -0.727875 -45.625402 -0.009208 0.998780 -0.048517 -5.671243 0.728396 0.039941 0.683991 74.670385
0.679774 -0.029772 -0.732817 -46.496009 -0.008557 0.998786 -0.048515 -5.748162 0.733372 0.039249 0.678694 75.446235
0.674457 -0.030504 -0.737684 -47.374060 -0.007898 0.998791 -0.048522 -5.825389 0.738272 0.038552 0.673400 76.218168
0.669149 -0.031238 -0.742471 -48.259424 -0.007232 0.998795 -0.048540 -5.902918 0.743093 0.037850 0.668117 76.986112
0.663857 -0.031971 -0.747176 -49.151960 -0.006560 0.998798 -0.048567 -5.980744 0.747831 0.037143 0.662850 77.750003
0.658588 -0.032703 -0.751793 -50.051522 -0.005883 0.998801 -0.048602 -6.058863 0.752481 0.036431 0.657606 78.509785
0.653348 -0.033433 -0.756319 -50.957955 -0.005201 0.998803 -0.048645 -6.137267 0.757040 0.035715 0.652392 79.265406
0.648145 -0.034159 -0.760751 -51.871096 -0.004515 0.998804 -0.048694 -6.215948 0.761504 0.034995 0.647215 80.016823
0.642985 -0.034879 -0.765084 -52.790773 -0.003825 0.998804 -0.048749 -6.294897 0.765870 0.034271 0.642082 80.763997
0.637876 -0.035594 -0.769316 -53.716804 -0.003133 0.998803 -0.048809 -6.374102 0.770133 0.033544 0.637001 81.506897
0.632825 -0.036300 -0.773443 -54.649002 -0.002438 0.998802 -0.048872 -6.453552 0.774291 0.032813 0.631978 82.245498
0.627841 -0.036997 -0.777462 -55.587169 -0.001743 0.998800 -0.048938 -6.533232 0.778340 0.032080 0.627023 82.979783
0.622930 -0.037684 -0.781369 -56.531098 -0.001046 0.998798 -0.049005 -6.613129 0.782277 0.031344 0.622142 83.709738
0.618101 -0.038360 -0.785162 -57.480576 -0.000350 0.998795 -0.049073 -6.693227 0.786098 0.030607 0.617343 84.435359
0.613362 -0.039024 -0.788837 -58.435382 0.000345 0.998792 -0.049141 -6.773509 0.789802 0.029869 0.612635 85.156648
0.608721 -0.039674 -0.792392 -59.395285 0.001039 0.998788 -0.049209 -6.853956 0.793384 0.029131 0.608024 85.873612
0.604185 -0.040310 -0.795824 -60.360047 0.001731 0.998784 -0.049275 -6.934552 0.796842 0.028394 0.603520 86.586266
0.599762 -0.040930 -0.799131 -61.329425 0.002420 0.998779 -0.049340 -7.015275 0.800174 0.027658 0.599129 87.294633
0.595462 -0.041535 -0.802309 -62.303167 0.003105 0.998774 -0.049401 -7.096105 0.803377 0.026926 0.594861 87.998742
0.591292 -0.042123 -0.805357 -63.281013 0.003785 0.998769 -0.049460 -7.177021 0.806449 0.026197 0.590723 88.698628
0.587260 -0.042693 -0.808272 -64.262699 0.004460 0.998763 -0.049515 -7.258002 0.809386 0.025473 0.586724 89.394334
0.583374 -0.043245 -0.811052 -65.247954 0.005128 0.998758 -0.049565 -7.339024 0.812188 0.024756 0.582871 90.085912
0.579642 -0.043778 -0.813694 -66.236502 0.005789 0.998752 -0.049610 -7.420065 0.814850 0.024046 0.579172 90.773418
0.576073 -0.044291 -0.816197 -67.228061 0.006442 0.998746 -0.049650 -7.501103 0.817373 0.023344 0.575636 91.456919
0.572674 -0.044783 -0.818559 -68.222344 0.007086 0.998740 -0.049683 -7.582113 0.819752 0.022652 0.572270 92.136489
0.569453 -0.045254 -0.820777 -69.219058 0.007719 0.998734 -0.049710 -7.663073 0.821987 0.021971 0.569082 92.812209
0.566418 -0.045703 -0.822850 -70.217907 0.008343 0.998728 -0.049729 -7.743957 0.824076 0.021303 0.566079 93.484167
0.563576 -0.046130 -0.824775 -71.218589 0.008954 0.998722 -0.049740 -7.824740 0.826016 0.020647 0.563269 94.152461
0.560934 -0.046533 -0.826552 -72.220799 0.009553 0.998716 -0.049743 -7.905399 0.827805 0.020006 0.560659 94.817194
0.558499 -0.046914 -0.828177 -73.224227 0.010139 0.998711 -0.049737 -7.985909 0.829443 0.019381 0.558255 95.478476
0.556278 -0.047270 -0.829651 -74.228563 0.010711 0.998706 -0.049721 -8.066243 0.830927 0.018772 0.556064 96.136423
0.554276 -0.047602 -0.830971 -75.233489 0.011268 0.998701 -0.049695 -8.146377 0.832257 0.018181 0.554092 96.791158
0.552500 -0.047910 -0.832135 -76.238688 0.011810 0.998696 -0.049658 -8.226285 0.833429 0.017608 0.552345 97.442812
0.550954 -0.048191 -0.833143 -77.243839 0.012336 0.998693 -0.049609 -8.305941 0.834444 0.017055 0.550828 98.091519
0.549645 -0.048447 -0.833992 -78.248621 0.012845 0.998689 -0.049549 -8.385318 0.835299 0.016521 0.549547 98.737420
0.548577 -0.048676 -0.834682 -79.252709 0.013338 0.998686 -0.049475 -8.464389 0.835994 0.016008 0.548505 99.380660
0.547753 -0.048879 -0.835211 -80.255777 0.013813 0.998684 -0.049387 -8.543128 0.836526 0.015515 0.547708 100.021391
0.547178 -0.049055 -0.835578 -81.257500 0.014271 0.998683 -0.049285 -8.621508 0.836895 0.015043 0.547157 100.659765
0.546854 -0.049204 -0.835781 -82.257552 0.014712 0.998682 -0.049169 -8.699504 0.837098 0.014592 0.546858 101.295943
0.546785 -0.049327 -0.835819 -83.255604 0.015135 0.998682 -0.049037 -8.777090 0.837136 0.014163 0.546811 101.930086
0.546972 -0.049422 -0.835691 -84.251332 0.015541 0.998683 -0.048890 -8.854240 0.837007 0.013754 0.547020 102.562361
0.547417 -0.049491 -0.835395 -85.244411 0.015929 0.998685 -0.048727 -8.930929 0.836708 0.013367 0.547486 103.192937
0.548121 -0.049532 -0.834931 -86.234518 0.016299 0.998688 -0.048547 -9.007132 0.836240 0.013001 0.548209 103.821987
0.549085 -0.049546 -0.834297 -87.221333 0.016651 0.998692 -0.048350 -9.082824 0.835601 0.012656 0.549192 104.449686
0.550309 -0.049533 -0.833491 -88.204539 0.016985 0.998696 -0.048136 -9.157982 0.834788 0.012333 0.550433 105.076211
0.551793 -0.049492 -0.832511 -89.183820 0.017300 0.998702 -0.047905 -9.232580 0.833802 0.012031 0.551933 105.701745
0.553536 -0.049423 -0.831357 -90.158865 0.017596 0.998709 -0.047656 -9.306595 0.832639 0.011751 0.553691 106.326470
0.555539 -0.049326 -0.830026 -91.129365 0.017873 0.998717 -0.047388 -9.380004 0.831299 0.011491 0.555707 106.950573
0.557798 -0.049201 -0.828517 -92.095018 0.018130 0.998726 -0.047102 -9.452784 0.829779 0.011252 0.557979 107.574242
0.560312 -0.049048 -0.826828 -93.055522 0.018369 0.998735 -0.046798 -9.524911 0.828078 0.011033 0.560505 108.197667
0.563080 -0.048867 -0.824957 -94.010584 0.018588 0.998747 -0.046474 -9.596365 0.826194 0.010834 0.563282 108.821042
0.566097 -0.048657 -0.822901 -94.959913 0.018788 0.998759 -0.046131 -9.667123 0.824124 0.010654 0.566309 109.444560
0.569362 -0.048419 -0.820660 -95.903226 0.018967 0.998772 -0.045769 -9.737163 0.821868 0.010494 0.569581 110.068419
0.572871 -0.048152 -0.818230 -96.840244 0.019126 0.998786 -0.045387 -9.806464 0.819422 0.010351 0.573097 110.692816
0.576619 -0.047856 -0.815610 -97.770696 0.019265 0.998802 -0.044985 -9.875005 0.816786 0.010227 0.576850 111.317951
0.580603 -0.047531 -0.812798 -98.694315 0.019383 0.998818 -0.044564 -9.942767 0.813956 0.010120 0.580838 111.944025
0.584818 -0.047178 -0.809791 -99.610843 0.019480 0.998836 -0.044123 -10.009729 0.810931 0.010029 0.585056 112.571241
0.589259 -0.046795 -0.806588 -100.520028 0.019556 0.998855 -0.043663 -10.075872 0.807708 0.009955 0.589499 113.199804
0.593920 -0.046385 -0.803186 -101.421626 0.019612 0.998875 -0.043184 -10.141180 0.804285 0.009896 0.594161 113.829921
0.598796 -0.045946 -0.799582 -102.315399 0.019647 0.998895 -0.042686 -10.205634 0.800660 0.009851 0.599038 114.461800
0.603882 -0.045479 -0.795776 -103.201119 0.019661 0.998917 -0.042169 -10.269218 0.796832 0.009820 0.604122 115.095652
0.609169 -0.044986 -0.791763 -104.078563 0.019655 0.998940 -0.041635 -10.331918 0.792797 0.009801 0.609407 115.731685
0.614652 -0.044465 -0.787544 -104.947519 0.019629 0.998963 -0.041083 -10.393720 0.788554 0.009793 0.614888 116.370114
0.620324 -0.043918 -0.783115 -105.807779 0.019582 0.998987 -0.040513 -10.454609 0.784101 0.009796 0.620556 117.011150
0.626177 -0.043345 -0.778475 -106.659145 0.019516 0.999012 -0.039926 -10.514573 0.779437 0.009808 0.626404 117.655008
0.632203 -0.042745 -0.773623 -107.501426 0.019431 0.999038 -0.039321 -10.573601 0.774559 0.009827 0.632425 118.301901
0.638394 -0.042120 -0.768557 -108.334439 0.019326 0.999064 -0.038700 -10.631682 0.769467 0.009852 0.638610 118.952043
0.644741 -0.041470 -0.763275 -109.158007 0.019203 0.999091 -0.038062 -10.688805 0.764160 0.009883 0.644952 119.605650
0.651237 -0.040796 -0.757777 -109.971959 0.019061 0.999118 -0.037408 -10.744963 0.758635 0.009917 0.651440 120.262934
0.657871 -0.040098 -0.752062 -110.776133 0.018901 0.999146 -0.036738 -10.800147 0.752893 0.009954 0.658067 120.924110
0.664635 -0.039377 -0.746130 -111.570372 0.018724 0.999174 -0.036052 -10.854350 0.746934 0.009991 0.664824 121.589388
0.671519 -0.038633 -0.739979 -112.354526 0.018528 0.999203 -0.035352 -10.907566 0.740756 0.010029 0.671700 122.258981
0.678514 -0.037867 -0.733611 -113.128451 0.018315 0.999232 -0.034638 -10.959788 0.734359 0.010066 0.678686 122.933098
0.685609 -0.037080 -0.727025 -113.892007 0.018086 0.999261 -0.033910 -11.011013 0.727745 0.010100 0.685773 123.611945
0.692796 -0.036274 -0.720221 -114.645060 0.017840 0.999291 -0.033168 -11.061236 0.720913 0.010130 0.692951 124.295727
0.700064 -0.035447 -0.713200 -115.387484 0.017578 0.999320 -0.032414 -11.110456 0.713864 0.010155 0.700211 124.984648
0.707403 -0.034603 -0.705963 -116.119153 0.017300 0.999349 -0.031648 -11.158672 0.706598 0.010175 0.707542 125.678906
0.714805 -0.033740 -0.698510 -116.839948 0.017006 0.999379 -0.030871 -11.205883 0.699117 0.010188 0.714934 126.378700
0.722258 -0.032861 -0.690842 -117.549753 0.016697 0.999408 -0.030083 -11.252090 0.691422 0.010193 0.722380 127.084225
0.729755 -0.031966 -0.682961 -118.248456 0.016372 0.999437 -0.029284 -11.297297 0.683512 0.010189 0.729868 127.795673
0.737286 -0.031055 -0.674866 -118.935947 0.016032 0.999466 -0.028477 -11.341507 0.675390 0.010176 0.737390 128.513233
0.744842 -0.030130 -0.666560 -119.612116 0.015677 0.999494 -0.027662 -11.384726 0.667056 0.010154 0.744938 129.237093
0.752415 -0.029193 -0.658043 -120.276859 0.015307 0.999523 -0.026840 -11.426960 0.658512 0.010122 0.752502 129.967437
0.759995 -0.028243 -0.649315 -120.930068 0.014922 0.999550 -0.026011 -11.468220 0.649757 0.010079 0.760075 130.704446
0.767576 -0.027283 -0.640377 -121.571638 0.014523 0.999577 -0.025179 -11.508514 0.640794 0.010026 0.767648 131.448298
0.775148 -0.026313 -0.631231 -122.201464 0.014109 0.999604 -0.024343 -11.547856 0.631622 0.009964 0.775213 132.199166
0.782706 -0.025334 -0.621876 -122.819439 0.013680 0.999630 -0.023505 -11.586260 0.622242 0.009891 0.782763 132.957224
0.790240 -0.024347 -0.612313 -123.425454 0.013235 0.999655 -0.022667 -11.623741 0.612654 0.009808 0.790290 133.722637
0.797745 -0.023353 -0.602542 -124.019400 0.012776 0.999680 -0.021829 -11.660316 0.602859 0.009716 0.797788 134.495571
0.805214 -0.022352 -0.592563 -124.601164 0.012301 0.999704 -0.020994 -11.696004 0.592857 0.009615 0.805251 135.276185
0.812640 -0.021345 -0.582375 -125.170630 0.011810 0.999727 -0.020162 -11.730825 0.582647 0.009506 0.812670 136.064633
0.820016 -0.020333 -0.571979 -125.727680 0.011303 0.999749 -0.019334 -11.764802 0.572228 0.009389 0.820041 136.861067
0.827337 -0.019316 -0.561373 -126.272188 0.010780 0.999771 -0.018513 -11.797956 0.561602 0.009264 0.827356 137.665630
0.834596 -0.018295 -0.550558 -126.804027 0.010241 0.999791 -0.017699 -11.830315 0.550767 0.009133 0.834609 138.478464
0.841787 -0.017272 -0.539533 -127.323064 0.009686 0.999810 -0.016894 -11.861903 0.539722 0.008995 0.841795 139.299700
0.848904 -0.016246 -0.528297 -127.829162 0.009115 0.999829 -0.016099 -11.892751 0.528468 0.008851 0.848907 140.129466
0.855940 -0.015218 -0.516851 -128.322179 0.008528 0.999846 -0.015317 -11.922888 0.517005 0.008702 0.855938 140.967882
0.862889 -0.014190 -0.505194 -128.801967 0.007925 0.999863 -0.014548 -11.952347 0.505331 0.008549 0.862883 141.815058
0.869745 -0.013162 -0.493326 -129.268374 0.007307 0.999878 -0.013795 -11.981163 0.493447 0.008393 0.869735 142.671100
0.876502 -0.012135 -0.481246 -129.721242 0.006672 0.999892 -0.013060 -12.009370 0.481353 0.008236 0.876488 143.536102
0.883152 -0.011108 -0.468955 -130.160410 0.006022 0.999906 -0.012344 -12.037008 0.469048 0.008077 0.883136 144.410153
0.889691 -0.010084 -0.456453 -130.585708 0.005357 0.999918 -0.011649 -12.064118 0.456533 0.007919 0.889671 145.293328
0.896110 -0.009063 -0.443739 -130.996965 0.004676 0.999929 -0.010978 -12.090742 0.443807 0.007763 0.896089 146.185695
0.902405 -0.008044 -0.430815 -131.394004 0.003981 0.999939 -0.010332 -12.116925 0.430871 0.007609 0.902381 147.087310
0.908567 -0.007029 -0.417680 -131.776643 0.003271 0.999947 -0.009713 -12.142715 0.417726 0.007459 0.908542 147.998220
0.914591 -0.006018 -0.404335 -132.144694 0.002547 0.999955 -0.009123 -12.168160 0.404372 0.007314 0.914565 148.918456
0.920470 -0.005011 -0.390781 -132.497966 0.001808 0.999962 -0.008563 -12.193314 0.390809 0.007175 0.920444 149.848040
0.926197 -0.004007 -0.377018 -132.836263 0.001056 0.999967 -0.008035 -12.218228 0.377038 0.007044 0.926171 150.786979
0.931766 -0.003008 -0.363048 -133.159384 0.000289 0.999972 -0.007542 -12.242958 0.363060 0.006923 0.931740 151.735265
0.937169 -0.002012 -0.348870 -133.467124 -0.000491 0.999975 -0.007085 -12.267562 0.348875 0.006811 0.937144 152.692878
0.942400 -0.001019 -0.334487 -133.759274 -0.001284 0.999977 -0.006666 -12.292099 0.334486 0.006711 0.942377 153.659782
0.947452 -0.000030 -0.319899 -134.035619 -0.002091 0.999978 -0.006286 -12.316628 0.319892 0.006624 0.947431 154.635927
0.952318 0.000956 -0.305107 -134.295943 -0.002910 0.999978 -0.005947 -12.341213 0.305094 0.006551 0.952300 155.621248
0.956991 0.001940 -0.290112 -134.540024 -0.003741 0.999977 -0.005651 -12.365915 0.290095 0.006494 0.956976 156.615661
0.961464 0.002922 -0.274916 -134.767639 -0.004583 0.999975 -0.005401 -12.390800 0.274894 0.006453 0.961453 157.619071
0.965730 0.003902 -0.259521 -134.978561 -0.005437 0.999972 -0.005196 -12.415933 0.259493 0.006429 0.965724 158.631363
0.969782 0.004881 -0.243926 -135.172561 -0.006301 0.999967 -0.005040 -12.441381 0.243893 0.006425 0.969781 159.652407
0.973612 0.005860 -0.228134 -135.349408 -0.007174 0.999962 -0.004933 -12.467212 0.228096 0.006440 0.973617 160.682056
0.977214 0.006839 -0.212146 -135.508871 -0.008057 0.999956 -0.004877 -12.493493 0.212103 0.006475 0.977226 161.720148
0.980580 0.007819 -0.195963 -135.650716 -0.008947 0.999948 -0.004873 -12.520294 0.195915 0.006531 0.980599 162.766500
0.983703 0.008801 -0.179588 -135.774711 -0.009845 0.999939 -0.004921 -12.547684 0.179534 0.006609 0.983730 163.820916
0.986574 0.009786 -0.163022 -135.880620 -0.010748 0.999930 -0.005024 -12.575734 0.162961 0.006709 0.986610 164.883182
0.989187 0.010774 -0.146267 -135.968213 -0.011657 0.999919 -0.005181 -12.604515 0.146199 0.006830 0.989232 165.953064
0.991532 0.011767 -0.129325 -136.037257 -0.012570 0.999906 -0.005395 -12.634096 0.129250 0.006975 0.991588 167.030315
0.993604 0.012766 -0.112200 -136.087522 -0.013487 0.999893 -0.005665 -12.664549 0.112116 0.007142 0.993669 168.114667
0.995392 0.013772 -0.094894 -136.118779 -0.014405 0.999878 -0.005992 -12.695945 0.094800 0.007331 0.995469 169.205836
0.996890 0.014786 -0.077410 -136.130805 -0.015325 0.999862 -0.006378 -12.728356 0.077305 0.007544 0.996979 170.303521
0.998088 0.015808 -0.059753 -136.123376 -0.016244 0.999845 -0.006822 -12.761851 0.059636 0.007780 0.998190 171.407403
0.998979 0.016840 -0.041925 -136.096276 -0.017162 0.999826 -0.007326 -12.796502 0.041794 0.008038 0.999094 172.517145
0.999554 0.017882 -0.023932 -136.049292 -0.018076 0.999805 -0.007889 -12.832378 0.023786 0.008318 0.999682 173.632393
0.999804 0.018937 -0.005779 -135.982219 -0.018986 0.999784 -0.008512 -12.869548 0.005617 0.008620 0.999947 174.752776
0.999721 0.020004 0.012528 -135.894858 -0.019889 0.999760 -0.009194 -12.908080 -0.012709 0.008942 0.999879 175.877906
0.999298 0.021084 0.030983 -135.787019 -0.020785 0.999735 -0.009935 -12.948041 -0.031184 0.009284 0.999471 177.007377
0.998524 0.022179 0.049577 -135.658520 -0.021673 0.999707 -0.010735 -12.989496 -0.049801 0.009645 0.998713 178.140769
0.997393 0.023290 0.068303 -135.509191 -0.022549 0.999679 -0.011593 -13.032508 -0.068551 0.010022 0.997597 179.277642
0.995896 0.024416 0.087152 -135.338872 -0.023413 0.999648 -0.012508 -13.077139 -0.087427 0.010416 0.996116 180.417545
0.994025 0.025559 0.106114 -135.147418 -0.024263 0.999615 -0.013480 -13.123448 -0.106418 0.010824 0.994263 181.560010
0.991775 0.026719 0.125178 -134.934695 -0.025098 0.999580 -0.014507 -13.171493 -0.125513 0.011246 0.992028 182.704554
0.989136 0.027896 0.144332 -134.700585 -0.025915 0.999543 -0.015588 -13.221329 -0.144701 0.011678 0.989407 183.850683
0.986104 0.029091 0.163564 -134.444985 -0.026713 0.999503 -0.016722 -13.273010 -0.163970 0.012121 0.986391 184.997889
0.982671 0.030304 0.182862 -134.167809 -0.027490 0.999462 -0.017908 -13.326585 -0.183307 0.012571 0.982975 186.145653
0.978834 0.031536 0.202212 -133.868988 -0.028244 0.999418 -0.019144 -13.382104 -0.202698 0.013027 0.979155 187.293445
0.974586 0.032785 0.221600 -133.548470 -0.028974 0.999371 -0.020427 -13.439611 -0.222131 0.013488 0.974924 188.440727
0.969925 0.034052 0.241012 -133.206224 -0.029678 0.999323 -0.021757 -13.499149 -0.241590 0.013950 0.970278 189.586948
0.964845 0.035338 0.260433 -132.842235 -0.030356 0.999271 -0.023131 -13.560758 -0.261061 0.014412 0.965215 190.731553
0.959345 0.036643 0.279848 -132.456507 -0.031005 0.999218 -0.024547 -13.624474 -0.280529 0.014873 0.959730 191.873979
0.953421 0.037966 0.299243 -132.049067 -0.031627 0.999161 -0.026003 -13.690330 -0.299979 0.015328 0.953823 193.013657
0.947074 0.039308 0.318601 -131.619956 -0.032218 0.999103 -0.027495 -13.758357 -0.319396 0.015776 0.947490 194.150013
0.940300 0.040668 0.337907 -131.169239 -0.032779 0.999041 -0.029022 -13.828582 -0.338763 0.016213 0.940732 195.282470
0.933102 0.042046 0.357146 -130.696999 -0.033310 0.998977 -0.030580 -13.901028 -0.358066 0.016638 0.933548 196.410446
0.925479 0.043441 0.376301 -130.203339 -0.033809 0.998911 -0.032166 -13.975714 -0.377288 0.017047 0.925939 197.533360
0.917432 0.044853 0.395356 -129.688381 -0.034277 0.998841 -0.033778 -14.052655 -0.396413 0.017437 0.917907 198.650628
0.908965 0.046281 0.414296 -129.152269 -0.034713 0.998770 -0.035412 -14.131864 -0.415425 0.017807 0.909453 199.761667
0.900080 0.047723 0.433103 -128.595162 -0.035116 0.998696 -0.037066 -14.213349 -0.434307 0.018154 0.900582 200.865898
0.890782 0.049179 0.451762 -128.017242 -0.035487 0.998619 -0.038737 -14.297113 -0.453043 0.018475 0.891297 201.962744
0.881076 0.050648 0.470256 -127.418707 -0.035826 0.998540 -0.040422 -14.383158 -0.471616 0.018768 0.881604 203.051632
0.870968 0.052127 0.488567 -126.799774 -0.036131 0.998459 -0.042118 -14.471478 -0.490010 0.019031 0.871509 204.131997
0.860465 0.053615 0.506681 -126.160681 -0.036404 0.998376 -0.043822 -14.562067 -0.508207 0.019262 0.861019 205.203279
0.849576 0.055111 0.524579 -125.501681 -0.036644 0.998291 -0.045530 -14.654914 -0.526191 0.019458 0.850143 206.264928
0.838311 0.056612 0.542246 -124.823048 -0.036853 0.998203 -0.047241 -14.750004 -0.543946 0.019619 0.838891 207.316404
0.826679 0.058117 0.559665 -124.125070 -0.037029 0.998115 -0.048951 -14.847318 -0.561455 0.019743 0.827272 208.357177
0.814692 0.059624 0.576820 -123.408056 -0.037175 0.998024 -0.050658 -14.946836 -0.578701 0.019828 0.815299 209.386730
0.802364 0.061132 0.593696 -122.672329 -0.037290 0.997932 -0.052359 -15.048533 -0.595669 0.019872 0.802984 210.404558
0.789708 0.062638 0.610277 -121.918230 -0.037376 0.997838 -0.054051 -15.152382 -0.612344 0.019875 0.790342 211.410172
0.776739 0.064141 0.626549 -121.146114 -0.037435 0.997744 -0.055732 -15.258352 -0.628710 0.019834 0.777387 212.403097
0.763472 0.065638 0.642496 -120.356352 -0.037467 0.997648 -0.057399 -15.366410 -0.644753 0.019750 0.764136 213.382876
0.749927 0.067129 0.658106 -119.549329 -0.037474 0.997551 -0.059051 -15.476520 -0.660459 0.019622 0.750606 214.349069
0.736119 0.068611 0.673366 -118.725446 -0.037458 0.997454 -0.060685 -15.588645 -0.675815 0.019448 0.736815 215.301252
0.722069 0.070081 0.688262 -117.885113 -0.037419 0.997356 -0.062298 -15.702742 -0.690808 0.019230 0.722782 216.239022
0.707796 0.071538 0.702785 -117.028756 -0.037358 0.997258 -0.063889 -15.818770 -0.705428 0.018965 0.708528 217.161998
0.693322 0.072980 0.716923 -116.156812 -0.037278 0.997159 -0.065455 -15.936681 -0.719663 0.018656 0.694072 218.069816
0.678667 0.074403 0.730668 -115.269728 -0.037180 0.997060 -0.066996 -16.056426 -0.733505 0.018301 0.679438 218.962136
0.663854 0.075807 0.744010 -114.367963 -0.037065 0.996962 -0.068508 -16.177956 -0.746943 0.017902 0.664647 219.838641
0.648906 0.077188 0.756943 -113.451984 -0.036935 0.996864 -0.069991 -16.301217 -0.759972 0.017460 0.649722 220.699036
0.633846 0.078545 0.769461 -112.522269 -0.036790 0.996766 -0.071443 -16.426153 -0.772584 0.016975 0.634686 221.543050
0.618699 0.079876 0.781557 -111.579304 -0.036632 0.996669 -0.072862 -16.552708 -0.784774 0.016449 0.619564 222.370437
0.603488 0.081179 0.793229 -110.623582 -0.036464 0.996573 -0.074248 -16.680823 -0.796538 0.015883 0.604380 223.180976
0.588237 0.082452 0.804474 -109.655604 -0.036286 0.996478 -0.075598 -16.810436 -0.807874 0.015279 0.589157 223.974471
0.572972 0.083694 0.815290 -108.675874 -0.036100 0.996384 -0.076913 -16.941485 -0.818779 0.014637 0.573922 224.750753
0.557717 0.084903 0.825677 -107.684903 -0.035908 0.996291 -0.078192 -17.073906 -0.829254 0.013961 0.558698 225.509679
0.542497 0.086077 0.835636 -106.683207 -0.035710 0.996200 -0.079433 -17.207634 -0.839299 0.013252 0.543509 226.251133
0.527335 0.087217 0.845169 -105.671302 -0.035509 0.996111 -0.080638 -17.342603 -0.848915 0.012512 0.528381 226.975026
0.512255 0.088321 0.854280 -104.649707 -0.035306 0.996023 -0.081805 -17.478747 -0.858107 0.011744 0.513336 227.681296
0.497281 0.089389 0.862972 -103.618940 -0.035102 0.995937 -0.082935 -17.616000 -0.866879 0.010950 0.498398 228.369911
0.482435 0.090420 0.871252 -102.579518 -0.034899 0.995852 -0.084027 -17.754293 -0.875236 0.010132 0.483589 229.040861
0.467739 0.091414 0.879127 -101.531958 -0.034698 0.995770 -0.085082 -17.893562 -0.883186 0.009292 0.468932 229.694168
0.453213 0.092371 0.886603 -100.476769 -0.034501 0.995689 -0.086100 -18.033739 -0.890734 0.008433 0.454446 230.329875
0.438878 0.093290 0.893691 -99.414459 -0.034309 0.995610 -0.087081 -18.174757 -0.897891 0.007556 0.440152 230.948057
0.424753 0.094172 0.900398 -98.345528 -0.034123 0.995534 -0.088025 -18.316550 -0.904666 0.006665 0.426070 231.548809
0.410857 0.095016 0.906735 -97.270470 -0.033943 0.995459 -0.088933 -18.459053 -0.911068 0.005761 0.412216 232.132255
0.397206 0.095823 0.912713 -96.189773 -0.033772 0.995387 -0.089805 -18.602200 -0.917108 0.004847 0.398609 232.698541
0.383817 0.096594 0.918343 -95.103912 -0.033610 0.995316 -0.090644 -18.745927 -0.922798 0.003925 0.385265 233.247839
0.370705 0.097330 0.923637 -94.013358 -0.033457 0.995248 -0.091448 -18.890174 -0.928148 0.002998 0.372200 233.780344
0.357886 0.098031 0.928605 -92.918566 -0.033315 0.995181 -0.092220 -19.034879 -0.933171 0.002068 0.359427 234.296272
0.345372 0.098699 0.933261 -91.819984 -0.033184 0.995117 -0.092960 -19.179982 -0.937879 0.001136 0.346961 234.795865
0.333177 0.099333 0.937617 -90.718047 -0.033064 0.995054 -0.093669 -19.325425 -0.942284 0.000207 0.334813 235.279381
0.321312 0.099935 0.941686 -89.613178 -0.032955 0.994994 -0.094347 -19.471152 -0.946400 -0.000719 0.322996 235.747103
0.309787 0.100505 0.945479 -88.505786 -0.032858 0.994935 -0.094996 -19.617109 -0.950238 -0.001638 0.311521 236.199332
0.298614 0.101045 0.949010 -87.396270 -0.032772 0.994879 -0.095617 -19.763243 -0.953811 -0.002548 0.300396 236.636388
0.287800 0.101557 0.952291 -86.285013 -0.032697 0.994824 -0.096211 -19.909502 -0.957132 -0.003448 0.289631 237.058611
0.277354 0.102040 0.955334 -85.172385 -0.032634 0.994771 -0.096778 -20.055840 -0.960214 -0.004334 0.279233 237.466357
0.267282 0.102496 0.958152 -84.058743 -0.032581 0.994720 -0.097319 -20.202208 -0.963067 -0.005206 0.269210 237.860000
0.257591 0.102927 0.960757 -82.944428 -0.032540 0.994670 -0.097836 -20.348563 -0.965706 -0.006061 0.259567 238.239929
0.248286 0.103333 0.963160 -81.829770 -0.032510 0.994623 -0.098328 -20.494862 -0.968141 -0.006899 0.250310 238.606546
0.239371 0.103716 0.965373 -80.715083 -0.032492 0.994577 -0.098797 -20.641065 -0.970384 -0.007718 0.241443 238.960267
0.230851 0.104077 0.967407 -79.600666 -0.032485 0.994533 -0.099243 -20.787133 -0.972447 -0.008516 0.232970 239.301522
0.222729 0.104418 0.969272 -78.486808 -0.032490 0.994490 -0.099668 -20.933030 -0.974339 -0.009293 0.224894 239.630750
0.215006 0.104739 0.970980 -77.373778 -0.032506 0.994449 -0.100072 -21.078722 -0.976072 -0.010047 0.217217 239.948400
0.207684 0.105041 0.972540 -76.261836 -0.032534 0.994409 -0.100456 -21.224177 -0.977655 -0.010777 0.209941 240.254929
0.200765 0.105326 0.973961 -75.151224 -0.032573 0.994371 -0.100819 -21.369365 -0.979098 -0.011484 0.203066 240.550805
0.194248 0.105595 0.975253 -74.042173 -0.032623 0.994335 -0.101163 -21.514255 -0.980410 -0.012165 0.196592 240.836498
0.188133 0.105847 0.976423 -72.934897 -0.032685 0.994300 -0.101487 -21.658822 -0.981599 -0.012821 0.190521 241.112488
0.182420 0.106083 0.977481 -71.829598 -0.032758 0.994266 -0.101792 -21.803039 -0.982675 -0.013451 0.184849 241.379256
0.177107 0.106305 0.978434 -70.726465 -0.032840 0.994234 -0.102077 -21.946882 -0.983643 -0.014054 0.179577 241.637286
0.172193 0.106513 0.979288 -69.625673 -0.032933 0.994204 -0.102345 -22.090328 -0.984513 -0.014628 0.174703 241.887068
0.167675 0.106707 0.980050 -68.527384 -0.033035 0.994175 -0.102593 -22.233355 -0.985289 -0.015174 0.170223 242.129088
0.163551 0.106889 0.980727 -67.431746 -0.033147 0.994147 -0.102823 -22.375942 -0.985978 -0.015691 0.166136 242.363838
0.159817 0.107057 0.981324 -66.338896 -0.033266 0.994121 -0.103036 -22.518072 -0.986586 -0.016178 0.162439 242.591804
0.156471 0.107215 0.981846 -65.248960 -0.033394 0.994097 -0.103231 -22.659727 -0.987118 -0.016636 0.159127 242.813476
0.153507 0.107361 0.982298 -64.162048 -0.033530 0.994074 -0.103408 -22.800891 -0.987579 -0.017063 0.156197 243.029337
0.150922 0.107497 0.982684 -63.078263 -0.033674 0.994052 -0.103569 -22.941550 -0.987972 -0.017460 0.153644 243.239870
0.148711 0.107623 0.983007 -61.997692 -0.033824 0.994032 -0.103713 -23.081693 -0.988302 -0.017826 0.151463 243.445553
0.146868 0.107740 0.983271 -60.920416 -0.033982 0.994013 -0.103841 -23.221308 -0.988572 -0.018163 0.149650 243.646860
0.145388 0.107847 0.983479 -59.846501 -0.034146 0.993996 -0.103953 -23.360388 -0.988785 -0.018469 0.148198 243.844257
0.144266 0.107947 0.983634 -58.776005 -0.034317 0.993980 -0.104049 -23.498924 -0.988944 -0.018745 0.147102 244.038206
0.143495 0.108038 0.983736 -57.708976 -0.034494 0.993965 -0.104130 -23.636910 -0.989050 -0.018991 0.146355 244.229163
0.143068 0.108121 0.983789 -56.645454 -0.034676 0.993952 -0.104195 -23.774343 -0.989105 -0.019207 0.145952 244.417575
0.142980 0.108196 0.983794 -55.585467 -0.034865 0.993940 -0.104245 -23.911219 -0.989111 -0.019395 0.145886 244.603879
0.143223 0.108264 0.983751 -54.529038 -0.035058 0.993930 -0.104280 -24.047535 -0.989069 -0.019553 0.146149 244.788507
0.143789 0.108324 0.983662 -53.476182 -0.035257 0.993921 -0.104300 -24.183290 -0.988980 -0.019683 0.146734 244.971879
0.144672 0.108377 0.983527 -52.426904 -0.035460 0.993913 -0.104305 -24.318485 -0.988844 -0.019786 0.147634 245.154404
0.145863 0.108422 0.983346 -51.381205 -0.035669 0.993907 -0.104295 -24.453118 -0.988662 -0.019862 0.148841 245.336482
0.147354 0.108458 0.983119 -50.339080 -0.035881 0.993902 -0.104270 -24.587191 -0.988433 -0.019911 0.150347 245.518503
0.149138 0.108487 0.982847 -49.300519 -0.036098 0.993898 -0.104229 -24.720703 -0.988157 -0.019934 0.152144 245.700843
0.151205 0.108507 0.982529 -48.265505 -0.036319 0.993896 -0.104173 -24.853656 -0.987835 -0.019933 0.154223 245.883868
