0.591023 -0.039524 0.805686 2.261705 0.007288 0.999020 0.043662 0.088423 -0.806622 -0.019934 0.590732 1.372883
0.584437 -0.039645 0.810470 2.442810 0.007137 0.999018 0.043721 0.095285 -0.811408 -0.019768 0.584146 1.460501
0.577587 -0.039761 0.815360 2.633156 0.006982 0.999017 0.043772 0.102443 -0.816300 -0.019589 0.577297 1.550125
0.570499 -0.039872 0.820330 2.833008 0.006823 0.999017 0.043811 0.109896 -0.821270 -0.019397 0.570210 1.641677
0.563197 -0.039974 0.825355 3.042625 0.006662 0.999016 0.043839 0.117645 -0.826296 -0.019191 0.562910 1.735069
0.555701 -0.040068 0.830416 3.262268 0.006499 0.999017 0.043854 0.125688 -0.831357 -0.018973 0.555415 1.830207
0.548027 -0.040153 0.835497 3.492191 0.006334 0.999018 0.043857 0.134025 -0.836437 -0.018743 0.547743 1.926990
0.540189 -0.040227 0.840582 3.732648 0.006166 0.999019 0.043846 0.142651 -0.841521 -0.018502 0.539907 2.025311
0.532199 -0.040289 0.845660 3.983888 0.005997 0.999021 0.043822 0.151565 -0.846598 -0.018251 0.531920 2.125056
0.524068 -0.040340 0.850720 4.246156 0.005825 0.999024 0.043784 0.160762 -0.851656 -0.017990 0.523792 2.226103
0.515805 -0.040378 0.855754 4.519694 0.005653 0.999027 0.043731 0.170237 -0.856687 -0.017719 0.515532 2.328325
0.507416 -0.040403 0.860753 4.804740 0.005478 0.999031 0.043664 0.179984 -0.861684 -0.017440 0.507146 2.431585
0.498908 -0.040414 0.865712 5.101526 0.005303 0.999036 0.043583 0.189996 -0.866639 -0.017153 0.498641 2.535740
0.490286 -0.040412 0.870624 5.410282 0.005126 0.999041 0.043486 0.200266 -0.871546 -0.016858 0.490023 2.640642
0.481555 -0.040394 0.875485 5.731229 0.004948 0.999047 0.043373 0.210785 -0.876402 -0.016555 0.481295 2.746133
0.472717 -0.040361 0.880290 6.064587 0.004769 0.999053 0.043245 0.221544 -0.881201 -0.016245 0.472462 2.852048
0.463777 -0.040312 0.885034 6.410567 0.004590 0.999060 0.043101 0.232531 -0.885940 -0.015927 0.463526 2.958216
0.454737 -0.040247 0.889716 6.769378 0.004410 0.999068 0.042939 0.243735 -0.890615 -0.015603 0.454490 3.064459
0.445599 -0.040164 0.894331 7.141220 0.004230 0.999076 0.042761 0.255142 -0.895223 -0.015271 0.445357 3.170591
0.436366 -0.040064 0.898877 7.526290 0.004050 0.999086 0.042564 0.266739 -0.899760 -0.014933 0.436129 3.276422
0.427039 -0.039945 0.903350 7.924778 0.003870 0.999095 0.042350 0.278510 -0.904225 -0.014589 0.426808 3.381754
0.417621 -0.039808 0.907749 8.336868 0.003691 0.999106 0.042117 0.290439 -0.908614 -0.014238 0.417394 3.486381
0.408112 -0.039653 0.912070 8.762738 0.003514 0.999117 0.041865 0.302509 -0.912925 -0.013881 0.407891 3.590095
0.398516 -0.039477 0.916312 9.202560 0.003337 0.999129 0.041594 0.314700 -0.917156 -0.013518 0.398300 3.692680
0.388833 -0.039283 0.920471 9.656501 0.003163 0.999142 0.041304 0.326994 -0.921303 -0.013149 0.388623 3.793916
0.379066 -0.039069 0.924545 10.124719 0.002992 0.999155 0.040995 0.339370 -0.925365 -0.012774 0.378862 3.893577
0.365505 -0.038855 0.929998 10.574600 0.002753 0.999169 0.040663 0.350560 -0.930805 -0.012302 0.365308 3.964050
0.351645 -0.038608 0.935337 11.036000 0.002516 0.999185 0.040297 0.361665 -0.936130 -0.011817 0.351455 4.030582
0.337503 -0.038326 0.940544 11.508864 0.002284 0.999201 0.039896 0.372651 -0.941322 -0.011317 0.337321 4.092870
0.323092 -0.038008 0.945604 11.993124 0.002058 0.999219 0.039460 0.383486 -0.946365 -0.010803 0.322918 4.150611
0.308429 -0.037651 0.950502 12.488700 0.001840 0.999238 0.038985 0.394135 -0.951246 -0.010276 0.308263 4.203504
0.293527 -0.037255 0.955225 12.995498 0.001630 0.999258 0.038471 0.404563 -0.955949 -0.009735 0.293370 4.251247
0.278401 -0.036817 0.959759 13.513411 0.001431 0.999280 0.037918 0.414733 -0.960464 -0.009182 0.278254 4.293543
0.263066 -0.036336 0.964093 14.042321 0.001244 0.999302 0.037323 0.424609 -0.964777 -0.008619 0.262928 4.330101
0.247535 -0.035811 0.968217 14.582097 0.001070 0.999326 0.036688 0.434153 -0.968878 -0.008046 0.247407 4.360629
0.231823 -0.035242 0.972119 15.132595 0.000910 0.999351 0.036012 0.443326 -0.972758 -0.007464 0.231704 4.384846
0.215943 -0.034627 0.975792 15.693662 0.000764 0.999377 0.035295 0.452091 -0.976406 -0.006876 0.215834 4.402471
0.199908 -0.033967 0.979226 16.265133 0.000634 0.999403 0.034538 0.460409 -0.979815 -0.006284 0.199810 4.413235
0.183732 -0.033263 0.982413 16.846834 0.000521 0.999430 0.033742 0.468243 -0.982976 -0.005688 0.183644 4.416871
0.167428 -0.032516 0.985348 17.438579 0.000426 0.999458 0.032909 0.475554 -0.985884 -0.005090 0.167351 4.413120
0.151008 -0.031726 0.988023 18.040176 0.000350 0.999487 0.032041 0.482307 -0.988532 -0.004492 0.150942 4.401734
0.134487 -0.030896 0.990434 18.651421 0.000295 0.999515 0.031139 0.488466 -0.990915 -0.003895 0.134431 4.382468
0.117875 -0.030025 0.992574 19.272103 0.000261 0.999544 0.030205 0.493995 -0.993028 -0.003302 0.117829 4.355090
0.101185 -0.029116 0.994441 19.902004 0.000248 0.999572 0.029241 0.498863 -0.994868 -0.002713 0.101149 4.319375
0.084429 -0.028169 0.996031 20.540897 0.000257 0.999601 0.028248 0.503035 -0.996429 -0.002129 0.084402 4.275107
0.067618 -0.027185 0.997341 21.188551 0.000288 0.999629 0.027227 0.506479 -0.997711 -0.001554 0.067600 4.222079
0.050762 -0.026165 0.998368 21.844728 0.000341 0.999657 0.026181 0.509165 -0.998711 -0.000988 0.050753 4.160094
0.033872 -0.025111 0.999111 22.509186 0.000417 0.999685 0.025111 0.511063 -0.999426 -0.000434 0.033872 4.088965
0.016958 -0.024025 0.999568 23.181675 0.000516 0.999711 0.024019 0.512144 -0.999856 0.000109 0.016966 4.008512
0.000029 -0.022907 0.999738 23.861946 0.000638 0.999737 0.022907 0.512380 -1.000000 0.000637 0.000044 3.918566
-0.016904 -0.021759 0.999620 24.549741 0.000783 0.999763 0.021775 0.511745 -0.999857 0.001151 -0.016883 3.818968
-0.033834 -0.020583 0.999215 25.244801 0.000950 0.999787 0.020626 0.510213 -0.999427 0.001648 -0.033808 3.709570
-0.050558 -0.019383 0.998533 25.947173 0.001141 0.999810 0.019466 0.507770 -0.998720 0.002124 -0.050527 3.590704
-0.067063 -0.018164 0.997583 26.656632 0.001354 0.999832 0.018296 0.504394 -0.997748 0.002578 -0.067027 3.462284
-0.083335 -0.016926 0.996378 27.372958 0.001589 0.999852 0.017118 0.500067 -0.996520 0.003010 -0.083296 3.324232
-0.099364 -0.015674 0.994928 28.095928 0.001845 0.999871 0.015936 0.494768 -0.995049 0.003419 -0.099322 3.176487
-0.115137 -0.014408 0.993245 28.825325 0.002121 0.999889 0.014750 0.488483 -0.993347 0.003805 -0.115093 3.018996
-0.130644 -0.013132 0.991342 29.560930 0.002417 0.999905 0.013564 0.481196 -0.991426 0.004168 -0.130600 2.851720
-0.145876 -0.011849 0.989232 30.302526 0.002731 0.999920 0.012380 0.472893 -0.989299 0.004508 -0.145832 2.674633
-0.160822 -0.010560 0.986927 31.049901 0.003064 0.999933 0.011198 0.463563 -0.986979 0.004825 -0.160778 2.487722
-0.175472 -0.009268 0.984441 31.802841 0.003414 0.999944 0.010022 0.453197 -0.984478 0.005119 -0.175431 2.290987
-0.189819 -0.007975 0.981787 32.561138 0.003781 0.999954 0.008854 0.441785 -0.981812 0.005392 -0.189780 2.084441
-0.203852 -0.006684 0.978979 33.324585 0.004163 0.999962 0.007694 0.429322 -0.978993 0.005644 -0.203817 1.868112
-0.217564 -0.005396 0.976031 34.092979 0.004561 0.999968 0.006545 0.415803 -0.976035 0.005875 -0.217532 1.642041
-0.230946 -0.004114 0.972958 34.866121 0.004972 0.999973 0.005408 0.401225 -0.972954 0.006086 -0.230919 1.406284
-0.243990 -0.002840 0.969774 35.643815 0.005396 0.999976 0.004286 0.385587 -0.969763 0.006279 -0.243969 1.160912
-0.256690 -0.001577 0.966493 36.425868 0.005831 0.999978 0.003180 0.368890 -0.966476 0.006452 -0.256675 0.906010
-0.269038 -0.000326 0.963129 37.212093 0.006277 0.999978 0.002092 0.351137 -0.963109 0.006608 -0.269030 0.641675
-0.281029 0.000910 0.959699 38.002306 0.006731 0.999977 0.001023 0.332333 -0.959676 0.006747 -0.281028 0.368022
-0.292656 0.002128 0.956216 38.796328 0.007191 0.999974 -0.000025 0.312484 -0.956191 0.006869 -0.292663 0.085175
-0.303913 0.003327 0.952694 39.593984 0.007658 0.999970 -0.001050 0.291600 -0.952669 0.006976 -0.303930 -0.206725
-0.314797 0.004505 0.949148 40.395104 0.008128 0.999965 -0.002051 0.269692 -0.949124 0.007069 -0.314823 -0.507527
-0.325303 0.005659 0.945593 41.199523 0.008600 0.999958 -0.003026 0.246772 -0.945571 0.007148 -0.325339 -0.817065
-0.335428 0.006788 0.942041 42.007082 0.009073 0.999951 -0.003975 0.222854 -0.942022 0.007214 -0.335473 -1.135163
-0.345167 0.007889 0.938508 42.817627 0.009544 0.999942 -0.004896 0.197956 -0.938493 0.007268 -0.345223 -1.461632
-0.354520 0.008962 0.935005 43.631008 0.010012 0.999933 -0.005788 0.172094 -0.934995 0.007309 -0.354586 -1.796274
-0.363484 0.010003 0.931547 44.447083 0.010474 0.999923 -0.006650 0.145290 -0.931542 0.007340 -0.363561 -2.138880
-0.372058 0.011010 0.928144 45.265715 0.010929 0.999912 -0.007481 0.117564 -0.928145 0.007361 -0.372145 -2.489232
-0.380247 0.011983 0.924807 46.086774 0.011375 0.999901 -0.008279 0.088941 -0.924815 0.007372 -0.380346 -2.847102
-0.388058 0.012920 0.921544 46.910134 0.011810 0.999889 -0.009045 0.059446 -0.921559 0.007374 -0.388168 -3.212258
-0.395497 0.013818 0.918363 47.735679 0.012233 0.999877 -0.009776 0.029105 -0.918386 0.007367 -0.395618 -3.584457
-0.402571 0.014677 0.915271 48.563297 0.012640 0.999865 -0.010473 -0.002052 -0.915302 0.007353 -0.402702 -3.963454
-0.409285 0.015495 0.912275 49.392882 0.013032 0.999853 -0.011135 -0.033997 -0.912314 0.007331 -0.409426 -4.348998
-0.415646 0.016271 0.909381 50.224336 0.013407 0.999841 -0.011762 -0.066697 -0.909428 0.007303 -0.415798 -4.740831
-0.421660 0.017004 0.906595 51.057567 0.013763 0.999829 -0.012352 -0.100121 -0.906650 0.007270 -0.421822 -5.138695
-0.427334 0.017694 0.903921 51.892486 0.014101 0.999817 -0.012905 -0.134236 -0.903984 0.007232 -0.427505 -5.542327
-0.432674 0.018341 0.901364 52.729015 0.014420 0.999806 -0.013422 -0.169007 -0.901435 0.007190 -0.432855 -5.951461
-0.437687 0.018944 0.898928 53.567077 0.014719 0.999795 -0.013903 -0.204400 -0.899007 0.007146 -0.437876 -6.365828
-0.442378 0.019505 0.896616 54.406601 0.014997 0.999785 -0.014350 -0.240382 -0.896703 0.007099 -0.442576 -6.785156
-0.446756 0.020025 0.894432 55.247521 0.015255 0.999775 -0.014764 -0.276918 -0.894526 0.007049 -0.446961 -7.209175
-0.450826 0.020505 0.892377 56.089778 0.015492 0.999765 -0.015146 -0.313976 -0.892478 0.006997 -0.451037 -7.637609
-0.454594 0.020946 0.890452 56.933314 0.015708 0.999757 -0.015498 -0.351523 -0.890560 0.006942 -0.454813 -8.070184
-0.458069 0.021349 0.888660 57.778077 0.015903 0.999748 -0.015820 -0.389527 -0.888775 0.006886 -0.458293 -8.506626
-0.461255 0.021715 0.887002 58.624020 0.016077 0.999741 -0.016114 -0.427956 -0.887122 0.006828 -0.461485 -8.946661
-0.464160 0.022044 0.885477 59.471096 0.016231 0.999734 -0.016381 -0.466779 -0.885602 0.006769 -0.464395 -9.390014
-0.466791 0.022339 0.884086 60.319264 0.016364 0.999728 -0.016621 -0.505965 -0.884216 0.006708 -0.467029 -9.836411
-0.469152 0.022600 0.882828 61.168482 0.016477 0.999722 -0.016836 -0.545486 -0.882964 0.006647 -0.469394 -10.285579
-0.471250 0.022829 0.881704 62.018711 0.016571 0.999718 -0.017028 -0.585311 -0.881844 0.006586 -0.471496 -10.737246
-0.473091 0.023028 0.880713 62.869916 0.016647 0.999714 -0.017197 -0.625413 -0.880856 0.006526 -0.473339 -11.191140
-0.474680 0.023198 0.879853 63.722059 0.016705 0.999710 -0.017345 -0.665765 -0.880000 0.006465 -0.474930 -11.646989
-0.476023 0.023340 0.879123 64.575108 0.016747 0.999707 -0.017474 -0.706339 -0.879274 0.006405 -0.476274 -12.104524
-0.477124 0.023457 0.878523 65.429028 0.016772 0.999705 -0.017584 -0.747112 -0.878676 0.006345 -0.477377 -12.563479
-0.477990 0.023549 0.878050 66.283789 0.016781 0.999703 -0.017677 -0.788057 -0.878205 0.006285 -0.478243 -13.023586
-0.478625 0.023618 0.877702 67.139359 0.016775 0.999702 -0.017753 -0.829152 -0.877859 0.006226 -0.478878 -13.484583
-0.479033 0.023665 0.877478 67.995708 0.016753 0.999701 -0.017816 -0.870375 -0.877637 0.006166 -0.479286 -13.946210
-0.479220 0.023692 0.877375 68.852809 0.016718 0.999701 -0.017865 -0.911704 -0.877536 0.006106 -0.479473 -14.408209
-0.479190 0.023701 0.877391 69.710633 0.016668 0.999701 -0.017902 -0.953119 -0.877553 0.006046 -0.479441 -14.870326
-0.478946 0.023692 0.877524 70.569157 0.016604 0.999701 -0.017928 -0.994603 -0.877687 0.005984 -0.479197 -15.332311
-0.478494 0.023667 0.877772 71.428356 0.016527 0.999702 -0.017946 -1.036138 -0.877935 0.005919 -0.478743 -15.793917
-0.477837 0.023628 0.878131 72.288208 0.016436 0.999704 -0.017956 -1.077708 -0.878295 0.005853 -0.478084 -16.254903
-0.476980 0.023575 0.878598 73.148695 0.016331 0.999705 -0.017959 -1.119298 -0.878763 0.005782 -0.477224 -16.715031
-0.475926 0.023510 0.879171 74.009797 0.016212 0.999707 -0.017957 -1.160897 -0.879336 0.005707 -0.476168 -17.174071
-0.474682 0.023433 0.879846 74.871500 0.016080 0.999710 -0.017950 -1.202490 -0.880011 0.005628 -0.474921 -17.631796
-0.473250 0.023344 0.880619 75.733788 0.015934 0.999712 -0.017939 -1.244067 -0.880784 0.005542 -0.473486 -18.087989
-0.471637 0.023246 0.881486 76.596648 0.015773 0.999715 -0.017925 -1.285617 -0.881652 0.005450 -0.471870 -18.542436
-0.469847 0.023139 0.882444 77.460069 0.015599 0.999718 -0.017908 -1.327132 -0.882610 0.005351 -0.470076 -18.994934
-0.467885 0.023023 0.883489 78.324043 0.015411 0.999721 -0.017890 -1.368603 -0.883655 0.005245 -0.468109 -19.445285
-0.465755 0.022900 0.884617 79.188560 0.015211 0.999725 -0.017871 -1.410022 -0.884783 0.005132 -0.465975 -19.893299
-0.463463 0.022771 0.885824 80.053616 0.014999 0.999728 -0.017852 -1.451384 -0.885989 0.005012 -0.463678 -20.338793
-0.461012 0.022636 0.887105 80.919203 0.014774 0.999732 -0.017832 -1.492682 -0.887271 0.004885 -0.461223 -20.781591
-0.458409 0.022496 0.888457 81.785318 0.014538 0.999736 -0.017812 -1.533912 -0.888623 0.004751 -0.458615 -21.221523
-0.455656 0.022352 0.889875 82.651959 0.014291 0.999740 -0.017794 -1.575070 -0.890041 0.004610 -0.455857 -21.658428
-0.452759 0.022205 0.891356 83.519122 0.014034 0.999743 -0.017776 -1.616152 -0.891523 0.004461 -0.452954 -22.092150
-0.449721 0.022055 0.892897 84.386806 0.013768 0.999747 -0.017760 -1.657157 -0.893063 0.004306 -0.449912 -22.522538
-0.446548 0.021905 0.894492 85.255010 0.013493 0.999751 -0.017747 -1.698082 -0.894658 0.004145 -0.446732 -22.949451
-0.443242 0.021754 0.896138 86.123733 0.013211 0.999755 -0.017736 -1.738927 -0.896305 0.003978 -0.443421 -23.372751
-0.439807 0.021605 0.897832 86.992975 0.012922 0.999759 -0.017728 -1.779692 -0.897999 0.003805 -0.439981 -23.792308
-0.436249 0.021457 0.899570 87.862735 0.012628 0.999763 -0.017723 -1.820378 -0.899738 0.003628 -0.436416 -24.207995
-0.432570 0.021313 0.901349 88.733013 0.012329 0.999767 -0.017723 -1.860986 -0.901516 0.003446 -0.432732 -24.619694
-0.428774 0.021173 0.903164 89.603807 0.012026 0.999771 -0.017728 -1.901519 -0.903332 0.003260 -0.428930 -25.027290
-0.424866 0.021038 0.905012 90.475115 0.011720 0.999774 -0.017739 -1.941981 -0.905180 0.003070 -0.425017 -25.430673
-0.420850 0.020910 0.906889 91.346932 0.011412 0.999777 -0.017756 -1.982377 -0.907059 0.002877 -0.420995 -25.829741
-0.416729 0.020789 0.908793 92.219256 0.011102 0.999780 -0.017779 -2.022711 -0.908963 0.002681 -0.416869 -26.224394
-0.412509 0.020677 0.910719 93.092079 0.010792 0.999783 -0.017810 -2.062989 -0.910890 0.002482 -0.412642 -26.614539
-0.408192 0.020574 0.912664 93.965394 0.010482 0.999786 -0.017849 -2.103219 -0.912836 0.002281 -0.408320 -27.000089
-0.403784 0.020481 0.914625 94.839191 0.010173 0.999788 -0.017898 -2.143407 -0.914798 0.002077 -0.403906 -27.380959
-0.399288 0.020400 0.916598 95.713460 0.009863 0.999790 -0.017955 -2.183562 -0.916772 0.001872 -0.399406 -27.757072
-0.394710 0.020330 0.918581 96.588188 0.009555 0.999792 -0.018021 -2.223691 -0.918756 0.001664 -0.394822 -28.128356
-0.390054 0.020270 0.920569 97.463362 0.009248 0.999793 -0.018096 -2.263803 -0.920745 0.001455 -0.390161 -28.494744
-0.385325 0.020222 0.922559 98.338965 0.008943 0.999795 -0.018180 -2.303905 -0.922738 0.001246 -0.385427 -28.856173
-0.380527 0.020185 0.924550 99.214978 0.008641 0.999796 -0.018272 -2.344007 -0.924730 0.001036 -0.380624 -29.212589
-0.375665 0.020160 0.926536 100.091383 0.008341 0.999796 -0.018372 -2.384115 -0.926718 0.000826 -0.375756 -29.563939
-0.370743 0.020146 0.928517 100.968156 0.008044 0.999797 -0.018481 -2.424239 -0.928701 0.000617 -0.370830 -29.910177
-0.365767 0.020145 0.930489 101.845273 0.007751 0.999797 -0.018599 -2.464386 -0.930674 0.000409 -0.365849 -30.251263
-0.360741 0.020155 0.932448 102.722709 0.007461 0.999797 -0.018725 -2.504564 -0.932636 0.000202 -0.360818 -30.587158
-0.355669 0.020178 0.934394 103.600436 0.007174 0.999796 -0.018860 -2.544783 -0.934584 -0.000004 -0.355742 -30.917833
-0.350558 0.020212 0.936323 104.478425 0.006891 0.999796 -0.019002 -2.585049 -0.936516 -0.000209 -0.350626 -31.243261
-0.345412 0.020258 0.938232 105.356645 0.006611 0.999795 -0.019153 -2.625371 -0.938428 -0.000413 -0.345475 -31.563421
-0.340236 0.020314 0.940121 106.235063 0.006334 0.999793 -0.019311 -2.665756 -0.940319 -0.000615 -0.340294 -31.878296
-0.335034 0.020382 0.941986 107.113645 0.006061 0.999792 -0.019477 -2.706212 -0.942187 -0.000816 -0.335087 -32.187876
-0.329810 0.020460 0.943825 107.992354 0.005790 0.999790 -0.019649 -2.746746 -0.944029 -0.001016 -0.329860 -32.492154
-0.324571 0.020548 0.945638 108.871152 0.005523 0.999788 -0.019830 -2.787365 -0.945845 -0.001214 -0.324615 -32.791129
-0.319318 0.020648 0.947423 109.749998 0.005259 0.999786 -0.020017 -2.828076 -0.947633 -0.001409 -0.319358 -33.084802
-0.314057 0.020758 0.949177 110.628852 0.004999 0.999783 -0.020211 -2.868884 -0.949391 -0.001602 -0.314092 -33.373179
-0.308790 0.020879 0.950901 111.507670 0.004744 0.999780 -0.020412 -2.909796 -0.951118 -0.001792 -0.308821 -33.656270
-0.303521 0.021010 0.952593 112.386407 0.004493 0.999777 -0.020619 -2.950818 -0.952814 -0.001978 -0.303548 -33.934088
-0.298252 0.021151 0.954253 113.265016 0.004248 0.999774 -0.020832 -2.991954 -0.954478 -0.002160 -0.298275 -34.206646
-0.292986 0.021301 0.955879 114.143450 0.004008 0.999770 -0.021051 -3.033209 -0.956108 -0.002337 -0.293004 -34.473962
-0.287725 0.021460 0.957473 115.021657 0.003773 0.999767 -0.021274 -3.074585 -0.957706 -0.002508 -0.287739 -34.736054
-0.282471 0.021628 0.959032 115.899587 0.003546 0.999763 -0.021502 -3.116086 -0.959269 -0.002673 -0.282480 -34.992944
-0.277224 0.021803 0.960558 116.777184 0.003326 0.999758 -0.021732 -3.157714 -0.960800 -0.002830 -0.277230 -35.244654
-0.271986 0.021985 0.962050 117.654394 0.003114 0.999754 -0.021966 -3.199470 -0.962296 -0.002979 -0.271987 -35.491206
-0.266756 0.022175 0.963509 118.531158 0.002911 0.999749 -0.022203 -3.241355 -0.963760 -0.003118 -0.266754 -35.732624
-0.261535 0.022372 0.964935 119.407419 0.002717 0.999744 -0.022442 -3.283371 -0.965190 -0.003247 -0.261529 -35.968930
-0.256322 0.022575 0.966328 120.283114 0.002533 0.999739 -0.022683 -3.325516 -0.966588 -0.003366 -0.256312 -36.200147
-0.251117 0.022784 0.967689 121.158182 0.002359 0.999734 -0.022926 -3.367791 -0.967954 -0.003474 -0.251104 -36.426295
-0.245919 0.022999 0.969018 122.032559 0.002194 0.999729 -0.023171 -3.410194 -0.969288 -0.003572 -0.245903 -36.647395
-0.240727 0.023220 0.970315 122.906178 0.002039 0.999724 -0.023417 -3.452726 -0.970591 -0.003659 -0.240707 -36.863466
-0.235539 0.023446 0.971582 123.778974 0.001893 0.999718 -0.023666 -3.495384 -0.971863 -0.003735 -0.235517 -37.074526
-0.230357 0.023678 0.972818 124.650877 0.001755 0.999712 -0.023917 -3.538168 -0.973105 -0.003802 -0.230332 -37.280594
-0.225177 0.023916 0.974024 125.521818 0.001626 0.999707 -0.024171 -3.581077 -0.974317 -0.003859 -0.225150 -37.481687
-0.220000 0.024159 0.975201 126.391725 0.001505 0.999700 -0.024427 -3.624108 -0.975499 -0.003907 -0.219971 -37.677823
-0.214825 0.024408 0.976347 127.260528 0.001391 0.999694 -0.024686 -3.667261 -0.976652 -0.003945 -0.214794 -37.869017
-0.209652 0.024662 0.977465 128.128153 0.001283 0.999688 -0.024947 -3.710534 -0.977775 -0.003976 -0.209618 -38.055288
-0.204480 0.024920 0.978554 128.994527 0.001182 0.999681 -0.025211 -3.753926 -0.978870 -0.003999 -0.204444 -38.236649
-0.199309 0.025182 0.979613 129.859576 0.001084 0.999675 -0.025477 -3.797434 -0.979936 -0.004016 -0.199271 -38.413117
-0.194139 0.025448 0.980644 130.723224 0.000990 0.999668 -0.025746 -3.841056 -0.980974 -0.004027 -0.194100 -38.584709
-0.188970 0.025717 0.981646 131.585399 0.000900 0.999661 -0.026016 -3.884790 -0.981982 -0.004033 -0.188929 -38.751441
-0.183802 0.025988 0.982620 132.446025 0.000811 0.999654 -0.026287 -3.928633 -0.982963 -0.004035 -0.183760 -38.913330
-0.178636 0.026260 0.983565 133.305028 0.000723 0.999647 -0.026558 -3.972580 -0.983915 -0.004033 -0.178592 -39.070394
-0.173471 0.026532 0.984482 134.162335 0.000637 0.999640 -0.026828 -4.016628 -0.984839 -0.004027 -0.173425 -39.222652
-0.168308 0.026803 0.985370 135.017872 0.000551 0.999633 -0.027097 -4.060771 -0.985734 -0.004018 -0.168261 -39.370122
-0.163147 0.027072 0.986230 135.871566 0.000464 0.999625 -0.027363 -4.105005 -0.986602 -0.004007 -0.163098 -39.512824
-0.157988 0.027338 0.987063 136.723348 0.000377 0.999618 -0.027625 -4.149322 -0.987441 -0.003993 -0.157938 -39.650779
-0.152831 0.027599 0.987867 137.573147 0.000288 0.999611 -0.027883 -4.193717 -0.988252 -0.003977 -0.152779 -39.784007
-0.147675 0.027855 0.988644 138.420895 0.000199 0.999604 -0.028134 -4.238180 -0.989036 -0.003958 -0.147622 -39.912530
-0.142520 0.028103 0.989393 139.266523 0.000108 0.999597 -0.028378 -4.282705 -0.989792 -0.003938 -0.142466 -40.036367
-0.137365 0.028344 0.990115 140.109966 0.000015 0.999591 -0.028614 -4.327282 -0.990520 -0.003915 -0.137309 -40.155538
-0.132208 0.028577 0.990810 140.951158 -0.000079 0.999584 -0.028841 -4.371902 -0.991222 -0.003891 -0.132151 -40.270063
-0.127048 0.028800 0.991478 141.790036 -0.000175 0.999578 -0.029058 -4.416554 -0.991897 -0.003866 -0.126989 -40.379959
-0.121882 0.029013 0.992120 142.626538 -0.000274 0.999572 -0.029264 -4.461229 -0.992545 -0.003839 -0.121822 -40.485243
-0.116709 0.029214 0.992736 143.460605 -0.000375 0.999566 -0.029459 -4.505915 -0.993166 -0.003811 -0.116647 -40.585928
-0.111524 0.029403 0.993327 144.292177 -0.000479 0.999560 -0.029641 -4.550600 -0.993762 -0.003782 -0.111461 -40.682029
-0.106326 0.029578 0.993891 145.121199 -0.000586 0.999555 -0.029809 -4.595272 -0.994331 -0.003752 -0.106262 -40.773556
-0.101111 0.029739 0.994431 145.947616 -0.000695 0.999551 -0.029963 -4.639918 -0.994875 -0.003721 -0.101045 -40.860518
-0.095874 0.029885 0.994945 146.771377 -0.000808 0.999547 -0.030101 -4.684524 -0.995393 -0.003690 -0.095807 -40.942921
-0.090614 0.030014 0.995434 147.592430 -0.000923 0.999543 -0.030222 -4.729076 -0.995886 -0.003657 -0.090544 -41.020768
-0.085324 0.030127 0.995898 148.410731 -0.001041 0.999540 -0.030326 -4.773559 -0.996353 -0.003624 -0.085253 -41.094062
-0.080002 0.030221 0.996336 149.226234 -0.001161 0.999537 -0.030412 -4.817957 -0.996794 -0.003589 -0.079930 -41.162800
-0.074644 0.030297 0.996750 150.038899 -0.001283 0.999535 -0.030478 -4.862255 -0.997209 -0.003554 -0.074570 -41.226977
-0.069245 0.030352 0.997138 150.848688 -0.001408 0.999533 -0.030523 -4.906436 -0.997599 -0.003517 -0.069170 -41.286586
-0.063802 0.030386 0.997500 151.655566 -0.001535 0.999532 -0.030546 -4.950482 -0.997961 -0.003480 -0.063725 -41.341617
-0.058311 0.030397 0.997836 152.459502 -0.001664 0.999532 -0.030546 -4.994375 -0.998297 -0.003442 -0.058233 -41.392057
-0.052771 0.030384 0.998144 153.260466 -0.001797 0.999533 -0.030521 -5.038095 -0.998605 -0.003404 -0.052691 -41.437892
-0.047177 0.030346 0.998425 154.058434 -0.001932 0.999534 -0.030471 -5.081625 -0.998885 -0.003366 -0.047097 -41.479107
-0.041530 0.030283 0.998678 154.853383 -0.002070 0.999536 -0.030395 -5.124944 -0.999135 -0.003330 -0.041448 -41.515684
-0.035826 0.030193 0.998902 155.645293 -0.002211 0.999539 -0.030291 -5.168032 -0.999356 -0.003294 -0.035742 -41.547606
-0.030064 0.030076 0.999095 156.434150 -0.002355 0.999542 -0.030160 -5.210870 -0.999545 -0.003260 -0.029980 -41.574856
-0.024246 0.029932 0.999258 157.219940 -0.002502 0.999547 -0.030001 -5.253436 -0.999703 -0.003228 -0.024160 -41.597414
-0.018370 0.029761 0.999388 158.002654 -0.002653 0.999552 -0.029814 -5.295710 -0.999828 -0.003199 -0.018283 -41.615261
-0.012438 0.029562 0.999486 158.782285 -0.002807 0.999558 -0.029599 -5.337671 -0.999919 -0.003174 -0.012350 -41.628381
-0.006451 0.029337 0.999549 159.558831 -0.002965 0.999565 -0.029357 -5.379300 -0.999975 -0.003153 -0.006361 -41.636754
-0.000410 0.029085 0.999577 160.332292 -0.003127 0.999572 -0.029086 -5.420576 -0.999995 -0.003137 -0.000319 -41.640366
0.005682 0.028806 0.999569 161.102675 -0.003293 0.999580 -0.028787 -5.461480 -0.999978 -0.003128 0.005774 -41.639200
0.011822 0.028500 0.999524 161.869985 -0.003463 0.999589 -0.028461 -5.501992 -0.999924 -0.003124 0.011915 -41.633245
0.018007 0.028167 0.999441 162.634237 -0.003636 0.999598 -0.028106 -5.542093 -0.999831 -0.003127 0.018102 -41.622490
0.024233 0.027807 0.999320 163.395444 -0.003811 0.999608 -0.027723 -5.581764 -0.999699 -0.003137 0.024330 -41.606927
0.030498 0.027421 0.999159 164.153627 -0.003989 0.999619 -0.027312 -5.620985 -0.999527 -0.003153 0.030596 -41.586550
0.036796 0.027009 0.998958 164.908810 -0.004168 0.999630 -0.026873 -5.659739 -0.999314 -0.003175 0.036895 -41.561355
0.043123 0.026569 0.998716 165.661019 -0.004348 0.999642 -0.026406 -5.698007 -0.999060 -0.003204 0.043223 -41.531341
0.049476 0.026101 0.998434 166.410287 -0.004528 0.999654 -0.025909 -5.735769 -0.998765 -0.003239 0.049577 -41.496509
0.055850 0.025605 0.998111 167.156649 -0.004706 0.999667 -0.025382 -5.773008 -0.998428 -0.003280 0.055951 -41.456861
0.062240 0.025080 0.997746 167.900145 -0.004884 0.999680 -0.024824 -5.809704 -0.998049 -0.003327 0.062342 -41.412402
0.068643 0.024527 0.997340 168.640817 -0.005058 0.999693 -0.024236 -5.845840 -0.997628 -0.003381 0.068746 -41.363140
0.075055 0.023944 0.996892 169.378711 -0.005228 0.999707 -0.023618 -5.881395 -0.997166 -0.003439 0.075158 -41.309083
0.081472 0.023332 0.996402 170.113876 -0.005393 0.999722 -0.022969 -5.916352 -0.996661 -0.003502 0.081576 -41.250241
0.087892 0.022692 0.995872 170.846365 -0.005551 0.999736 -0.022291 -5.950691 -0.996115 -0.003569 0.087995 -41.186627
0.094310 0.022024 0.995299 171.576235 -0.005702 0.999751 -0.021583 -5.984395 -0.995527 -0.003640 0.094412 -41.118252
0.100724 0.021329 0.994686 172.303543 -0.005846 0.999766 -0.020846 -6.017445 -0.994897 -0.003715 0.100825 -41.045128
0.107132 0.020607 0.994031 173.028352 -0.005981 0.999780 -0.020081 -6.049826 -0.994227 -0.003794 0.107232 -40.967269
0.113530 0.019859 0.993336 173.750726 -0.006108 0.999795 -0.019290 -6.081520 -0.993516 -0.003877 0.113628 -40.884689
0.119917 0.019086 0.992601 174.470733 -0.006225 0.999810 -0.018472 -6.112513 -0.992764 -0.003963 0.120013 -40.797401
0.126289 0.018288 0.991825 175.188442 -0.006332 0.999825 -0.017630 -6.142788 -0.991973 -0.004053 0.126383 -40.705421
0.132645 0.017468 0.991010 175.903924 -0.006429 0.999839 -0.016764 -6.172332 -0.991143 -0.004147 0.132736 -40.608761
0.138982 0.016627 0.990155 176.617255 -0.006516 0.999853 -0.015875 -6.201130 -0.990273 -0.004245 0.139070 -40.507437
0.145298 0.015765 0.989262 177.328509 -0.006593 0.999866 -0.014966 -6.229170 -0.989366 -0.004347 0.145382 -40.401463
0.151588 0.014885 0.988332 178.037768 -0.006660 0.999879 -0.014037 -6.256440 -0.988421 -0.004455 0.151669 -40.290856
0.157849 0.013986 0.987364 178.745111 -0.006718 0.999892 -0.013089 -6.282928 -0.987440 -0.004567 0.157926 -40.175632
0.164078 0.013070 0.986361 179.450623 -0.006766 0.999904 -0.012124 -6.308623 -0.986424 -0.004685 0.164151 -40.055812
0.170270 0.012138 0.985323 180.154390 -0.006805 0.999915 -0.011141 -6.333515 -0.985374 -0.004808 0.170338 -39.931415
0.176420 0.011190 0.984251 180.856499 -0.006835 0.999925 -0.010144 -6.357595 -0.984291 -0.004938 0.176484 -39.802466
0.182524 0.010230 0.983148 181.557041 -0.006856 0.999935 -0.009131 -6.380853 -0.983178 -0.005074 0.182582 -39.668990
0.188575 0.009256 0.982015 182.256108 -0.006868 0.999944 -0.008106 -6.403282 -0.982035 -0.005216 0.188628 -39.531017
0.194568 0.008271 0.980854 182.953794 -0.006872 0.999951 -0.007069 -6.424874 -0.980865 -0.005365 0.194616 -39.388579
0.200498 0.007275 0.979667 183.650195 -0.006867 0.999958 -0.006020 -6.445623 -0.979670 -0.005520 0.200540 -39.241711
0.206357 0.006270 0.978457 184.345405 -0.006854 0.999964 -0.004963 -6.465524 -0.978453 -0.005682 0.206393 -39.090452
0.212141 0.005258 0.977225 185.039522 -0.006833 0.999969 -0.003897 -6.484570 -0.977215 -0.005850 0.212170 -38.934846
0.217842 0.004238 0.975975 185.732643 -0.006804 0.999973 -0.002824 -6.502757 -0.975960 -0.006026 0.217865 -38.774937
0.223456 0.003214 0.974709 186.424865 -0.006769 0.999976 -0.001745 -6.520084 -0.974691 -0.006208 0.223472 -38.610777
0.228975 0.002185 0.973430 187.116284 -0.006727 0.999977 -0.000663 -6.536546 -0.973409 -0.006397 0.228985 -38.442417
0.234395 0.001155 0.972141 187.806996 -0.006680 0.999978 0.000423 -6.552143 -0.972118 -0.006593 0.234398 -38.269917
0.239710 0.000123 0.970844 188.497097 -0.006628 0.999977 0.001510 -6.566873 -0.970822 -0.006797 0.239706 -38.093336
0.244916 -0.000908 0.969544 189.186679 -0.006571 0.999975 0.002596 -6.580737 -0.969522 -0.007007 0.244904 -37.912738
0.250006 -0.001936 0.968242 189.875838 -0.006511 0.999972 0.003681 -6.593735 -0.968222 -0.007225 0.249987 -37.728191
0.254978 -0.002961 0.966942 190.564664 -0.006448 0.999968 0.004763 -6.605871 -0.966925 -0.007449 0.254951 -37.539764
0.259827 -0.003982 0.965647 191.253251 -0.006383 0.999963 0.005841 -6.617146 -0.965634 -0.007681 0.259792 -37.347529
0.264551 -0.004997 0.964359 191.941688 -0.006316 0.999956 0.006914 -6.627563 -0.964351 -0.007920 0.264508 -37.151561
0.269147 -0.006006 0.963080 192.630064 -0.006248 0.999949 0.007982 -6.637127 -0.963079 -0.008166 0.269096 -36.951936
0.273612 -0.007009 0.961815 193.318467 -0.006180 0.999940 0.009045 -6.645842 -0.961820 -0.008419 0.273552 -36.748731
0.277945 -0.008004 0.960564 194.006982 -0.006112 0.999930 0.010101 -6.653713 -0.960577 -0.008679 0.277877 -36.542025
0.282145 -0.008993 0.959330 194.695695 -0.006046 0.999920 0.011152 -6.660744 -0.959353 -0.008946 0.282068 -36.331897
0.286211 -0.009974 0.958115 195.384686 -0.005980 0.999908 0.012196 -6.666942 -0.958148 -0.009220 0.286125 -36.118429
0.290143 -0.010948 0.956921 196.074037 -0.005916 0.999895 0.013233 -6.672311 -0.956965 -0.009501 0.290047 -35.901702
0.293941 -0.011914 0.955749 196.763824 -0.005854 0.999881 0.014264 -6.676857 -0.955806 -0.009788 0.293836 -35.681796
0.297607 -0.012872 0.954602 197.454122 -0.005794 0.999866 0.015289 -6.680586 -0.954671 -0.010081 0.297492 -35.458791
0.301141 -0.013822 0.953479 198.145005 -0.005737 0.999851 0.016307 -6.683503 -0.953562 -0.010381 0.301017 -35.232767
0.304547 -0.014765 0.952383 198.836541 -0.005684 0.999834 0.017318 -6.685612 -0.952480 -0.010687 0.304413 -35.003801
0.307826 -0.015701 0.951313 199.528799 -0.005634 0.999816 0.018324 -6.686919 -0.951426 -0.011000 0.307681 -34.771969
0.310982 -0.016628 0.950270 200.221840 -0.005589 0.999798 0.019324 -6.687429 -0.950399 -0.011321 0.310826 -34.537346
0.314017 -0.017548 0.949255 200.915725 -0.005550 0.999778 0.020318 -6.687145 -0.949401 -0.011649 0.313850 -34.300004
0.316935 -0.018457 0.948268 201.610508 -0.005517 0.999758 0.021304 -6.686074 -0.948431 -0.011984 0.316756 -34.060013
0.319740 -0.019356 0.947308 202.306243 -0.005492 0.999737 0.022281 -6.684219 -0.947489 -0.012326 0.319550 -33.817442
0.322436 -0.020243 0.946375 203.002977 -0.005474 0.999715 0.023249 -6.681586 -0.946575 -0.012676 0.322233 -33.572355
0.325026 -0.021118 0.945469 203.700758 -0.005464 0.999692 0.024207 -6.678180 -0.945689 -0.013034 0.324811 -33.324817
0.327514 -0.021979 0.944590 204.399626 -0.005465 0.999669 0.025155 -6.674008 -0.944830 -0.013400 0.327286 -33.074888
0.329905 -0.022827 0.943738 205.099623 -0.005475 0.999645 0.026093 -6.669077 -0.943998 -0.013775 0.329663 -32.822627
0.332201 -0.023660 0.942912 205.800782 -0.005496 0.999620 0.027020 -6.663393 -0.943193 -0.014158 0.331944 -32.568092
0.334406 -0.024480 0.942111 206.503137 -0.005528 0.999594 0.027936 -6.656963 -0.942413 -0.014550 0.334135 -32.311339
0.336523 -0.025285 0.941336 207.206716 -0.005572 0.999568 0.028841 -6.649792 -0.941659 -0.014951 0.336237 -32.052421
0.338556 -0.026076 0.940585 207.911545 -0.005627 0.999542 0.029736 -6.641888 -0.940929 -0.015360 0.338254 -31.791389
0.340507 -0.026851 0.939858 208.617643 -0.005695 0.999515 0.030619 -6.633255 -0.940225 -0.015779 0.340189 -31.528295
0.342381 -0.027612 0.939155 209.325031 -0.005776 0.999487 0.031491 -6.623900 -0.939543 -0.016207 0.342046 -31.263187
0.344180 -0.028357 0.938475 210.033722 -0.005870 0.999459 0.032353 -6.613828 -0.938885 -0.016644 0.343827 -30.996111
0.345907 -0.029087 0.937818 210.743728 -0.005977 0.999431 0.033203 -6.603045 -0.938250 -0.017090 0.345536 -30.727114
0.347565 -0.029803 0.937182 211.455057 -0.006096 0.999402 0.034042 -6.591557 -0.937636 -0.017545 0.347175 -30.456239
0.349158 -0.030503 0.936567 212.167715 -0.006229 0.999372 0.034871 -6.579368 -0.937043 -0.018009 0.348748 -30.183531
0.350689 -0.031188 0.935973 212.881701 -0.006374 0.999343 0.035688 -6.566485 -0.936470 -0.018481 0.350259 -29.909029
0.352162 -0.031859 0.935397 213.597014 -0.006532 0.999312 0.036495 -6.552912 -0.935916 -0.018962 0.351712 -29.632773
0.353581 -0.032514 0.934839 214.313648 -0.006701 0.999282 0.037290 -6.538655 -0.935380 -0.019450 0.353109 -29.354799
0.354950 -0.033155 0.934297 215.031593 -0.006882 0.999251 0.038074 -6.523718 -0.934860 -0.019944 0.354456 -29.075143
0.356274 -0.033781 0.933771 215.750836 -0.007074 0.999220 0.038847 -6.508107 -0.934355 -0.020445 0.355758 -28.793836
0.357558 -0.034392 0.933257 216.471362 -0.007276 0.999189 0.039609 -6.491826 -0.933862 -0.020953 0.357018 -28.510905
0.358807 -0.034988 0.932756 217.193150 -0.007487 0.999157 0.040359 -6.474881 -0.933382 -0.021465 0.358243 -28.226377
0.360026 -0.035571 0.932264 217.916176 -0.007709 0.999125 0.041099 -6.457275 -0.932911 -0.021983 0.359436 -27.940273
0.361220 -0.036140 0.931780 218.640416 -0.007939 0.999093 0.041828 -6.439013 -0.932447 -0.022507 0.360605 -27.652611
0.362395 -0.036695 0.931302 219.365840 -0.008179 0.999061 0.042547 -6.420099 -0.931989 -0.023036 0.361755 -27.363404
0.363557 -0.037237 0.930828 220.092418 -0.008427 0.999028 0.043256 -6.400538 -0.931534 -0.023570 0.362890 -27.072663
0.364710 -0.037766 0.930355 220.820116 -0.008683 0.998996 0.043956 -6.380334 -0.931081 -0.024110 0.364016 -26.780395
0.365861 -0.038282 0.929882 221.548899 -0.008947 0.998963 0.044646 -6.359491 -0.930626 -0.024654 0.365139 -26.486604
0.367014 -0.038786 0.929406 222.278731 -0.009218 0.998930 0.045328 -6.338013 -0.930170 -0.025203 0.366264 -26.191288
0.368175 -0.039279 0.928927 223.009575 -0.009494 0.998896 0.046001 -6.315905 -0.929708 -0.025756 0.367395 -25.894443
0.369347 -0.039760 0.928440 223.741392 -0.009777 0.998863 0.046666 -6.293170 -0.929240 -0.026313 0.368538 -25.596064
0.370536 -0.040231 0.927946 224.474142 -0.010064 0.998829 0.047323 -6.269812 -0.928763 -0.026874 0.369698 -25.296139
0.371746 -0.040692 0.927442 225.207783 -0.010355 0.998795 0.047973 -6.245835 -0.928277 -0.027438 0.370877 -24.994655
0.372981 -0.041142 0.926926 225.942275 -0.010650 0.998761 0.048615 -6.221242 -0.927778 -0.028004 0.372080 -24.691597
0.374243 -0.041581 0.926398 226.677573 -0.010947 0.998727 0.049250 -6.196037 -0.927266 -0.028572 0.373312 -24.386946
0.375538 -0.042010 0.925855 227.413633 -0.011245 0.998692 0.049876 -6.170223 -0.926739 -0.029142 0.374574 -24.080681
0.376867 -0.042427 0.925295 228.150411 -0.011545 0.998658 0.050493 -6.143806 -0.926196 -0.029711 0.375871 -23.772781
0.378233 -0.042834 0.924719 228.887862 -0.011844 0.998623 0.051102 -6.116788 -0.925635 -0.030281 0.377205 -23.463221
0.379638 -0.043229 0.924125 229.625940 -0.012144 0.998589 0.051701 -6.089174 -0.925055 -0.030850 0.378577 -23.151975
0.381085 -0.043612 0.923511 230.364600 -0.012442 0.998554 0.052290 -6.060968 -0.924456 -0.031418 0.379992 -22.839015
0.382575 -0.043984 0.922877 231.103795 -0.012740 0.998520 0.052870 -6.032175 -0.923836 -0.031984 0.381449 -22.524312
0.384110 -0.044343 0.922222 231.843480 -0.013036 0.998486 0.053440 -6.002800 -0.923195 -0.032549 0.382950 -22.207837
0.385690 -0.044691 0.921545 232.583608 -0.013330 0.998452 0.054000 -5.972847 -0.922532 -0.033112 0.384497 -21.889559
0.387316 -0.045026 0.920847 233.324133 -0.013623 0.998418 0.054549 -5.942322 -0.921846 -0.033672 0.386090 -21.569447
0.388988 -0.045348 0.920126 234.065010 -0.013914 0.998385 0.055087 -5.911229 -0.921138 -0.034231 0.387729 -21.247471
0.390706 -0.045656 0.919383 234.806191 -0.014203 0.998351 0.055613 -5.879574 -0.920406 -0.034786 0.389413 -20.923602
0.392468 -0.045947 0.918617 235.547631 -0.014490 0.998319 0.056124 -5.847366 -0.919651 -0.035338 0.391143 -20.597810
0.394275 -0.046223 0.917829 236.289285 -0.014775 0.998286 0.056621 -5.814610 -0.918874 -0.035886 0.392917 -20.270068
0.396125 -0.046482 0.917019 237.031110 -0.015058 0.998255 0.057104 -5.781314 -0.918073 -0.036429 0.394734 -19.940349
0.398016 -0.046725 0.916188 237.773064 -0.015337 0.998224 0.057572 -5.747488 -0.917250 -0.036966 0.396592 -19.608627
0.399946 -0.046954 0.915335 238.515106 -0.015614 0.998193 0.058027 -5.713139 -0.916406 -0.037499 0.398490 -19.274880
0.401914 -0.047168 0.914462 239.257196 -0.015886 0.998163 0.058467 -5.678277 -0.915540 -0.038026 0.400426 -18.939084
0.403917 -0.047367 0.913568 239.999294 -0.016155 0.998134 0.058894 -5.642910 -0.914653 -0.038547 0.402398 -18.601217
0.405955 -0.047552 0.912655 240.741362 -0.016419 0.998105 0.059307 -5.607045 -0.913746 -0.039061 0.404405 -18.261261
0.408024 -0.047722 0.911723 241.483363 -0.016679 0.998077 0.059707 -5.570693 -0.912819 -0.039568 0.406444 -17.919197
0.410124 -0.047879 0.910772 242.225260 -0.016934 0.998049 0.060092 -5.533861 -0.911873 -0.040068 0.408513 -17.575006
0.412251 -0.048021 0.909804 242.967018 -0.017185 0.998022 0.060464 -5.496559 -0.910908 -0.040561 0.410611 -17.228674
0.414405 -0.048148 0.908818 243.708604 -0.017431 0.997996 0.060821 -5.458795 -0.909926 -0.041046 0.412736 -16.880184
0.416584 -0.048261 0.907815 244.449986 -0.017673 0.997971 0.061163 -5.420581 -0.908926 -0.041523 0.414886 -16.529526
0.418785 -0.048359 0.906797 245.191134 -0.017910 0.997947 0.061492 -5.381927 -0.907909 -0.041992 0.417059 -16.176685
0.421007 -0.048444 0.905763 245.932017 -0.018141 0.997923 0.061805 -5.342843 -0.906876 -0.042452 0.419254 -15.821651
0.423249 -0.048514 0.904713 246.672611 -0.018368 0.997901 0.062104 -5.303342 -0.905827 -0.042903 0.421470 -15.464414
0.425509 -0.048570 0.903650 247.412887 -0.018589 0.997879 0.062388 -5.263435 -0.904763 -0.043345 0.423704 -15.104964
0.427786 -0.048612 0.902572 248.152824 -0.018806 0.997858 0.062657 -5.223134 -0.903684 -0.043778 0.425955 -14.743291
0.430078 -0.048640 0.901481 248.892399 -0.019019 0.997838 0.062912 -5.182452 -0.902592 -0.044202 0.428223 -14.379387
0.432382 -0.048654 0.900377 249.631591 -0.019228 0.997819 0.063153 -5.141402 -0.901485 -0.044618 0.430504 -14.013243
0.434699 -0.048654 0.899261 250.370382 -0.019432 0.997800 0.063379 -5.099996 -0.900366 -0.045026 0.432797 -13.644852
0.437026 -0.048640 0.898133 251.108755 -0.019634 0.997783 0.063591 -5.058248 -0.899235 -0.045425 0.435102 -13.274208
0.439361 -0.048612 0.896994 251.846696 -0.019833 0.997766 0.063788 -5.016171 -0.898092 -0.045816 0.437415 -12.901303
0.441702 -0.048571 0.895846 252.584192 -0.020030 0.997751 0.063972 -4.973778 -0.896938 -0.046201 0.439736 -12.526133
0.444047 -0.048514 0.894689 253.321232 -0.020227 0.997736 0.064141 -4.931084 -0.895775 -0.046578 0.442060 -12.148695
0.446394 -0.048443 0.893524 254.057808 -0.020422 0.997722 0.064295 -4.888102 -0.894604 -0.046949 0.444387 -11.768985
0.448739 -0.048358 0.892354 254.793915 -0.020618 0.997709 0.064435 -4.844848 -0.893425 -0.047313 0.446714 -11.387005
0.451080 -0.048257 0.891178 255.529549 -0.020815 0.997697 0.064561 -4.801336 -0.892241 -0.047672 0.449037 -11.002756
